0.13270974159240723||-0.00|-0.00|0.01|0.00|0.00|0.00|-0.00|-0.00|-0.00|-0.00|-0.00|0.00|0.00|0.01|-0.04|0.00|-0.05|0.00|-0.05|-1.00|-8.00|4.00|-14.00
0.27631187438964844|0.07|0.00|-0.00|0.00|0.00|0.00|0.00|-0.00|0.00|0.00|-0.00|-0.00|-0.00|0.00|0.00|0.00|0.00|0.00|-0.05|0.00|-0.05|-1.00|-8.00|4.00|-14.00
0.41991209983825684|0.08|0.00|0.00|-0.00|-0.00|0.00|0.00|-0.00|0.00|0.00|-0.00|-0.00|-0.00|0.00|0.00|0.00|0.00|0.00|-0.05|0.00|-0.05|-1.00|-8.00|4.00|-14.00
0.5625507831573486|0.08|0.00|-0.00|-0.00|0.00|0.00|0.00|-0.00|0.00|0.00|-0.00|-0.00|-0.00|0.00|0.00|0.00|0.00|0.00|-0.05|0.00|-0.05|-1.00|-8.00|4.00|-14.00
0.7021756172180176|0.08|-0.00|0.00|-0.00|0.00|0.00|0.00|-0.00|0.00|-0.00|0.00|-0.00|-0.00|0.00|0.00|0.00|0.00|0.00|-0.05|0.00|-0.05|-1.00|-8.00|4.00|-14.00
0.8498778343200684|0.08|-0.00|-0.00|0.00|-0.00|0.00|0.00|-0.00|0.00|-0.00|0.00|-0.00|-0.00|0.00|0.00|0.00|0.00|0.00|-0.05|0.00|-0.05|-1.00|-8.00|4.00|-14.00
0.9893651008605957|0.07|0.00|0.00|-0.00|0.00|0.00|0.00|-0.00|0.00|-0.00|0.00|-0.00|-0.00|0.00|0.00|0.00|0.00|0.00|-0.05|0.00|-0.05|-1.00|-8.00|4.00|-14.00
1.1320273876190186|0.10|-0.09|0.09|0.01|-0.01|0.00|0.00|-0.00|0.00|-0.01|0.01|0.00|-0.00|0.00|0.08|0.00|0.00|-0.00|-0.05|0.00|-0.05|-1.00|3.00|4.00|-14.00
1.2756447792053223|0.09|0.06|-0.13|0.00|0.00|0.00|-0.00|-0.00|0.00|-0.00|-0.01|0.00|-0.00|0.21|-0.20|0.00|0.00|-0.00|-0.05|0.00|-0.05|28.00|-25.00|4.00|-14.00
1.4193546772003174|0.08|0.03|0.00|0.00|-0.00|-0.00|0.00|-0.00|0.00|0.00|-0.00|0.00|-0.00|-0.20|0.34|0.00|0.00|-0.00|-0.05|0.00|-0.05|-1.00|25.00|4.00|-14.00
1.56186842918396|0.10|0.00|0.02|-0.00|0.01|0.00|-0.00|-0.00|0.00|0.00|-0.00|0.00|0.00|-0.04|-0.10|0.00|0.00|-0.00|-0.05|0.00|-0.05|-7.00|10.00|4.00|-14.00
1.7055306434631348|0.10|0.00|0.04|-0.01|0.00|0.00|0.00|-0.00|0.00|0.00|0.00|0.00|0.00|-0.01|0.06|-0.01|0.00|-0.00|-0.05|0.00|-0.05|-9.00|19.00|3.00|-14.00
1.8491075038909912|0.09|0.00|0.00|-0.01|-0.01|0.00|-0.00|0.00|0.00|0.00|0.00|-0.00|-0.00|0.03|-0.07|0.00|-0.04|0.00|-0.05|0.00|-0.05|-5.00|9.00|3.00|-19.00
1.9967210292816162|0.10|-0.00|-0.02|-0.01|-0.01|-0.00|0.00|0.00|0.00|0.00|0.00|-0.00|-0.00|-0.04|0.00|-0.03|0.03|0.00|-0.05|0.00|-0.05|-11.00|9.00|-1.00|-14.00
2.135380983352661|0.08|-0.00|-0.00|0.04|0.04|0.00|0.00|-0.00|0.00|0.00|-0.00|0.00|0.00|0.15|0.15|-0.03|0.12|0.00|-0.05|0.00|-0.05|11.00|31.00|-6.00|4.00
2.2868993282318115|0.10|-0.01|-0.01|0.01|-0.01|-0.00|-0.00|0.32|-0.00|-0.00|-0.00|0.01|0.00|-0.01|-0.11|44.49|-0.18|0.00|-0.05|0.00|-0.05|10.00|15.00|6223.00|-21.00
2.4385135173797607|0.09|-0.00|-0.00|-0.04|-0.02|-0.00|0.00|0.23|0.01|-0.00|-0.00|-0.00|-0.00|-0.14|-0.09|80.29|0.81|0.00|-0.05|0.00|-0.05|-11.00|1.00|18507.00|103.00
2.586177110671997|0.10|0.00|0.00|0.08|0.02|0.00|0.00|0.19|-0.00|0.00|-0.00|0.01|0.00|-0.07|0.03|109.86|0.18|0.00|-0.05|0.00|-0.05|-22.00|6.00|35316.00|131.00
2.7297544479370117|0.11|0.00|0.00|0.01|0.22|0.00|-0.00|0.14|0.01|0.00|-0.00|0.01|0.04|0.00|0.00|129.98|2.03|0.00|-0.05|0.01|-0.04|-22.00|6.00|54163.00|425.00
2.881359815597534|0.10|0.00|0.01|-0.06|-0.02|0.00|-0.00|-0.20|-0.00|0.00|-0.00|0.00|0.03|0.00|0.00|100.84|1.42|0.00|-0.05|0.01|-0.04|-22.00|6.00|68684.00|629.00
3.0289604663848877|0.07|0.00|0.00|-0.03|0.01|0.00|-0.00|-0.17|-0.00|0.00|-0.00|-0.00|0.03|0.00|0.00|74.77|0.91|0.00|-0.05|0.01|-0.03|-22.00|6.00|79900.00|766.00
3.1756179332733154|0.09|-0.00|0.00|0.04|-0.01|0.00|-0.00|-0.22|-0.00|0.00|0.00|0.00|0.03|0.00|0.00|42.50|0.79|0.00|-0.05|0.01|-0.03|-22.00|6.00|86147.00|882.00
3.3231658935546875|0.09|-0.00|-0.00|-0.07|-0.16|0.00|-0.00|-0.23|-0.01|0.00|0.00|-0.01|0.01|0.00|0.00|8.46|-0.10|0.00|-0.05|0.01|-0.03|-22.00|6.00|87391.00|867.00
3.4707834720611572|0.10|0.00|0.00|-0.02|-0.05|0.00|-0.00|0.00|-0.00|0.00|0.00|-0.01|0.00|0.00|0.00|8.46|-0.37|0.00|-0.05|0.01|-0.03|-22.00|6.00|88652.00|812.00
3.618375062942505|0.10|-0.00|-0.00|0.09|0.05|0.00|-0.00|-0.06|0.00|0.00|0.00|0.00|0.01|0.00|0.00|0.16|-0.03|0.00|-0.05|0.01|-0.03|-22.00|6.00|88676.00|808.00
3.765991687774658|0.09|-0.00|-0.00|0.05|-0.02|0.00|-0.00|-0.00|0.00|0.00|0.00|0.01|0.01|0.00|0.00|-0.20|0.23|0.00|-0.05|0.01|-0.03|-22.00|6.00|88647.00|841.00
3.913696050643921|0.10|-0.00|0.00|-0.01|-0.07|0.00|-0.00|-0.04|-0.00|0.00|0.00|0.01|-0.00|0.00|0.00|-5.76|0.16|0.00|-0.05|0.01|-0.03|-22.00|6.00|87801.00|864.00
4.065202713012695|0.09|-0.00|-0.00|-0.03|-0.01|0.00|-0.00|-0.03|-0.00|0.00|0.00|0.01|-0.01|0.00|0.00|-9.89|-0.20|0.00|-0.05|0.01|-0.03|-22.00|6.00|86337.00|835.00
4.207801342010498|0.10|0.00|-0.00|0.08|0.03|0.00|-0.00|0.01|0.00|0.00|0.00|0.02|-0.00|0.00|0.00|-8.01|0.13|0.00|-0.05|0.01|-0.03|-22.00|6.00|85128.00|855.00
4.355386734008789|0.07|0.00|-0.00|-0.02|0.01|0.00|-0.00|0.01|0.00|0.00|-0.00|0.02|0.00|0.00|0.00|-6.26|0.31|0.00|-0.05|0.02|-0.03|-22.00|6.00|84227.00|900.00
4.503110408782959|0.08|-0.00|0.00|-0.01|-0.02|0.00|-0.00|0.04|-0.00|0.00|-0.00|0.02|-0.00|0.00|0.00|-0.87|0.21|0.00|-0.05|0.02|-0.03|-22.00|6.00|84100.00|930.00
4.654611825942993|0.09|0.00|-0.00|-0.01|-0.02|0.00|-0.00|-0.01|-0.00|0.00|-0.00|0.01|-0.00|0.00|0.00|-2.83|0.07|0.00|-0.05|0.02|-0.03|-22.00|6.00|83679.00|940.00
4.7982423305511475|0.09|0.00|0.00|-0.03|0.07|0.00|-0.00|-0.04|0.00|0.00|-0.00|0.01|0.01|0.00|0.00|-8.66|0.30|0.00|-0.05|0.02|-0.03|-22.00|6.00|82388.00|984.00
4.949831247329712|0.10|-0.00|0.00|-0.08|0.01|0.00|-0.00|-0.01|-0.00|0.00|-0.00|-0.00|0.01|0.00|0.00|-9.98|0.12|0.00|-0.05|0.02|-0.03|-22.00|6.00|80931.00|1002.00
5.101440668106079|0.09|0.00|-0.00|0.03|-0.05|0.00|-0.00|-0.01|-0.00|0.00|-0.00|0.00|0.00|0.00|0.00|-10.83|-0.03|0.00|-0.05|0.02|-0.03|-22.00|6.00|79306.00|998.00
5.249027252197266|0.07|0.00|0.00|0.03|0.02|0.00|-0.00|-0.05|-0.00|0.00|-0.00|0.01|0.00|0.00|0.00|-17.73|-0.33|0.00|-0.05|0.02|-0.03|-22.00|6.00|76647.00|948.00
5.395601749420166|0.10|-0.00|0.00|-0.05|0.01|0.00|-0.00|0.05|0.00|-0.00|-0.00|0.00|0.00|0.00|0.00|-10.24|0.30|0.00|-0.05|0.02|-0.02|-22.00|6.00|75142.00|992.00
5.543312311172485|0.09|0.00|0.00|-0.09|-0.01|0.00|-0.00|0.06|-0.00|0.00|-0.00|-0.01|0.00|0.00|0.00|-1.87|0.07|0.00|-0.05|0.02|-0.02|-22.00|6.00|74865.00|1003.00
5.69085168838501|0.09|0.00|-0.00|0.01|-0.01|0.00|-0.00|0.01|-0.00|0.00|-0.00|-0.01|0.00|0.00|0.00|-0.39|-0.21|0.00|-0.05|0.02|-0.02|-22.00|6.00|74807.00|972.00
5.8384222984313965|0.10|-0.00|0.00|0.06|0.00|0.00|-0.00|-0.00|0.00|0.00|0.00|-0.00|0.00|0.00|0.00|-0.67|-0.05|0.00|-0.05|0.02|-0.02|-22.00|6.00|74707.00|965.00
5.986072063446045|0.09|0.00|-0.00|-0.04|-0.02|0.00|-0.00|0.00|0.00|0.00|0.00|-0.01|-0.00|0.00|0.00|-0.07|0.08|0.00|-0.05|0.02|-0.02|-22.00|6.00|74697.00|976.00
6.133732557296753|0.10|0.00|0.00|0.00|0.01|0.00|-0.00|0.00|-0.00|0.00|0.00|-0.01|-0.00|0.00|0.00|0.50|-0.16|0.00|-0.05|0.02|-0.02|-22.00|6.00|74771.00|952.00
6.27629542350769|0.07|0.00|0.00|0.03|0.01|0.00|-0.00|0.02|-0.00|0.00|0.00|-0.00|0.00|0.00|0.00|3.42|-0.21|0.00|-0.05|0.02|-0.02|-22.00|6.00|75267.00|922.00
6.4199512004852295|0.12|-0.00|0.00|0.02|0.00|0.00|-0.00|-0.02|0.00|0.00|0.00|0.00|0.00|0.00|0.00|0.01|0.00|0.00|-0.05|0.02|-0.02|-22.00|6.00|75268.00|922.00
6.57146692276001|0.09|-0.00|-0.00|-0.02|-0.01|0.00|-0.00|-0.00|0.00|-0.00|0.00|-0.00|-0.00|0.00|0.00|0.00|-0.02|0.00|-0.05|0.02|-0.02|-22.00|6.00|75268.00|919.00
6.719115734100342|0.10|0.00|0.00|-0.00|-0.00|0.00|-0.00|-0.00|0.00|0.00|0.00|-0.00|-0.00|0.00|0.00|0.00|0.01|0.00|-0.05|0.02|-0.02|-22.00|6.00|75268.00|920.00
6.866719961166382|0.10|0.00|-0.00|0.01|0.01|0.00|-0.00|-0.00|0.00|0.00|0.00|-0.00|0.00|0.00|0.00|-1.02|0.08|0.00|-0.05|0.02|-0.02|-22.00|6.00|75118.00|932.00
7.014310359954834|0.07|-0.00|0.00|-0.00|-0.00|0.00|-0.00|-0.02|0.00|0.00|0.00|-0.00|0.00|0.00|0.00|-4.54|0.15|0.00|-0.05|0.02|-0.02|-22.00|6.00|74459.00|954.00
7.161926031112671|0.10|0.00|-0.00|-0.00|-0.00|0.00|-0.00|-0.02|0.00|0.00|-0.00|-0.00|-0.00|0.00|0.00|-7.22|0.26|0.00|-0.05|0.02|-0.02|-22.00|6.00|73383.00|992.00
7.3174707889556885|0.09|-0.00|-0.00|-0.03|-0.01|0.00|-0.00|0.05|-0.00|0.00|-0.00|-0.01|-0.00|0.00|0.00|-0.40|0.06|0.00|-0.05|0.02|-0.02|-22.00|6.00|73324.00|1001.00
7.464177370071411|0.08|0.00|0.00|-0.03|-0.00|0.00|-0.00|0.00|-0.00|0.00|-0.00|-0.01|-0.00|0.00|0.00|-0.05|-0.05|0.00|-0.05|0.02|-0.03|-22.00|6.00|73317.00|994.00
7.607735633850098|0.09|0.00|0.00|0.06|0.03|0.00|-0.00|-0.02|0.00|0.00|-0.00|0.00|0.00|0.00|0.00|-3.26|0.00|0.00|-0.05|0.02|-0.03|-22.00|6.00|72832.00|994.00
7.759338855743408|0.09|0.00|-0.00|-0.01|-0.01|0.00|-0.00|0.01|0.00|0.00|-0.00|-0.00|0.00|0.00|0.00|-1.12|0.05|0.00|-0.05|0.02|-0.03|-22.00|6.00|72670.00|1001.00
7.906943082809448|0.08|-0.00|0.00|-0.04|-0.01|0.00|-0.00|0.01|0.00|-0.00|0.00|-0.01|-0.00|0.00|0.00|-0.07|0.09|0.00|-0.05|0.01|-0.03|-22.00|6.00|72660.00|1014.00
8.058557987213135|0.09|0.00|-0.00|0.04|0.02|0.00|-0.00|0.00|-0.00|0.00|0.00|-0.00|0.00|0.00|0.00|-0.01|-0.05|0.00|-0.05|0.01|-0.02|-22.00|6.00|72659.00|1007.00
8.206127166748047|0.09|0.00|-0.00|-0.03|0.00|0.00|-0.00|-0.00|0.00|0.00|-0.00|-0.00|0.00|0.00|0.00|-0.02|0.01|0.00|-0.05|0.01|-0.02|-22.00|6.00|72656.00|1008.00
8.35370397567749|0.09|-0.00|-0.00|0.03|0.00|0.00|-0.00|0.00|-0.00|0.00|-0.00|-0.00|0.00|0.00|0.00|0.00|-0.03|0.00|-0.05|0.01|-0.02|-22.00|6.00|72656.00|1004.00
8.50031065940857|0.10|0.00|0.00|0.02|-0.00|0.00|-0.00|0.00|0.00|0.00|0.00|0.00|0.00|0.00|0.00|-0.21|-0.01|0.00|-0.05|0.01|-0.02|-22.00|6.00|72625.00|1002.00
8.651947736740112|0.08|-0.00|-0.00|-0.02|-0.00|0.00|-0.00|-0.01|0.00|0.00|-0.00|-0.00|0.00|0.00|0.00|-1.37|0.10|0.00|-0.05|0.01|-0.02|-22.00|6.00|72426.00|1016.00
8.79956340789795|0.09|0.00|0.00|0.03|0.00|0.00|-0.00|-0.01|-0.00|0.00|-0.00|0.00|0.00|0.00|0.00|-2.21|-0.01|0.00|-0.05|0.01|-0.02|-22.00|6.00|72093.00|1015.00
8.947169542312622|0.10|-0.00|-0.00|0.01|0.00|0.00|-0.00|0.01|0.00|0.00|-0.00|0.01|0.00|0.00|0.00|-0.01|0.05|0.00|-0.05|0.02|-0.02|-22.00|6.00|72092.00|1022.00
9.094792604446411|0.09|0.00|0.00|-0.01|-0.03|0.00|-0.00|-0.00|-0.00|0.00|0.00|0.00|-0.00|0.00|0.00|-0.20|0.03|0.00|-0.05|0.02|-0.02|-22.00|6.00|72063.00|1027.00
9.246351957321167|0.09|0.00|-0.00|-0.03|-0.00|0.00|-0.00|0.00|-0.00|0.00|-0.00|-0.00|-0.00|0.00|0.00|-0.14|-0.05|0.00|-0.05|0.02|-0.02|-22.00|6.00|72042.00|1019.00
9.39392876625061|0.09|-0.00|0.00|0.01|0.01|0.00|-0.00|-0.00|-0.00|0.00|0.00|0.00|-0.00|0.00|0.00|-0.70|-0.06|0.00|-0.05|0.02|-0.02|-22.00|6.00|71936.00|1010.00
9.545565128326416|0.10|0.00|0.00|-0.03|-0.01|0.00|-0.00|-0.05|0.00|0.00|0.00|-0.00|-0.00|0.00|0.00|-7.52|0.13|0.00|-0.05|0.02|-0.02|-22.00|6.00|70823.00|1029.00
9.696149587631226|0.08|0.00|-0.00|-0.01|-0.00|0.00|-0.00|0.01|-0.00|0.00|-0.00|-0.00|-0.00|0.00|0.00|-6.55|-0.31|0.00|-0.05|0.02|-0.02|-22.00|6.00|69840.00|983.00
9.839784860610962|0.11|0.00|0.00|0.04|0.01|0.00|-0.00|0.04|0.00|0.00|-0.00|0.00|-0.00|0.00|0.00|-0.35|-0.02|0.00|-0.05|0.02|-0.02|-22.00|6.00|69788.00|980.00
9.98738980293274|0.09|-0.00|0.00|-0.01|0.01|0.00|-0.00|0.00|0.00|-0.00|0.00|0.00|0.00|0.00|0.00|-0.15|0.03|0.00|-0.05|0.02|-0.02|-22.00|6.00|69766.00|984.00
10.131112813949585|0.10|0.00|0.00|-0.03|0.01|0.00|-0.00|-0.00|0.00|0.00|0.00|-0.00|0.00|0.00|0.00|-0.72|0.05|0.00|-0.05|0.01|-0.02|-22.00|6.00|69662.00|991.00
10.286583662033081|0.08|-0.00|-0.00|-0.02|-0.02|0.00|-0.00|-0.04|-0.00|0.00|-0.00|-0.01|-0.00|0.00|0.00|-6.06|0.04|0.00|-0.05|0.01|-0.02|-22.00|6.00|68777.00|997.00
10.434182405471802|0.09|-0.00|0.00|0.04|0.02|0.00|-0.00|-0.08|-0.00|-0.00|0.00|-0.00|0.00|0.00|0.00|-17.58|-0.07|0.00|-0.05|0.01|-0.02|-22.00|6.00|66105.00|987.00
10.5818350315094|0.10|-0.00|-0.00|0.02|0.01|0.00|-0.00|0.06|0.00|-0.00|-0.00|0.00|0.00|0.00|0.00|-8.72|-0.06|0.00|-0.05|0.01|-0.02|-22.00|6.00|64797.00|978.00
10.72836685180664|0.08|0.00|0.00|-0.01|-0.02|0.00|-0.00|0.06|0.00|0.00|0.00|0.00|0.00|0.00|0.00|-0.61|-0.03|0.00|-0.05|0.01|-0.02|-22.00|6.00|64707.00|974.00
10.877009153366089|0.09|0.00|-0.00|-0.05|-0.03|0.00|-0.00|-0.01|0.00|0.00|-0.00|-0.01|-0.00|0.00|0.00|-2.04|0.06|0.00|-0.05|0.01|-0.02|-22.00|6.00|64409.00|983.00
11.023630142211914|0.08|0.00|0.00|0.05|0.01|0.00|-0.00|-0.03|-0.00|0.00|-0.00|0.00|-0.00|0.00|0.00|-6.01|0.06|0.00|-0.05|0.01|-0.02|-22.00|6.00|63507.00|992.00
11.175238847732544|0.12|-0.00|0.00|-0.00|0.01|0.00|-0.00|0.00|-0.00|-0.00|-0.00|0.00|0.00|0.00|0.00|-5.30|-0.06|0.00|-0.05|0.01|-0.02|-22.00|6.00|62733.00|983.00
11.322806596755981|0.11|0.00|-0.00|-0.02|-0.01|0.00|-0.00|0.04|0.00|0.00|-0.00|-0.00|-0.00|0.00|0.00|-0.01|0.00|0.00|-0.05|0.01|-0.02|-22.00|6.00|62732.00|983.00
11.470432758331299|0.09|-0.00|0.00|0.01|0.00|0.00|-0.00|0.00|0.00|0.00|-0.00|-0.00|-0.00|0.00|0.00|0.05|-0.01|0.00|-0.05|0.01|-0.02|-22.00|6.00|62740.00|982.00
11.614035606384277|0.10|-0.00|0.00|0.01|0.01|0.00|-0.00|-0.00|0.00|0.00|0.00|0.00|0.00|0.00|0.00|0.00|0.00|0.00|-0.05|0.01|-0.02|-22.00|6.00|62740.00|982.00
11.765648126602173|0.10|0.00|-0.00|-0.05|-0.02|0.00|-0.00|-0.00|0.00|0.00|-0.00|-0.01|-0.00|0.03|0.01|-0.17|-0.03|0.00|-0.05|0.01|-0.02|-18.00|8.00|62716.00|978.00
11.913248538970947|0.12|-0.00|-0.00|0.05|0.01|-0.00|-0.00|0.00|0.00|0.00|-0.00|0.00|-0.00|0.00|-0.01|0.00|-0.02|0.00|-0.05|0.01|-0.02|-18.00|6.00|62716.00|975.00
12.059867143630981|0.11|-0.00|0.00|-0.01|0.00|-0.00|0.00|0.00|0.00|-0.00|0.00|-0.00|-0.00|0.00|0.00|0.00|0.00|0.00|-0.05|0.01|-0.02|-18.00|6.00|62716.00|975.00
12.203456163406372|0.11|0.00|-0.00|0.01|0.01|-0.00|0.00|0.00|0.00|0.00|-0.00|0.00|0.00|0.00|0.00|0.00|-0.01|0.00|-0.05|0.01|-0.02|-18.00|6.00|62716.00|974.00
12.35109257698059|0.11|0.00|0.00|-0.01|-0.00|-0.00|0.00|0.00|0.00|0.00|0.00|-0.00|-0.00|0.00|0.00|-0.04|0.05|0.00|-0.05|0.01|-0.02|-18.00|6.00|62710.00|981.00
12.502759456634521|0.11|-0.00|-0.00|0.01|0.01|-0.00|0.00|-0.01|-0.00|-0.00|0.00|0.00|0.00|0.00|0.00|-1.84|-0.03|0.00|-0.05|0.01|-0.02|-18.00|6.00|62438.00|977.00
12.6502845287323|0.16|-0.00|-0.00|-0.00|0.00|-0.00|0.00|-0.01|-0.00|-0.00|-0.00|0.00|0.00|0.00|0.00|-3.21|-0.16|0.00|-0.05|0.01|-0.02|-18.00|6.00|61963.00|953.00
12.800873279571533|0.13|0.00|0.00|-0.00|-0.01|-0.00|0.00|0.00|-0.00|0.00|0.00|0.00|-0.00|0.00|0.00|-3.05|-0.26|0.00|-0.05|0.01|-0.02|-18.00|6.00|61502.00|913.00
12.948486328125|0.15|0.00|-0.00|-0.04|-0.00|-0.00|0.00|0.02|0.00|0.00|-0.00|-0.01|-0.00|0.00|0.00|-0.27|-0.01|0.00|-0.05|0.01|-0.02|-18.00|6.00|61462.00|911.00
13.09612774848938|0.14|-0.00|0.00|0.04|0.01|-0.00|0.00|0.00|-0.00|0.00|-0.00|-0.00|0.00|0.00|0.00|-0.11|-0.05|0.00|-0.05|0.01|-0.02|-18.00|6.00|61446.00|904.00
13.247679948806763|0.15|0.00|-0.00|-0.01|-0.01|-0.00|0.00|0.00|0.00|0.00|-0.00|-0.00|-0.00|0.00|0.00|-0.01|-0.01|0.00|-0.05|0.01|-0.02|-18.00|6.00|61445.00|902.00
13.395259380340576|0.15|-0.00|0.00|-0.01|0.00|-0.00|0.00|0.00|0.00|0.00|0.00|-0.00|-0.00|0.00|0.00|0.00|-0.01|0.00|-0.05|0.01|-0.02|-18.00|6.00|61445.00|901.00
13.542982339859009|0.14|0.00|-0.00|0.01|0.01|-0.00|0.00|0.00|-0.00|0.00|-0.00|-0.00|0.00|0.00|0.00|0.98|-0.16|0.00|-0.05|0.01|-0.02|-18.00|6.00|61589.00|878.00
13.686524868011475|0.10|-0.00|0.00|-0.03|0.00|-0.00|0.00|0.01|0.00|0.00|-0.00|-0.01|0.00|0.00|0.00|2.35|-0.04|0.00|-0.05|0.01|-0.02|-18.00|6.00|61932.00|872.00
13.837130546569824|0.09|-0.00|0.00|0.03|-0.02|-0.00|0.00|0.02|-0.00|-0.00|0.00|-0.00|-0.00|0.00|0.00|5.45|-0.10|0.00|-0.05|0.01|-0.02|-18.00|6.00|62739.00|857.00
13.980753183364868|0.08|0.00|-0.00|0.04|0.00|-0.00|0.00|0.03|0.00|0.00|-0.00|0.00|-0.00|0.00|0.00|9.32|0.16|0.00|-0.05|0.01|-0.02|-18.00|6.00|64118.00|881.00
14.128405809402466|0.08|-0.00|-0.00|-0.02|0.00|-0.00|0.00|0.02|0.00|-0.00|-0.00|0.00|-0.00|0.00|0.00|12.68|0.24|0.00|-0.05|0.01|-0.02|-18.00|6.00|65956.00|916.00
14.279935121536255|0.08|0.00|0.00|-0.01|-0.02|-0.00|0.00|-0.02|-0.00|0.00|0.00|0.00|-0.00|0.00|0.00|9.51|-0.09|0.00|-0.05|0.01|-0.02|-18.00|6.00|67364.00|903.00
14.423617601394653|0.01|-0.00|-0.00|0.02|0.01|-0.00|0.00|-0.02|0.00|0.00|-0.00|0.00|-0.00|0.00|0.00|6.91|0.00|0.00|-0.05|0.01|-0.02|-18.00|6.00|68393.00|903.00
14.571175813674927|0.00|-0.00|0.00|-0.02|0.01|-0.00|0.00|-0.04|0.00|-0.00|0.00|0.00|-0.00|0.00|0.00|0.99|-0.04|0.00|-0.05|0.01|-0.03|-18.00|6.00|68537.00|897.00
14.718776226043701|-0.02|0.00|0.00|0.00|-0.00|-0.00|0.00|0.01|0.00|0.00|0.00|0.00|-0.00|0.00|0.00|1.74|0.09|0.00|-0.05|0.01|-0.03|-18.00|6.00|68795.00|910.00
14.865383863449097|0.14|0.01|-0.01|-0.02|0.10|-0.00|0.00|-0.00|-0.00|0.00|-0.00|-0.00|0.01|0.00|0.00|1.71|0.04|0.00|-0.05|0.01|-0.02|-18.00|6.00|69041.00|916.00
15.013080358505249|0.03|-0.01|0.01|0.03|-0.10|-0.00|0.00|0.09|0.00|-0.00|0.00|0.00|-0.00|0.00|0.00|15.21|0.17|0.00|-0.05|0.01|-0.02|-18.00|6.00|71277.00|941.00
15.160586833953857|0.00|0.00|-0.01|-0.01|0.01|-0.00|0.00|-0.07|-0.00|0.00|-0.00|0.00|-0.00|0.00|0.00|4.74|0.04|0.00|-0.05|0.01|-0.02|-18.00|6.00|71978.00|947.00
15.308209657669067|0.01|-0.00|0.01|-0.01|-0.01|-0.00|0.00|-0.03|-0.00|0.00|-0.00|0.00|-0.00|0.00|0.00|0.79|-0.02|0.00|-0.05|0.01|-0.02|-18.00|6.00|72094.00|944.00
15.459854364395142|0.00|-0.00|0.00|0.00|-0.05|-0.00|0.00|0.06|-0.00|-0.00|0.00|0.00|-0.01|0.00|0.00|9.13|-0.09|0.00|-0.05|0.01|-0.03|-18.00|6.00|73464.00|931.00
15.60341739654541|0.05|0.00|-0.00|-0.04|0.06|-0.00|0.00|-0.05|0.00|0.00|0.00|-0.00|0.00|0.00|0.00|1.54|-0.01|0.00|-0.05|0.01|-0.02|-18.00|6.00|73691.00|929.00
15.754973888397217|0.01|-0.00|-0.00|0.06|-0.02|-0.00|0.00|0.02|-0.00|-0.00|-0.00|0.00|-0.00|0.00|0.00|3.88|-0.21|0.00|-0.05|0.01|-0.03|-18.00|6.00|74261.00|898.00
15.901623487472534|0.08|-0.00|-0.01|-0.00|0.10|-0.00|0.00|0.04|0.00|-0.00|-0.00|0.00|0.01|0.00|0.00|9.20|0.20|0.00|-0.05|0.01|-0.02|-18.00|6.00|75641.00|928.00
16.049323081970215|0.11|0.00|0.01|0.01|-0.11|-0.00|0.00|0.13|-0.00|-0.00|0.00|0.01|-0.00|0.00|0.00|28.33|-0.35|0.00|-0.05|0.01|-0.02|-18.00|6.00|79806.00|876.00
16.196829080581665|0.08|-0.00|-0.00|-0.03|0.01|-0.00|0.00|-0.08|0.01|-0.00|0.00|0.00|-0.00|0.00|0.00|16.91|0.47|0.00|-0.05|0.01|-0.02|-18.00|6.00|82292.00|945.00
16.34449529647827|0.09|0.00|-0.00|0.04|-0.00|-0.00|0.00|-0.05|-0.00|0.00|-0.00|0.01|-0.00|0.00|0.00|9.85|0.22|0.00|-0.05|0.02|-0.02|-18.00|6.00|83759.00|978.00
16.496017932891846|0.11|-0.00|-0.00|0.02|0.00|-0.00|0.00|-0.00|0.00|-0.00|-0.00|0.01|-0.00|0.00|0.00|9.52|0.53|0.00|-0.05|0.02|-0.02|-18.00|6.00|85168.00|1057.00
16.643635988235474|0.08|0.00|0.00|0.02|-0.00|-0.00|0.00|-0.02|-0.00|0.00|-0.00|0.01|-0.00|0.00|0.00|6.44|0.40|0.00|-0.05|0.02|-0.02|-18.00|6.00|86128.00|1116.00
16.787208080291748|0.10|0.00|0.00|-0.02|0.02|-0.00|0.00|-0.02|-0.00|0.00|0.00|0.01|0.00|0.00|0.00|3.56|0.27|0.00|-0.05|0.02|-0.02|-18.00|6.00|86651.00|1155.00
16.93786883354187|0.09|-0.00|-0.00|0.01|0.01|-0.00|0.00|-0.02|-0.00|-0.00|-0.00|0.01|0.00|0.00|0.00|0.25|0.10|0.00|-0.05|0.02|-0.02|-18.00|6.00|86687.00|1169.00
17.08544087409973|0.08|0.00|0.00|-0.01|-0.01|-0.00|0.00|-0.01|-0.00|0.00|0.00|0.01|-0.00|0.00|0.00|-0.56|0.08|0.00|-0.05|0.02|-0.02|-18.00|6.00|86604.00|1181.00
17.237053871154785|0.10|-0.00|-0.00|-0.01|-0.01|-0.00|0.00|-0.04|0.00|-0.00|-0.00|0.01|-0.00|0.00|0.00|-6.25|0.17|0.00|-0.05|0.02|-0.02|-18.00|6.00|85673.00|1207.00
17.384753227233887|0.08|0.00|0.00|0.03|0.01|-0.00|0.00|-0.03|0.00|-0.00|0.00|0.01|-0.00|0.00|0.00|-10.23|0.32|0.00|-0.05|0.03|-0.02|-18.00|6.00|84118.00|1255.00
17.536616802215576|0.10|0.00|-0.00|-0.03|-0.00|-0.00|0.00|-0.01|-0.00|0.00|-0.00|0.01|-0.00|0.00|0.00|-11.05|0.14|0.00|-0.05|0.03|-0.02|-18.00|6.00|82494.00|1276.00
17.687844276428223|0.10|0.00|0.00|-0.03|0.02|-0.00|0.00|-0.02|0.00|0.00|-0.00|0.00|0.00|0.00|0.00|-13.99|0.38|0.00|-0.05|0.03|-0.02|-18.00|6.00|80368.00|1333.00
17.835456371307373|0.07|-0.00|-0.00|-0.01|-0.01|-0.00|0.00|0.04|-0.00|-0.00|-0.00|0.00|0.00|0.00|0.00|-8.48|0.30|0.00|-0.05|0.03|-0.02|-18.00|6.00|79113.00|1378.00
17.986629486083984|0.09|-0.00|0.00|-0.01|-0.01|-0.00|0.00|-0.01|0.00|-0.00|0.00|-0.00|0.00|0.00|0.00|-10.66|0.77|0.00|-0.05|0.03|-0.02|-18.00|6.00|77503.00|1494.00
18.138239860534668|0.07|0.00|-0.00|0.01|0.02|-0.00|0.00|-0.05|-0.00|0.00|-0.00|0.00|0.00|0.00|0.00|-17.75|0.17|0.00|-0.05|0.03|-0.02|-18.00|6.00|74840.00|1520.00
18.285815477371216|0.09|0.00|-0.00|-0.00|-0.01|-0.00|0.00|-0.04|0.00|0.00|-0.00|0.00|0.00|0.00|0.00|-23.60|0.42|0.00|-0.05|0.03|-0.02|-18.00|6.00|71324.00|1583.00
18.437431573867798|0.09|-0.00|0.00|0.00|-0.01|-0.00|0.00|0.06|-0.00|0.00|-0.00|0.00|0.00|0.00|0.00|-14.07|0.33|0.00|-0.05|0.03|-0.02|-18.00|6.00|69214.00|1632.00
18.58109188079834|0.08|0.00|0.00|-0.01|0.00|-0.00|0.00|0.09|-0.00|0.00|0.00|-0.00|0.00|0.00|0.00|-1.28|0.06|0.00|-0.05|0.03|-0.02|-18.00|6.00|69024.00|1641.00
18.728604316711426|0.10|-0.00|0.00|0.00|0.01|-0.00|0.00|0.01|-0.00|0.00|0.00|0.00|0.00|0.00|0.00|-0.05|0.01|0.00|-0.05|0.03|-0.02|-18.00|6.00|69016.00|1642.00
18.87924551963806|0.09|-0.00|0.00|0.00|-0.00|-0.00|0.00|-0.00|-0.00|-0.00|0.00|0.00|0.00|0.00|0.00|-0.15|-0.03|0.00|-0.05|0.03|-0.02|-18.00|6.00|68994.00|1638.00
19.030847787857056|0.09|0.00|-0.00|-0.00|-0.00|-0.00|0.00|-0.01|-0.00|-0.00|0.00|0.00|0.00|0.00|0.00|-1.10|-0.08|0.00|-0.05|0.03|-0.02|-18.00|6.00|68829.00|1626.00
19.17846393585205|0.11|0.00|-0.00|-0.00|-0.00|-0.00|0.00|0.00|0.00|0.00|0.00|-0.00|0.00|0.00|0.00|-1.06|-0.05|0.00|-0.05|0.03|-0.02|-18.00|6.00|68669.00|1618.00
19.32603883743286|0.08|0.00|-0.00|-0.00|-0.01|-0.00|0.00|-0.02|0.00|0.00|-0.00|-0.00|0.00|0.00|0.00|-4.17|0.00|0.00|-0.05|0.03|-0.02|-18.00|6.00|68052.00|1618.00
19.473661422729492|0.10|-0.00|0.00|0.01|0.03|-0.00|0.00|-0.01|0.00|0.00|0.00|0.00|0.00|0.00|0.00|-5.56|0.07|0.00|-0.05|0.03|-0.02|-18.00|6.00|67218.00|1629.00
19.621355533599854|0.10|-0.00|-0.00|-0.01|-0.00|-0.00|0.00|0.03|0.00|0.00|0.00|-0.00|0.00|0.00|0.00|-1.90|0.28|0.00|-0.05|0.03|-0.02|-18.00|6.00|66940.00|1670.00
19.772861003875732|0.08|-0.00|-0.00|-0.01|-0.01|-0.00|0.00|0.01|-0.00|0.00|-0.00|-0.00|0.00|0.00|0.00|-0.07|0.07|0.00|-0.05|0.03|-0.02|-18.00|6.00|66930.00|1681.00
19.920461177825928|0.10|-0.00|0.00|0.01|-0.01|-0.00|0.00|0.00|0.00|-0.00|0.00|0.00|0.00|0.00|0.00|0.05|0.11|0.00|-0.05|0.03|-0.02|-18.00|6.00|66938.00|1698.00
20.07201623916626|0.09|0.00|-0.00|-0.00|-0.00|-0.00|0.00|-0.00|-0.00|-0.00|0.00|-0.00|0.00|0.00|0.00|-0.10|-0.20|0.00|-0.05|0.03|-0.02|-18.00|6.00|66924.00|1669.00
20.218682050704956|0.09|0.00|-0.00|-0.00|0.01|-0.00|0.00|0.00|0.00|0.00|-0.00|-0.00|0.00|0.00|0.00|0.00|-0.03|0.00|-0.05|0.03|-0.02|-18.00|6.00|66924.00|1664.00
20.36626100540161|0.10|-0.00|-0.01|0.01|0.02|-0.00|0.00|0.00|0.00|0.00|-0.00|0.00|0.01|0.00|0.00|0.00|0.00|0.00|-0.05|0.03|-0.02|-18.00|6.00|66924.00|1664.00
20.51785945892334|0.09|-0.00|0.00|-0.02|-0.06|-0.00|0.00|0.00|0.00|-0.00|-0.00|-0.00|-0.00|0.00|0.00|-0.39|0.05|0.00|-0.05|0.03|-0.02|-18.00|6.00|66867.00|1671.00
20.66550922393799|0.10|0.00|0.00|0.01|0.06|-0.00|0.00|-0.00|-0.00|-0.00|-0.00|-0.00|0.00|0.00|0.00|-0.58|0.01|0.00|-0.05|0.03|-0.02|-18.00|6.00|66780.00|1673.00
20.813072681427002|0.11|0.00|0.00|-0.00|0.08|-0.00|0.00|0.00|-0.00|0.00|0.00|-0.00|0.02|0.00|0.00|-0.13|-0.19|0.00|-0.05|0.03|-0.02|-18.00|6.00|66761.00|1645.00
20.96068263053894|0.09|-0.00|0.00|-0.00|-0.04|-0.00|0.00|-0.00|0.00|0.00|0.00|-0.00|0.01|0.00|0.00|-0.81|0.03|0.00|-0.05|0.03|-0.02|-18.00|6.00|66641.00|1650.00
21.108251094818115|0.11|0.00|0.01|0.00|-0.06|-0.00|0.00|-0.01|0.00|0.00|0.00|-0.00|0.00|0.00|0.00|-2.87|0.18|0.00|-0.05|0.03|-0.02|-18.00|6.00|66216.00|1677.00
21.263849020004272|0.09|-0.00|-0.01|-0.00|-0.01|-0.00|0.00|-0.14|0.00|-0.00|0.00|-0.00|-0.00|0.00|0.00|-24.01|0.56|0.00|-0.05|0.03|-0.02|-18.00|6.00|62687.00|1759.00
21.41044330596924|0.09|0.00|0.00|0.01|-0.01|-0.00|0.00|-0.10|-0.00|-0.00|0.00|-0.00|-0.00|0.00|0.00|-38.57|0.43|0.00|-0.05|0.03|-0.02|-18.00|6.00|56824.00|1824.00
21.566060781478882|0.10|-0.00|-0.00|-0.00|-0.04|-0.00|0.00|0.20|0.00|-0.00|-0.00|-0.00|-0.01|0.05|-0.01|-8.47|0.53|0.00|-0.05|0.03|-0.02|-10.00|5.00|55536.00|1904.00
21.71363377571106|0.09|0.01|0.01|-0.04|-0.06|-0.00|-0.00|0.05|-0.00|0.00|0.00|-0.01|-0.02|0.01|-0.03|-0.39|0.00|0.00|-0.05|0.03|-0.02|-8.00|0.00|55477.00|1904.00
21.869277477264404|0.09|-0.00|-0.01|0.04|0.06|-0.00|0.00|0.00|-0.00|0.00|-0.00|-0.00|-0.01|-0.32|-0.03|-0.21|0.19|0.00|-0.05|0.03|-0.02|-56.00|13.00|55445.00|1933.00
22.02081036567688|0.12|-0.01|0.00|-0.01|0.04|0.00|0.00|0.00|-0.00|0.00|0.00|-0.00|-0.00|-0.14|-0.02|-0.01|-0.01|0.00|-0.05|0.03|-0.02|-78.00|10.00|55444.00|1931.00
22.172454357147217|0.10|-0.00|-0.00|-0.00|-0.03|0.00|0.00|-0.00|0.00|-0.00|-0.00|-0.00|-0.01|0.00|0.03|-0.18|0.07|0.00|-0.05|0.02|-0.02|-78.00|15.00|55416.00|1941.00
22.320060968399048|0.09|0.00|0.00|0.01|0.03|0.00|0.00|0.00|0.00|-0.00|0.00|-0.00|-0.00|0.38|0.22|-0.17|0.09|0.00|-0.05|0.02|-0.02|-21.00|48.00|55390.00|1954.00
22.47165870666504|0.11|-0.00|0.00|0.00|0.01|-0.00|-0.00|0.00|-0.00|-0.00|0.00|-0.00|-0.00|0.00|0.01|-0.05|0.04|0.00|-0.05|0.02|-0.02|-21.00|50.00|55383.00|1960.00
22.623252868652344|0.10|0.00|-0.00|-0.00|-0.00|-0.00|-0.00|0.00|0.00|-0.00|0.00|-0.00|-0.00|0.00|0.00|-0.01|0.05|0.00|-0.05|0.02|-0.02|-21.00|50.00|55381.00|1968.00
22.774914979934692|0.09|0.00|-0.00|-0.00|-0.01|-0.00|-0.00|0.00|-0.00|0.00|-0.00|-0.00|-0.00|0.00|0.00|-0.01|0.01|0.00|-0.05|0.02|-0.02|-21.00|50.00|55380.00|1970.00
22.926424980163574|0.09|-0.00|0.00|0.00|0.00|-0.00|-0.00|0.00|-0.00|-0.00|0.00|-0.00|-0.00|0.00|0.00|0.00|0.00|0.00|-0.05|0.02|-0.02|-21.00|50.00|55380.00|1970.00
23.0780348777771|0.09|0.00|-0.00|0.00|-0.00|-0.00|-0.00|0.00|-0.00|-0.00|-0.00|-0.00|-0.00|0.00|0.00|0.00|0.00|0.00|-0.05|0.02|-0.02|-21.00|50.00|55380.00|1970.00
23.22963809967041|0.09|0.00|0.00|-0.00|0.01|-0.00|-0.00|0.00|-0.00|-0.00|-0.00|-0.00|0.00|0.00|0.00|0.00|0.00|0.00|-0.05|0.02|-0.02|-21.00|50.00|55380.00|1970.00
23.381263971328735|0.09|-0.00|-0.00|-0.00|-0.01|-0.00|-0.00|0.00|-0.00|-0.00|-0.00|-0.00|-0.00|0.00|0.00|0.00|0.00|0.00|-0.05|0.02|-0.02|-21.00|50.00|55380.00|1970.00
23.53680396080017|0.09|-0.00|-0.00|0.00|0.00|-0.00|-0.00|0.00|-0.00|-0.00|-0.00|-0.00|-0.00|0.00|0.00|0.00|0.00|0.00|-0.05|0.02|-0.02|-21.00|50.00|55380.00|1970.00
23.68442130088806|0.09|0.00|0.00|-0.00|-0.01|-0.00|-0.00|0.00|-0.00|0.00|0.00|-0.00|-0.00|0.00|0.00|0.00|0.00|0.00|-0.05|0.02|-0.02|-21.00|50.00|55380.00|1970.00
23.840003728866577|0.10|-0.00|-0.00|0.00|-0.01|-0.00|-0.00|0.00|-0.00|-0.00|0.00|-0.00|-0.00|0.00|0.00|-0.01|0.06|0.00|-0.05|0.02|-0.02|-21.00|50.00|55379.00|1979.00
23.987606525421143|0.10|0.00|0.00|0.00|0.02|-0.00|-0.00|-0.00|-0.00|-0.00|0.00|-0.00|0.00|0.00|0.00|-0.03|0.00|0.00|-0.05|0.02|-0.02|-21.00|50.00|55374.00|1979.00
24.143190383911133|0.08|-0.00|-0.00|-0.00|-0.00|-0.00|-0.00|0.00|-0.00|-0.00|-0.00|-0.00|-0.00|0.00|0.00|0.00|0.01|0.00|-0.05|0.02|-0.02|-21.00|50.00|55374.00|1980.00
24.294779777526855|0.08|0.00|0.00|-0.00|-0.01|-0.00|-0.00|0.00|0.00|-0.00|0.00|-0.00|-0.00|0.00|0.00|-0.03|0.05|0.00|-0.05|0.02|-0.02|-21.00|50.00|55370.00|1987.00
24.446372985839844|0.09|-0.00|0.00|0.00|0.01|-0.00|-0.00|0.00|-0.00|-0.00|0.00|-0.00|-0.00|0.00|0.00|-0.01|-0.01|0.00|-0.05|0.02|-0.02|-21.00|50.00|55368.00|1986.00
24.592997074127197|0.09|0.00|-0.00|0.00|0.00|-0.00|-0.00|0.00|0.00|0.00|0.00|-0.00|-0.00|0.00|0.00|0.00|0.00|0.00|-0.05|0.02|-0.02|-21.00|50.00|55368.00|1986.00
24.744646310806274|0.09|-0.00|0.00|-0.00|-0.00|-0.00|-0.00|0.00|0.00|-0.00|0.00|-0.00|-0.00|0.00|0.00|0.00|0.00|0.00|-0.05|0.02|-0.02|-21.00|50.00|55368.00|1986.00
24.89320182800293|0.09|0.00|-0.00|0.00|-0.00|-0.00|-0.00|0.00|0.00|-0.00|0.00|-0.00|-0.00|0.00|0.00|0.00|0.00|0.00|-0.05|0.02|-0.02|-21.00|50.00|55368.00|1986.00
25.04777455329895|0.09|-0.00|-0.00|-0.00|-0.00|-0.00|-0.00|0.00|0.00|-0.00|-0.00|-0.00|-0.00|0.00|0.00|0.00|0.00|0.00|-0.05|0.02|-0.02|-21.00|50.00|55368.00|1986.00
25.19139528274536|0.09|0.00|0.00|0.00|0.01|-0.00|-0.00|0.00|0.00|0.00|0.00|-0.00|0.00|0.00|0.00|0.00|0.00|0.00|-0.05|0.02|-0.02|-21.00|50.00|55368.00|1986.00
25.342994451522827|0.09|-0.00|-0.00|-0.00|-0.00|-0.00|-0.00|0.00|0.00|-0.00|0.00|-0.00|-0.00|0.00|0.00|0.00|0.00|0.00|-0.05|0.02|-0.02|-21.00|50.00|55368.00|1986.00
25.498600721359253|0.10|0.00|-0.00|-0.00|-0.00|-0.00|-0.00|0.00|0.00|-0.00|-0.00|-0.00|-0.00|0.00|0.00|0.00|0.00|0.00|-0.05|0.02|-0.02|-21.00|50.00|55368.00|1986.00
25.64217758178711|0.09|0.00|0.00|0.00|0.00|-0.00|-0.00|0.00|0.00|0.00|0.00|-0.00|0.00|0.00|0.00|0.00|0.00|0.00|-0.05|0.02|-0.02|-21.00|50.00|55368.00|1986.00
25.793784379959106|0.10|-0.00|-0.00|-0.00|-0.00|-0.00|-0.00|0.00|0.00|-0.00|0.00|-0.00|-0.00|0.00|0.00|0.00|0.00|0.00|-0.05|0.02|-0.02|-21.00|50.00|55368.00|1986.00
25.94540572166443|0.09|0.00|0.00|0.00|-0.01|-0.00|-0.00|0.00|0.00|-0.00|0.00|-0.00|-0.00|0.00|0.00|-0.07|0.03|0.00|-0.05|0.02|-0.02|-21.00|50.00|55357.00|1990.00
26.09298539161682|0.10|0.00|-0.00|0.01|0.01|-0.00|-0.00|0.00|0.00|0.00|0.00|0.00|0.00|0.00|0.00|-0.03|0.07|0.00|-0.05|0.02|-0.02|-21.00|50.00|55352.00|2000.00
26.243585348129272|0.09|-0.00|0.00|-0.02|0.00|-0.00|-0.00|-0.00|0.00|-0.00|0.00|-0.00|0.00|0.00|0.00|-0.07|0.08|0.00|-0.05|0.02|-0.02|-21.00|50.00|55342.00|2012.00
26.39518427848816|0.10|0.00|-0.00|-0.03|-0.06|-0.00|-0.00|-0.01|0.00|0.00|-0.00|-0.01|-0.01|0.00|0.00|-1.74|0.22|0.00|-0.05|0.02|-0.03|-21.00|50.00|55080.00|2045.00
26.54678225517273|0.09|0.06|-0.00|0.04|0.05|-0.00|-0.00|-0.01|-0.00|0.01|-0.00|-0.00|-0.00|0.00|0.00|-3.15|0.14|0.00|-0.05|0.02|-0.03|-21.00|50.00|54601.00|2066.00
26.694441318511963|0.09|0.07|0.03|0.02|0.02|-0.00|-0.00|-0.01|-0.00|0.02|0.00|0.00|0.00|0.00|0.00|-4.02|-0.01|0.01|-0.05|0.02|-0.03|-21.00|50.00|53986.00|2064.00
26.84596538543701|0.10|-0.05|-0.01|-0.01|-0.01|-0.00|-0.00|0.01|0.00|0.01|0.00|-0.00|0.00|0.00|0.00|-2.25|-0.01|0.01|-0.05|0.02|-0.03|-21.00|50.00|53653.00|2063.00
26.997577667236328|0.09|-0.08|-0.02|0.01|0.00|-0.00|-0.00|-0.13|0.00|0.00|0.00|0.00|0.00|0.00|0.00|-21.63|0.15|0.01|-0.05|0.02|-0.03|-21.00|50.00|50365.00|2086.00
27.152929544448853|0.10|-0.00|0.00|-0.01|-0.01|-0.00|-0.00|0.11|-0.00|0.00|0.00|-0.00|-0.00|-0.07|-0.05|-4.51|0.03|0.01|-0.05|0.02|-0.03|-31.00|42.00|49693.00|2090.00
27.300573587417603|0.10|0.05|0.01|0.01|0.01|0.00|0.00|0.02|-0.00|0.01|0.00|-0.00|0.00|0.00|0.06|-1.50|-0.34|0.01|-0.05|0.02|-0.03|-31.00|51.00|49460.00|2038.00
27.448127031326294|0.10|0.03|0.01|-0.01|-0.01|0.00|0.00|-0.04|0.01|0.01|0.00|-0.00|-0.00|-0.01|0.06|-7.64|0.58|0.01|-0.05|0.02|-0.03|-32.00|60.00|48344.00|2122.00
27.59573984146118|0.09|-0.05|-0.01|0.01|0.01|0.00|-0.00|0.05|-0.00|0.00|0.00|0.00|0.00|0.01|0.01|-0.89|0.15|0.01|-0.05|0.02|-0.03|-31.00|61.00|48210.00|2144.00
27.74734377861023|0.10|-0.04|-0.02|0.00|0.00|-0.00|-0.00|0.00|-0.00|-0.00|-0.00|0.00|0.00|0.00|0.00|-0.49|0.10|0.01|-0.05|0.02|-0.03|-31.00|61.00|48138.00|2159.00
27.90316414833069|0.11|0.01|0.01|-0.01|-0.01|-0.00|-0.00|-0.04|-0.00|0.00|0.00|-0.00|-0.00|0.00|0.00|-6.79|-0.06|0.01|-0.05|0.02|-0.03|-31.00|61.00|47106.00|2150.00
28.05070471763611|0.10|0.00|0.00|-0.01|0.00|-0.00|-0.00|-0.10|0.00|0.00|0.00|-0.00|0.00|0.00|0.00|-21.36|-0.05|0.01|-0.05|0.02|-0.03|-31.00|61.00|43838.00|2143.00
28.206247091293335|0.09|-0.01|-0.00|-0.00|-0.02|-0.00|-0.00|0.11|0.00|-0.00|0.00|-0.00|-0.00|0.00|0.00|-5.45|0.19|0.01|-0.05|0.02|-0.03|-31.00|61.00|43021.00|2171.00
28.35785937309265|0.11|0.02|0.01|-0.02|-0.01|-0.00|-0.00|0.03|-0.00|0.00|0.00|-0.01|-0.00|0.00|0.00|-0.66|-0.25|0.01|-0.05|0.02|-0.03|-31.00|61.00|42919.00|2133.00
28.50541591644287|0.09|-0.02|-0.01|0.07|0.07|-0.00|-0.00|0.00|0.00|-0.00|0.00|0.01|0.01|0.00|0.00|-0.11|0.05|0.01|-0.05|0.02|-0.03|-31.00|61.00|42903.00|2141.00
28.664992809295654|0.09|-0.01|-0.01|-0.05|-0.05|-0.00|-0.00|-0.01|-0.00|-0.00|0.00|-0.00|-0.00|-0.03|0.20|-1.61|-0.34|0.01|-0.05|0.02|-0.03|-35.00|91.00|42663.00|2091.00
28.81264638900757|0.10|0.00|-0.00|-0.00|-0.01|0.00|-0.00|0.01|0.00|-0.00|0.00|-0.00|-0.00|0.00|0.00|-0.04|0.19|0.01|-0.05|0.02|-0.03|-35.00|91.00|42656.00|2121.00
28.96423316001892|0.08|-0.00|-0.00|0.01|0.02|0.00|-0.00|0.00|-0.00|-0.00|0.00|-0.00|0.00|0.00|0.04|0.00|-0.03|0.01|-0.05|0.02|-0.03|-35.00|97.00|42656.00|2117.00
29.114835023880005|0.12|0.00|0.00|-0.01|-0.01|0.00|-0.00|0.00|0.00|-0.00|0.00|-0.00|-0.00|0.00|0.02|0.52|0.07|0.01|-0.05|0.02|-0.03|-35.00|100.00|42733.00|2127.00
29.263081312179565|0.10|0.00|0.00|-0.00|0.00|0.00|-0.00|0.01|-0.00|-0.00|0.00|-0.00|-0.00|0.00|0.00|1.90|0.01|0.01|-0.05|0.02|-0.03|-35.00|100.00|43018.00|2128.00
29.413659811019897|0.10|-0.01|-0.01|0.01|0.01|0.00|-0.00|0.00|-0.00|-0.00|0.00|-0.00|0.00|0.00|0.00|2.61|-0.05|0.01|-0.05|0.02|-0.03|-35.00|100.00|43407.00|2121.00
29.56130886077881|0.12|0.00|0.00|0.01|0.01|0.00|-0.00|0.02|-0.00|-0.00|0.00|0.00|0.00|0.00|0.00|4.97|-0.29|0.01|-0.05|0.02|-0.03|-35.00|100.00|44163.00|2077.00
29.708946228027344|0.14|0.00|0.00|0.00|-0.01|0.00|-0.00|-0.02|0.00|-0.00|0.00|0.00|0.00|0.00|0.00|2.48|0.07|0.01|-0.05|0.02|-0.03|-35.00|100.00|44527.00|2087.00
29.86059069633484|0.12|-0.00|-0.00|-0.04|-0.03|0.00|-0.00|0.02|0.00|-0.00|0.00|-0.00|-0.00|0.00|0.00|5.94|0.12|0.01|-0.05|0.02|-0.03|-35.00|100.00|45406.00|2105.00
30.012136697769165|0.11|0.02|0.02|-0.01|-0.02|0.00|-0.00|-0.03|-0.00|0.00|0.00|-0.01|-0.01|0.00|0.00|1.86|0.11|0.01|-0.05|0.02|-0.03|-35.00|100.00|45687.00|2121.00
30.163739681243896|0.10|-0.03|-0.02|0.04|0.04|0.00|-0.00|-0.01|-0.00|-0.00|0.00|0.00|-0.00|0.00|0.00|0.15|0.00|0.01|-0.05|0.02|-0.03|-35.00|100.00|45710.00|2121.00
30.31999111175537|0.09|-0.02|-0.00|-0.01|-0.00|0.00|-0.00|-0.00|-0.00|-0.00|-0.00|-0.00|-0.00|0.00|0.00|0.09|0.11|0.01|-0.05|0.02|-0.03|-35.00|100.00|45723.00|2137.00
30.470592260360718|0.14|0.02|0.01|0.01|0.01|0.00|-0.00|-0.00|-0.00|-0.00|0.00|-0.00|-0.00|-0.06|-0.03|-0.11|0.09|0.01|-0.05|0.02|-0.03|-44.00|96.00|45706.00|2151.00
30.626185178756714|0.11|0.00|-0.01|-0.02|-0.02|0.00|0.00|0.00|-0.00|-0.00|-0.00|-0.00|-0.00|0.02|0.09|-0.06|0.07|0.01|-0.05|0.02|-0.03|-41.00|110.00|45697.00|2161.00
30.773874044418335|0.10|0.01|0.00|-0.02|-0.02|-0.00|-0.00|0.01|0.00|0.00|0.00|-0.01|-0.01|-0.03|-0.09|0.89|0.24|0.01|-0.05|0.02|-0.03|-45.00|97.00|45832.00|2198.00
30.92536473274231|0.09|-0.00|0.00|0.03|0.04|0.00|0.00|0.01|-0.00|-0.00|0.00|-0.00|-0.00|0.05|0.05|1.91|-0.10|0.01|-0.05|0.02|-0.03|-38.00|105.00|46121.00|2183.00
31.080946445465088|0.09|-0.00|-0.00|-0.01|-0.01|-0.00|-0.00|-0.01|0.00|-0.00|0.00|-0.00|-0.00|-0.01|0.01|-0.03|0.05|0.01|-0.05|0.02|-0.03|-39.00|106.00|46117.00|2191.00
31.22837543487549|0.09|-0.00|0.00|0.02|0.02|0.00|-0.00|0.01|0.00|-0.00|0.00|0.00|0.00|0.00|0.00|1.33|0.06|0.01|-0.05|0.02|-0.03|-39.00|106.00|46326.00|2201.00
31.384007692337036|0.09|0.00|-0.00|-0.02|-0.01|0.00|-0.00|-0.01|-0.00|-0.00|0.00|-0.00|-0.00|0.00|0.00|0.13|-0.16|0.01|-0.05|0.02|-0.03|-39.00|106.00|46345.00|2178.00
31.531540632247925|0.09|0.00|-0.00|0.01|0.00|0.00|-0.00|-0.00|0.00|-0.00|0.00|-0.00|-0.00|0.00|0.00|0.13|0.12|0.01|-0.05|0.02|-0.03|-39.00|106.00|46365.00|2196.00
31.68313479423523|0.10|0.00|-0.00|0.01|0.00|0.00|-0.00|-0.00|-0.00|-0.00|0.00|0.00|-0.00|0.00|0.00|0.02|0.05|0.01|-0.05|0.02|-0.03|-39.00|106.00|46368.00|2203.00
31.83074688911438|0.10|0.00|0.00|-0.00|0.01|0.00|-0.00|0.00|-0.00|-0.00|0.00|0.00|0.00|0.00|0.00|0.26|-0.11|0.01|-0.05|0.02|-0.03|-39.00|106.00|46407.00|2187.00
31.978363037109375|0.10|0.00|-0.00|0.01|0.00|0.00|-0.00|0.00|0.00|-0.00|0.00|0.00|0.00|0.00|0.00|0.99|-0.10|0.01|-0.05|0.02|-0.03|-39.00|106.00|46554.00|2172.00
32.1338894367218|0.11|-0.00|-0.00|-0.03|-0.01|0.00|-0.00|-0.01|0.00|-0.00|-0.00|-0.00|0.00|0.00|0.00|0.01|0.21|0.01|-0.05|0.02|-0.03|-39.00|106.00|46556.00|2203.00
32.28515434265137|0.10|-0.00|0.00|-0.00|-0.01|0.00|-0.00|-0.00|-0.00|-0.00|0.00|-0.00|-0.00|0.00|0.00|0.00|0.09|0.01|-0.05|0.02|-0.03|-39.00|106.00|46556.00|2217.00
32.440680265426636|0.10|0.00|-0.00|0.00|-0.02|0.00|-0.00|-0.00|-0.00|-0.00|0.00|-0.00|-0.00|0.00|0.00|-0.03|-0.05|0.01|-0.05|0.02|-0.03|-39.00|106.00|46552.00|2210.00
32.588385343551636|0.11|-0.00|-0.00|0.00|0.01|0.00|-0.00|0.00|0.00|-0.00|0.00|-0.00|-0.00|0.00|0.00|0.00|0.19|0.01|-0.05|0.02|-0.03|-39.00|106.00|46552.00|2240.00
32.739917039871216|0.11|0.00|0.00|0.01|0.01|0.00|-0.00|0.00|-0.00|-0.00|0.00|-0.00|-0.00|0.00|0.00|0.01|0.15|0.01|-0.05|0.02|-0.03|-39.00|106.00|46553.00|2262.00
32.89155626296997|0.08|0.00|0.00|-0.00|0.01|0.00|-0.00|-0.00|-0.00|-0.00|0.00|-0.00|-0.00|0.00|0.00|-0.01|0.01|0.01|-0.05|0.02|-0.03|-39.00|106.00|46552.00|2263.00
33.04315638542175|0.11|-0.00|-0.00|0.00|-0.00|0.00|-0.00|0.00|-0.00|-0.00|0.00|-0.00|-0.00|0.00|0.00|0.00|-0.05|0.01|-0.05|0.02|-0.03|-39.00|106.00|46552.00|2255.00
33.190765619277954|0.09|0.00|0.00|0.01|0.00|0.00|-0.00|0.00|0.00|-0.00|0.00|0.00|-0.00|0.00|0.00|0.00|0.00|0.01|-0.05|0.02|-0.03|-39.00|106.00|46552.00|2255.00
33.34236454963684|0.10|-0.00|-0.00|-0.05|-0.03|0.00|-0.00|0.00|0.00|-0.00|0.00|-0.00|-0.00|0.00|0.00|0.00|0.00|0.01|-0.05|0.02|-0.03|-39.00|106.00|46552.00|2255.00
33.48998975753784|0.09|0.00|0.00|0.05|0.07|0.00|-0.00|0.00|0.00|0.00|0.00|0.00|0.01|0.00|0.00|0.49|-0.19|0.01|-0.05|0.02|-0.03|-39.00|106.00|46627.00|2226.00
33.64155077934265|0.11|-0.00|-0.00|-0.03|-0.02|0.00|-0.00|-0.00|0.00|-0.00|0.00|-0.00|0.00|0.00|0.00|0.09|0.06|0.01|-0.05|0.02|-0.03|-39.00|106.00|46640.00|2235.00
33.79714035987854|0.11|-0.00|-0.00|-0.01|-0.02|0.00|-0.00|-0.00|-0.00|-0.00|-0.00|-0.00|0.00|0.00|0.00|0.03|-0.01|0.01|-0.05|0.02|-0.03|-39.00|106.00|46644.00|2234.00
33.948734521865845|0.10|0.00|0.00|0.01|-0.02|0.00|-0.00|-0.00|-0.00|-0.00|-0.00|-0.00|-0.00|0.00|0.00|0.02|-0.03|0.01|-0.05|0.02|-0.03|-39.00|106.00|46647.00|2229.00
34.09533143043518|0.09|-0.00|0.00|0.01|0.01|0.00|-0.00|-0.00|0.00|-0.00|0.00|0.00|-0.00|0.00|0.00|0.01|0.00|0.01|-0.05|0.02|-0.03|-39.00|106.00|46648.00|2229.00
34.24794363975525|0.11|-0.00|-0.00|-0.00|0.00|0.00|-0.00|-0.00|0.00|-0.00|0.00|0.00|-0.00|0.00|0.00|0.00|0.00|0.01|-0.05|0.02|-0.03|-39.00|106.00|46648.00|2229.00
34.399529457092285|0.12|0.00|-0.00|-0.00|-0.00|0.00|-0.00|-0.00|0.00|-0.00|0.00|-0.00|-0.00|0.00|0.00|0.00|0.00|0.01|-0.05|0.02|-0.03|-39.00|106.00|46648.00|2229.00
34.55008888244629|0.15|-0.00|-0.00|0.00|-0.00|0.00|-0.00|-0.00|0.00|-0.00|0.00|0.00|-0.00|0.00|0.00|0.00|0.00|0.01|-0.05|0.02|-0.03|-39.00|106.00|46648.00|2229.00
34.701735496520996|0.19|-0.00|0.00|-0.00|0.01|0.00|-0.00|-0.00|0.00|-0.00|0.00|0.00|-0.00|0.00|0.00|0.00|0.00|0.01|-0.05|0.02|-0.03|-39.00|106.00|46648.00|2229.00
34.853397607803345|0.12|-0.00|0.00|-0.01|-0.01|0.00|-0.00|-0.00|0.00|-0.00|0.00|-0.00|-0.00|0.00|0.00|0.00|0.00|0.01|-0.05|0.02|-0.03|-39.00|106.00|46648.00|2229.00
35.00093054771423|0.16|0.00|-0.00|0.01|0.01|0.00|-0.00|-0.00|0.00|-0.00|0.00|0.00|0.00|0.00|0.00|0.00|0.00|0.01|-0.05|0.02|-0.03|-39.00|106.00|46648.00|2229.00
35.15253257751465|0.14|0.00|0.00|-0.01|-0.01|0.00|-0.00|-0.00|0.00|-0.00|0.00|-0.00|-0.00|0.00|0.00|0.00|0.00|0.01|-0.05|0.02|-0.03|-39.00|106.00|46648.00|2229.00
35.300209045410156|0.11|0.00|0.00|0.00|0.00|0.00|-0.00|-0.00|0.00|0.00|0.00|-0.00|-0.00|0.00|0.00|0.00|0.00|0.01|-0.05|0.02|-0.03|-39.00|106.00|46648.00|2229.00
35.4477424621582|0.12|0.00|-0.00|0.01|0.01|0.00|-0.00|-0.00|0.00|0.00|0.00|0.00|0.00|0.00|0.00|0.00|0.00|0.01|-0.05|0.02|-0.03|-39.00|106.00|46648.00|2229.00
35.599329233169556|0.12|-0.00|0.00|-0.01|-0.01|0.00|-0.00|-0.00|0.00|-0.00|0.00|-0.00|-0.00|0.00|0.00|0.00|0.00|0.01|-0.05|0.02|-0.03|-39.00|106.00|46648.00|2229.00
35.750930070877075|0.12|0.00|-0.00|0.00|0.00|0.00|-0.00|-0.00|0.00|-0.00|0.00|-0.00|-0.00|0.00|0.00|0.00|-0.02|0.01|-0.05|0.02|-0.03|-39.00|106.00|46648.00|2226.00
35.90650463104248|0.12|-0.00|-0.00|-0.00|-0.00|0.00|-0.00|-0.00|0.00|-0.00|-0.00|-0.00|-0.00|0.00|0.00|0.00|-0.01|0.01|-0.05|0.02|-0.03|-39.00|106.00|46648.00|2224.00
36.06210112571716|0.10|-0.02|-0.00|-0.00|-0.00|0.00|-0.00|-0.00|-0.00|-0.00|-0.00|-0.00|-0.00|0.00|0.00|-0.01|-0.06|0.01|-0.05|0.02|-0.03|-39.00|106.00|46646.00|2214.00
36.21770739555359|0.12|0.02|0.00|-0.02|-0.03|0.00|-0.00|-0.01|-0.00|-0.00|-0.00|-0.00|-0.01|0.00|0.00|-1.13|-0.17|0.01|-0.05|0.01|-0.03|-39.00|106.00|46468.00|2188.00
36.37333607673645|0.11|-0.01|-0.00|-0.00|0.02|0.00|-0.00|-0.03|-0.00|-0.00|-0.00|-0.01|-0.00|0.00|0.00|-6.30|-0.32|0.01|-0.05|0.01|-0.03|-39.00|106.00|45491.00|2139.00
36.52894878387451|0.11|0.01|0.00|0.01|-0.00|0.00|-0.00|-0.05|-0.00|-0.00|0.00|-0.00|-0.00|0.00|0.00|-14.55|-0.78|0.01|-0.05|0.01|-0.03|-39.00|106.00|43221.00|2018.00
36.68044066429138|0.11|0.00|-0.00|-0.01|-0.00|0.00|-0.00|0.17|0.01|-0.00|0.00|-0.01|-0.00|0.00|0.00|12.05|0.31|0.01|-0.05|0.01|-0.03|-39.00|106.00|45065.00|2066.00
36.832048416137695|0.11|-0.00|0.00|0.03|0.01|0.00|-0.00|-0.05|-0.00|-0.00|0.00|-0.00|-0.00|0.00|0.00|4.99|0.11|0.01|-0.05|0.01|-0.03|-39.00|106.00|45829.00|2083.00
36.98373627662659|0.13|0.00|0.00|0.01|0.01|0.00|-0.00|-0.03|-0.00|-0.00|0.00|-0.00|-0.00|0.00|0.00|0.05|-0.10|0.01|-0.05|0.01|-0.03|-39.00|106.00|45837.00|2068.00
37.13521957397461|0.13|-0.00|-0.00|-0.00|-0.00|0.00|-0.00|-0.00|0.00|-0.00|0.00|-0.00|-0.00|0.00|0.00|-0.42|-0.03|0.01|-0.05|0.01|-0.03|-39.00|106.00|45774.00|2063.00
37.290815114974976|0.11|0.00|-0.00|0.00|0.01|0.00|-0.00|-0.01|-0.00|-0.00|0.00|0.00|-0.00|0.00|0.00|-1.22|-0.10|0.01|-0.05|0.01|-0.03|-39.00|106.00|45583.00|2048.00
37.442405462265015|0.10|-0.00|-0.00|-0.03|-0.02|0.00|-0.00|0.00|0.00|-0.00|-0.00|-0.00|-0.00|0.00|0.00|-0.91|-0.07|0.01|-0.05|0.01|-0.04|-39.00|106.00|45446.00|2038.00
37.59401249885559|0.13|0.00|-0.00|0.03|0.02|0.00|-0.00|0.01|0.00|-0.00|-0.00|0.00|-0.00|0.00|0.00|-0.01|-0.01|0.01|-0.05|0.01|-0.04|-39.00|106.00|45445.00|2037.00
37.749589920043945|0.11|0.00|0.00|-0.01|0.00|0.00|-0.00|-0.00|-0.00|-0.00|-0.00|0.00|-0.00|0.00|0.00|-0.19|-0.10|0.01|-0.05|0.01|-0.04|-39.00|106.00|45416.00|2022.00
37.9052414894104|0.10|-0.00|-0.00|-0.00|-0.00|0.00|-0.00|0.00|0.00|-0.00|-0.00|-0.00|-0.00|0.00|0.00|-0.14|-0.09|0.01|-0.05|0.01|-0.04|-39.00|106.00|45395.00|2008.00
38.05256724357605|0.12|0.00|0.00|-0.02|-0.01|0.00|-0.00|0.00|0.00|0.00|0.00|-0.00|-0.00|0.00|0.00|-0.01|0.01|0.01|-0.05|0.01|-0.04|-39.00|106.00|45393.00|2010.00
38.2040810585022|0.11|-0.00|0.00|0.01|0.01|0.00|-0.00|-0.00|0.00|-0.00|0.00|-0.00|-0.00|0.00|0.00|-0.06|0.04|0.01|-0.05|0.01|-0.04|-39.00|106.00|45384.00|2016.00
38.355687618255615|0.11|-0.00|-0.00|0.02|0.01|0.00|-0.00|0.00|-0.00|-0.00|0.00|0.00|0.00|0.00|0.00|-0.01|0.01|0.01|-0.05|0.01|-0.04|-39.00|106.00|45383.00|2017.00
38.50690793991089|0.11|-0.00|0.00|-0.01|-0.01|0.00|-0.00|0.00|-0.00|-0.00|0.00|-0.00|-0.00|0.00|0.00|0.00|0.00|0.01|-0.05|0.01|-0.04|-39.00|106.00|45383.00|2017.00
38.65853810310364|0.11|0.00|0.00|-0.00|-0.00|0.00|-0.00|0.00|-0.00|-0.00|0.00|-0.00|-0.00|0.00|0.00|0.00|0.00|0.01|-0.05|0.01|-0.04|-39.00|106.00|45383.00|2017.00
38.81413412094116|0.11|-0.00|-0.00|-0.00|-0.00|0.00|-0.00|0.00|-0.00|-0.00|-0.00|-0.00|-0.00|0.00|0.00|-0.09|-0.05|0.01|-0.05|0.01|-0.04|-39.00|106.00|45370.00|2010.00
38.96573185920715|0.09|0.00|0.00|-0.02|-0.01|0.00|-0.00|0.00|0.00|0.00|-0.00|-0.00|-0.00|0.00|0.00|-0.01|0.00|0.01|-0.05|0.01|-0.04|-39.00|106.00|45368.00|2010.00
39.113337993621826|0.10|-0.00|0.00|0.03|0.03|0.00|-0.00|-0.00|0.00|0.00|0.00|-0.00|0.00|0.00|0.00|-0.21|-0.09|0.01|-0.05|0.01|-0.04|-39.00|106.00|45337.00|1996.00
