0.11571645736694336|.00|0.01|0.00|0.00|0.00|0.00|-0.00|0.00|-0.00|0.00|0.00|0.00|0.00|0.00|0.00|-0.05|0.00|-0.05|0.00|1.00|0.00|-5.00
0.2593255043029785|0.13|-0.00|-0.00|0.00|-0.01|0.00|0.00|0.00|0.00|-0.00|-0.00|-0.00|-0.00|0.00|0.00|0.00|0.00|0.00|-0.05|0.00|-0.05|0.00|1.00|0.00|-5.00
0.39849424362182617|0.12|0.00|0.00|-0.00|-0.00|0.00|0.00|0.00|0.00|-0.00|0.00|-0.00|-0.00|0.00|0.00|0.00|0.00|0.00|-0.05|0.00|-0.05|0.00|1.00|0.00|-5.00
0.5341143608093262|0.12|0.00|0.00|-0.00|0.01|0.00|0.00|0.00|0.00|-0.00|0.00|-0.00|0.00|0.00|0.00|0.00|0.00|0.00|-0.05|0.00|-0.05|0.00|1.00|0.00|-5.00
0.6687543392181396|0.12|0.00|-0.00|0.00|-0.00|0.00|0.00|0.00|0.00|0.00|-0.00|0.00|0.00|0.00|0.00|0.00|0.00|0.00|-0.05|0.00|-0.05|0.00|1.00|0.00|-5.00
0.8123912811279297|0.14|-0.00|-0.00|-0.00|-0.00|0.00|0.00|0.00|0.00|-0.00|-0.00|0.00|-0.00|0.00|0.00|0.00|-0.06|0.00|-0.05|0.00|-0.05|0.00|1.00|0.00|-13.00
0.9520237445831299|0.13|-0.00|0.00|-0.00|0.00|0.00|0.00|0.00|0.00|-0.00|-0.00|-0.00|-0.00|0.00|0.00|0.00|0.00|0.00|-0.05|0.00|-0.05|0.00|1.00|0.00|-13.00
1.0866572856903076|0.14|0.00|0.00|0.00|0.00|0.00|0.00|0.00|0.00|0.00|0.00|0.00|0.00|0.00|0.00|0.00|-0.01|0.00|-0.05|0.00|-0.05|0.00|1.00|0.00|-14.00
1.2262649536132812|0.12|-0.00|-0.00|-0.00|0.00|0.00|0.00|0.00|0.00|-0.00|0.00|0.00|0.00|0.00|0.00|0.00|0.00|0.00|-0.05|0.00|-0.05|0.00|1.00|0.00|-14.00
1.364870548248291|0.13|0.00|-0.00|0.00|-0.00|0.00|0.00|0.00|0.00|0.00|-0.00|0.00|0.00|0.00|0.00|0.00|0.00|0.00|-0.05|0.00|-0.05|0.00|1.00|0.00|-14.00
1.504584550857544|0.12|-0.00|0.00|-0.00|-0.00|0.00|0.00|0.00|0.00|0.00|-0.00|-0.00|-0.00|0.00|0.00|0.00|0.00|0.00|-0.05|0.00|-0.05|0.00|1.00|0.00|-14.00
1.6441566944122314|0.12|-0.00|-0.00|-0.00|0.00|0.00|0.00|0.00|0.00|-0.00|-0.00|-0.00|0.00|0.00|0.00|0.00|0.00|0.00|-0.05|0.00|-0.05|0.00|1.00|0.00|-14.00
1.782792091369629|0.12|0.00|0.00|0.00|-0.00|0.00|0.00|0.00|0.00|0.00|0.00|-0.00|-0.00|0.00|0.00|0.00|0.00|0.00|-0.05|0.00|-0.05|0.00|1.00|0.00|-14.00
1.9224231243133545|0.13|0.04|-0.01|-0.00|0.01|0.00|0.00|0.00|0.00|0.01|-0.00|-0.00|0.00|0.00|0.00|0.00|0.00|0.00|-0.05|0.00|-0.05|0.00|1.00|0.00|-14.00
2.0659968852996826|0.14|-0.04|0.01|-0.05|-0.03|0.00|0.00|0.00|0.00|-0.00|0.00|-0.01|-0.00|0.00|0.00|0.00|0.67|0.00|-0.05|-0.00|-0.05|0.00|1.00|-15.00|78.00
2.204676389694214|0.13|0.01|-0.00|-0.05|0.01|0.00|0.00|0.00|0.00|0.00|0.00|-0.02|-0.00|0.00|0.00|-0.05|0.85|0.00|-0.05|-0.00|-0.05|0.00|1.00|-22.00|200.00
2.3482766151428223|0.12|0.01|0.00|0.12|0.00|0.00|0.00|0.00|-0.01|0.00|0.00|0.00|-0.00|0.00|0.00|-0.02|0.04|0.00|-0.05|-0.00|-0.05|0.00|1.00|-25.00|205.00
2.495889663696289|0.13|-0.00|-0.01|-0.02|-0.00|0.00|0.00|-0.00|-0.00|0.00|-0.00|0.00|-0.00|0.00|0.00|-0.05|-0.12|0.00|-0.05|-0.00|-0.05|0.00|1.00|-32.00|188.00
2.635476589202881|0.12|-0.27|0.14|0.29|0.09|0.00|0.00|0.01|0.00|-0.04|0.02|0.04|0.01|0.00|0.00|0.91|0.07|-0.00|-0.05|0.00|-0.05|0.00|1.00|102.00|198.00
2.7781779766082764|0.13|-0.32|0.09|0.11|0.17|0.00|0.00|0.60|0.01|-0.08|0.03|0.06|0.04|0.00|0.00|83.68|1.30|-0.01|-0.04|0.01|-0.05|0.00|1.00|11733.00|379.00
2.9217631816864014|0.12|0.50|0.01|-0.06|-0.07|0.00|0.00|0.46|-0.00|-0.01|0.04|0.05|0.03|0.00|0.00|149.13|1.08|-0.02|-0.04|0.02|-0.04|0.00|1.00|32910.00|533.00
3.0693440437316895|0.11|-0.10|0.05|-0.24|0.03|0.00|0.00|0.13|-0.00|-0.03|0.04|0.01|0.03|0.00|0.00|167.86|0.74|-0.02|-0.03|0.02|-0.04|0.00|1.00|57417.00|641.00
3.2169737815856934|0.12|0.05|-0.03|-0.18|-0.03|0.00|0.00|-0.65|-0.01|-0.02|0.04|-0.01|0.03|0.00|0.00|73.03|-0.56|-0.02|-0.03|0.02|-0.03|0.00|1.00|68080.00|559.00
3.364537239074707|0.13|0.23|-0.19|-0.14|-0.11|0.00|0.00|-0.44|-0.00|0.02|0.01|-0.03|0.01|0.00|0.00|7.17|-0.65|-0.02|-0.03|0.02|-0.03|0.00|1.00|69149.00|462.00
3.5111937522888184|0.12|-0.05|-0.04|0.20|-0.04|0.00|0.00|-0.05|-0.00|0.01|0.00|-0.00|0.01|0.00|0.00|0.32|-0.75|-0.02|-0.02|0.02|-0.03|0.00|1.00|69195.00|352.00
3.654787063598633|0.14|-0.03|-0.00|0.09|0.09|0.00|0.00|0.09|0.01|0.00|0.00|0.01|0.02|0.00|0.00|13.36|0.22|-0.02|-0.02|0.02|-0.03|0.00|1.00|71159.00|384.00
3.8023641109466553|0.20|-0.01|-0.03|-0.07|-0.10|0.00|0.00|0.04|-0.00|0.00|-0.00|-0.00|0.00|0.00|0.00|18.38|0.15|-0.02|-0.02|0.02|-0.03|0.00|1.00|73769.00|405.00
3.9460182189941406|0.15|0.03|-0.03|0.02|-0.03|0.00|0.00|-0.12|-0.00|0.01|-0.00|0.00|-0.00|0.00|0.00|0.98|0.07|-0.02|-0.03|0.02|-0.03|0.00|1.00|73914.00|416.00
4.093635320663452|0.13|-0.06|0.03|-0.02|0.01|0.00|0.00|0.01|-0.00|-0.00|-0.00|0.00|0.00|0.00|0.00|3.06|-0.03|-0.02|-0.03|0.02|-0.03|0.00|1.00|74361.00|411.00
4.236202955245972|0.12|0.03|0.02|0.10|0.02|0.00|0.00|-0.07|0.00|0.00|0.00|0.02|0.00|0.00|0.00|-7.23|0.39|-0.02|-0.02|0.02|-0.03|0.00|1.00|73312.00|468.00
4.379964590072632|0.14|0.00|-0.02|-0.12|-0.01|0.00|0.00|0.03|-0.00|0.00|0.00|-0.00|0.00|0.00|0.00|-3.33|0.04|-0.02|-0.02|0.02|-0.03|0.00|1.00|72839.00|473.00
4.527472257614136|0.11|-0.01|0.01|0.02|-0.05|0.00|0.00|-0.13|-0.00|0.00|0.00|0.00|-0.01|0.00|0.00|-22.23|-0.06|-0.02|-0.02|0.02|-0.03|0.00|1.00|69615.00|464.00
4.6751556396484375|0.12|-0.00|-0.01|-0.06|0.02|0.00|0.00|0.09|0.00|0.00|0.00|-0.01|-0.00|0.00|0.00|-9.52|0.00|-0.02|-0.02|0.02|-0.03|0.00|1.00|68197.00|464.00
4.817694902420044|0.13|0.00|0.02|0.07|0.02|0.00|0.00|0.01|0.00|0.00|0.00|0.00|-0.00|0.00|0.00|-8.34|-0.37|-0.02|-0.02|0.02|-0.03|0.00|1.00|66988.00|411.00
4.965303897857666|0.12|-0.03|-0.02|-0.01|-0.01|0.00|0.00|0.02|0.00|-0.00|-0.00|-0.00|-0.00|0.00|0.00|-4.86|-0.18|-0.02|-0.02|0.02|-0.03|0.00|1.00|66298.00|385.00
5.108936786651611|0.14|0.02|0.02|-0.10|0.02|0.00|0.00|0.04|0.00|-0.00|0.00|-0.02|0.00|0.00|0.00|0.87|0.01|-0.02|-0.02|0.02|-0.03|0.00|1.00|66428.00|386.00
5.256512403488159|0.13|-0.01|0.00|0.11|-0.02|0.00|0.00|0.01|0.00|-0.00|0.00|-0.00|-0.00|0.00|0.00|2.99|0.07|-0.02|-0.02|0.02|-0.03|0.00|1.00|66853.00|396.00
5.395244598388672|0.14|0.03|0.00|-0.03|0.07|0.00|0.00|0.13|0.00|0.00|0.00|-0.01|0.01|0.00|0.00|22.01|0.39|-0.02|-0.02|0.01|-0.03|0.00|1.00|70023.00|452.00
5.542858600616455|0.10|-0.00|-0.01|0.06|-0.01|0.00|0.00|0.06|-0.00|0.00|0.00|0.00|0.01|0.00|0.00|30.89|-0.13|-0.02|-0.02|0.02|-0.03|0.00|1.00|74471.00|433.00
5.6904261112213135|0.10|-0.01|-0.01|-0.02|0.00|0.00|0.00|-0.10|0.00|0.00|0.00|-0.00|0.01|0.00|0.00|15.88|0.19|-0.02|-0.02|0.01|-0.03|0.00|1.00|76773.00|460.00
5.838030815124512|0.07|-0.01|-0.01|-0.00|-0.02|0.00|0.00|-0.09|-0.00|-0.00|-0.00|-0.00|0.00|0.00|0.00|3.15|-0.22|-0.02|-0.02|0.01|-0.02|0.00|1.00|77233.00|428.00
5.985671758651733|0.09|-0.00|-0.00|0.02|-0.02|0.00|0.00|-0.02|0.00|-0.00|-0.00|0.00|0.00|0.00|0.00|0.00|0.05|-0.02|-0.02|0.02|-0.02|0.00|1.00|77233.00|435.00
6.133233547210693|0.10|-0.02|-0.08|-0.01|-0.02|0.00|0.00|-0.02|0.00|-0.00|-0.01|0.00|-0.00|0.00|0.00|-1.85|0.08|-0.02|-0.02|0.02|-0.02|0.00|1.00|76963.00|446.00
6.280816316604614|0.09|0.03|0.02|-0.02|0.00|0.00|0.00|-0.07|-0.00|0.00|-0.01|-0.00|-0.00|0.00|0.00|-11.88|-0.20|-0.02|-0.03|0.02|-0.02|0.00|1.00|75193.00|416.00
6.431539535522461|0.09|-0.01|0.03|-0.01|0.01|0.00|0.00|-0.02|0.00|-0.00|-0.00|-0.00|-0.00|0.00|0.00|-14.48|-0.03|-0.02|-0.03|0.02|-0.03|0.00|1.00|73036.00|412.00
6.583035469055176|0.10|-0.01|0.01|-0.02|-0.02|0.00|0.00|0.02|-0.00|-0.00|-0.00|-0.01|-0.00|0.00|0.00|-12.15|-0.21|-0.02|-0.03|0.01|-0.03|0.00|1.00|71225.00|380.00
6.726660251617432|0.08|0.02|0.01|0.04|0.02|0.00|0.00|0.05|-0.00|0.00|-0.00|0.00|-0.00|0.00|0.00|-4.97|-0.28|-0.02|-0.03|0.01|-0.03|0.00|1.00|70474.00|338.00
6.8742687702178955|0.09|0.00|0.01|-0.02|-0.01|0.00|0.00|0.02|0.00|0.00|0.00|-0.00|-0.00|0.00|0.00|-1.79|0.00|-0.02|-0.03|0.01|-0.03|0.00|1.00|70215.00|338.00
7.017874479293823|0.10|-0.02|0.01|-0.01|0.01|0.00|0.00|-0.03|0.00|-0.00|0.00|-0.00|-0.00|0.00|0.00|-5.86|0.01|-0.02|-0.03|0.01|-0.03|0.00|1.00|69371.00|340.00
7.165459871292114|0.08|0.02|-0.01|0.02|0.02|0.00|0.00|-0.01|-0.00|0.00|0.00|-0.00|0.00|0.00|0.00|-7.45|-0.10|-0.02|-0.03|0.01|-0.03|0.00|1.00|68276.00|326.00
7.312190532684326|0.09|-0.02|0.00|-0.01|0.01|0.00|0.00|0.02|-0.00|-0.00|0.00|-0.00|0.00|0.00|0.00|-3.84|-0.19|-0.02|-0.03|0.01|-0.03|0.00|1.00|67719.00|299.00
7.455716133117676|0.08|0.01|0.01|-0.00|0.02|0.00|0.00|0.02|0.00|-0.00|0.00|-0.00|0.00|0.00|0.00|-1.37|0.00|-0.02|-0.03|0.01|-0.03|0.00|1.00|67518.00|299.00
7.5993242263793945|0.09|-0.00|-0.01|0.04|0.02|0.00|0.00|0.02|0.00|-0.00|0.00|0.00|0.01|0.00|0.00|1.21|-0.06|-0.02|-0.03|0.01|-0.02|0.00|1.00|67691.00|290.00
7.746955871582031|0.10|-0.00|-0.00|-0.01|-0.05|0.00|0.00|-0.01|0.00|-0.00|0.00|0.00|-0.00|0.00|0.00|-0.14|0.15|-0.02|-0.03|0.01|-0.02|0.00|1.00|67671.00|311.00
7.89053750038147|0.09|0.01|0.00|-0.01|0.00|0.00|0.00|-0.00|-0.00|0.00|0.00|0.00|0.00|0.00|0.00|-0.68|0.00|-0.02|-0.03|0.01|-0.02|0.00|1.00|67570.00|311.00
8.033263921737671|0.09|0.01|0.00|0.00|0.01|0.00|0.00|0.00|-0.00|0.00|0.00|0.00|0.00|0.00|0.00|-0.24|0.00|-0.02|-0.03|0.01|-0.02|0.00|1.00|67535.00|311.00
8.180770635604858|0.08|-0.01|-0.01|-0.02|-0.01|0.00|0.00|-0.06|-0.00|0.00|-0.00|-0.00|0.00|0.00|0.00|-9.39|-0.25|-0.02|-0.03|0.01|-0.02|0.00|1.00|66201.00|275.00
8.328384399414062|0.10|0.00|-0.00|0.00|-0.01|0.00|0.00|-0.02|0.00|0.00|-0.00|-0.00|-0.00|0.00|0.00|-12.64|0.26|-0.02|-0.03|0.01|-0.02|0.00|1.00|64317.00|313.00
8.47993540763855|0.10|-0.00|0.01|-0.00|0.00|0.00|0.00|0.01|-0.00|0.00|-0.00|-0.00|-0.00|0.00|0.00|-11.72|0.21|-0.02|-0.03|0.01|-0.02|0.00|1.00|62570.00|345.00
8.61955738067627|0.09|0.00|0.02|0.01|0.01|0.00|0.00|0.02|-0.00|0.00|0.00|-0.00|0.00|0.00|0.00|-8.30|0.17|-0.02|-0.03|0.01|-0.02|0.00|1.00|61350.00|370.00
8.76621389389038|0.09|0.00|-0.01|-0.00|0.00|0.00|0.00|0.05|-0.00|0.00|0.00|-0.00|0.00|0.00|0.00|-1.00|0.03|-0.02|-0.03|0.01|-0.02|0.00|1.00|61208.00|374.00
8.909783124923706|0.09|-0.00|-0.01|0.01|0.01|0.00|0.00|0.00|-0.00|0.00|-0.00|0.00|0.00|0.00|0.00|-0.59|-0.05|-0.02|-0.03|0.01|-0.02|0.00|1.00|61122.00|367.00
9.057430982589722|0.08|0.00|-0.00|-0.02|-0.03|0.00|0.00|0.00|0.00|0.00|-0.00|-0.00|-0.00|0.00|0.00|-0.33|0.07|-0.02|-0.03|0.01|-0.02|0.00|1.00|61074.00|377.00
9.205049276351929|0.08|0.01|0.00|-0.00|0.00|0.00|0.00|0.00|-0.00|0.00|-0.00|-0.00|-0.00|0.00|0.00|0.09|0.00|-0.02|-0.03|0.01|-0.02|0.00|1.00|61087.00|377.00
9.34372329711914|0.09|0.00|0.00|0.01|0.01|0.00|0.00|0.02|-0.00|0.00|0.00|-0.00|0.00|0.00|0.00|3.42|0.06|-0.02|-0.03|0.01|-0.02|0.00|1.00|61579.00|385.00
9.491265058517456|0.10|-0.01|-0.00|-0.05|-0.03|0.00|0.00|0.01|-0.00|0.00|-0.00|-0.01|-0.00|0.00|0.00|4.30|0.00|-0.02|-0.03|0.01|-0.02|0.00|1.00|62185.00|385.00
9.638903141021729|0.10|-0.00|-0.01|0.05|0.01|0.00|0.00|-0.03|-0.00|0.00|-0.00|-0.00|-0.00|0.00|0.00|0.10|-0.22|-0.02|-0.03|0.01|-0.02|0.00|1.00|62200.00|352.00
9.78644585609436|0.07|-0.00|0.01|0.01|0.00|0.00|0.00|-0.00|0.00|-0.00|-0.00|-0.00|-0.00|0.00|0.00|0.01|0.13|-0.02|-0.03|0.01|-0.02|0.00|1.00|62202.00|371.00
9.930104494094849|0.09|0.00|0.00|0.01|0.01|0.00|0.00|-0.00|-0.00|-0.00|0.00|0.00|0.00|0.00|0.00|-0.01|0.01|-0.02|-0.03|0.01|-0.02|0.00|1.00|62200.00|372.00
10.076722860336304|0.09|0.00|0.00|0.01|-0.02|0.00|0.00|-0.00|-0.00|0.00|0.00|0.00|-0.00|0.00|0.00|-0.51|-0.10|-0.02|-0.03|0.01|-0.02|0.00|1.00|62127.00|357.00
10.220426321029663|0.10|0.00|-0.01|0.02|0.01|0.00|0.00|-0.03|0.00|0.00|-0.00|0.00|-0.00|0.00|0.00|-5.43|0.13|-0.02|-0.03|0.01|-0.02|0.00|1.00|61340.00|376.00
10.367960929870605|0.11|-0.01|0.00|0.01|0.03|0.00|0.00|-0.04|-0.00|-0.00|-0.00|0.01|0.00|0.00|0.00|-11.53|0.12|-0.02|-0.03|0.01|-0.02|0.00|1.00|59668.00|394.00
10.515586137771606|0.15|0.00|0.00|-0.11|-0.04|0.00|0.00|0.03|-0.00|-0.00|-0.00|-0.01|-0.00|0.00|0.00|-6.64|0.10|-0.02|-0.03|0.01|-0.02|0.00|1.00|58698.00|408.00
10.659170150756836|0.35|0.00|0.01|0.02|-0.01|0.00|0.00|0.04|-0.01|0.00|0.00|-0.01|-0.00|0.00|0.00|-1.04|-0.74|-0.02|-0.03|0.01|-0.02|0.00|1.00|58544.00|299.00
10.805777311325073|0.11|0.00|-0.01|0.06|0.01|0.00|0.00|0.05|0.00|0.00|-0.00|0.00|-0.00|0.00|0.00|5.68|-0.39|-0.02|-0.03|0.01|-0.02|0.00|1.00|59374.00|242.00
10.9493989944458|0.12|-0.01|-0.00|0.09|-0.01|0.00|0.00|0.16|0.00|-0.00|-0.00|0.01|-0.00|0.00|0.00|28.29|0.27|-0.02|-0.03|0.01|-0.03|0.00|1.00|63419.00|280.00
11.096974849700928|0.08|0.02|0.01|-0.08|-0.02|0.00|0.00|0.05|-0.00|0.00|-0.00|0.00|-0.01|0.00|0.00|36.24|0.23|-0.02|-0.03|0.01|-0.03|0.00|1.00|68746.00|314.00
11.244601488113403|0.14|-0.00|-0.01|0.05|0.05|0.00|0.00|-0.03|-0.00|0.00|-0.00|0.01|-0.00|0.00|0.00|32.54|-0.03|-0.02|-0.03|0.01|-0.03|0.00|1.00|73465.00|310.00
11.392274856567383|0.09|-0.07|0.00|0.00|-0.03|0.00|0.00|0.01|0.01|-0.01|-0.00|0.01|-0.01|0.00|0.00|33.87|1.00|-0.02|-0.03|0.02|-0.03|0.00|1.00|78478.00|458.00
11.539807558059692|0.10|0.00|0.02|-0.01|0.03|0.00|0.00|-0.03|-0.01|-0.01|0.00|0.01|-0.00|0.00|0.00|29.48|-0.30|-0.02|-0.03|0.02|-0.03|0.00|1.00|82782.00|414.00
11.686420917510986|0.10|-0.04|-0.01|0.02|-0.03|0.00|0.00|0.04|-0.00|-0.01|0.00|0.01|-0.01|0.00|0.00|34.96|-0.78|-0.02|-0.03|0.02|-0.03|0.00|1.00|87921.00|300.00
11.830041885375977|0.09|-0.07|0.04|0.10|0.04|0.00|0.00|-0.19|0.00|-0.03|0.01|0.02|0.00|0.00|0.00|7.32|-0.06|-0.03|-0.03|0.02|-0.03|0.00|1.00|88997.00|291.00
11.973645448684692|0.07|0.13|0.01|0.03|-0.01|0.00|0.00|-0.20|0.01|-0.01|0.01|0.03|-0.00|0.00|0.00|-21.60|1.01|-0.03|-0.03|0.03|-0.03|0.00|1.00|85908.00|435.00
12.121262788772583|0.08|0.01|-0.00|-0.19|0.02|0.00|0.00|-0.03|-0.01|-0.01|0.01|0.00|0.00|0.00|0.00|-25.93|0.01|-0.03|-0.02|0.03|-0.03|0.00|1.00|82122.00|437.00
12.268857479095459|0.09|0.04|-0.03|0.01|0.01|0.00|0.00|-0.10|-0.00|0.00|0.00|0.00|0.00|0.00|0.00|-41.21|-0.38|-0.03|-0.02|0.03|-0.03|0.00|1.00|76064.00|381.00
12.4124755859375|0.08|-0.02|0.01|-0.00|0.01|0.00|0.00|0.00|0.01|-0.00|0.01|0.00|0.01|0.00|0.00|-40.77|0.51|-0.03|-0.02|0.03|-0.03|0.00|1.00|70111.00|455.00
12.55510950088501|0.08|0.03|-0.04|-0.00|0.04|0.00|0.00|0.08|0.01|0.00|0.00|0.00|0.01|0.00|0.00|-28.91|1.35|-0.03|-0.02|0.03|-0.03|0.00|1.00|65948.00|650.00
12.702806949615479|0.08|-0.01|0.01|-0.01|-0.05|0.00|0.00|0.02|-0.01|0.00|0.00|0.00|0.00|0.00|0.00|-25.85|0.45|-0.03|-0.02|0.03|-0.02|0.00|1.00|62252.00|714.00
12.850297689437866|0.09|0.03|-0.05|-0.00|-0.03|0.00|0.00|0.08|0.00|0.00|-0.01|-0.00|0.00|0.00|0.00|-14.87|0.66|-0.03|-0.02|0.03|-0.02|0.00|1.00|60081.00|811.00
12.993884563446045|0.10|0.10|0.01|-0.03|0.02|0.00|0.00|0.10|-0.00|0.02|-0.00|-0.01|0.00|0.00|0.00|-0.04|-0.03|-0.02|-0.02|0.03|-0.02|0.00|1.00|60075.00|807.00
13.144510746002197|0.10|-0.14|-0.00|-0.02|-0.01|0.00|0.00|-0.00|-0.00|-0.00|-0.00|-0.01|0.00|0.00|0.00|-0.33|-0.12|-0.03|-0.02|0.03|-0.02|0.00|1.00|60026.00|790.00
13.292134284973145|0.07|-0.01|0.03|0.05|0.02|0.00|0.00|-0.03|-0.00|-0.00|0.00|-0.00|0.01|0.00|0.00|-5.41|-0.19|-0.03|-0.02|0.03|-0.02|0.00|1.00|59215.00|761.00
13.43975043296814|0.08|0.06|-0.03|-0.02|-0.05|0.00|0.00|-0.02|0.00|0.00|-0.00|-0.00|-0.00|0.00|0.00|-8.90|0.39|-0.02|-0.03|0.02|-0.02|0.00|1.00|57907.00|818.00
13.587358236312866|0.09|-0.03|-0.00|0.01|0.01|0.00|0.00|0.04|-0.00|0.00|-0.00|-0.00|0.00|0.00|0.00|-2.92|-0.14|-0.02|-0.03|0.02|-0.02|0.00|1.00|57478.00|797.00
13.73494005203247|0.10|-0.07|0.03|-0.03|0.02|0.00|0.00|0.01|0.00|-0.01|-0.00|-0.01|0.00|0.00|0.00|-1.04|-0.08|-0.03|-0.03|0.02|-0.02|0.00|1.00|57325.00|785.00
13.878564357757568|0.09|0.05|0.09|0.04|0.00|0.00|0.00|-0.02|0.00|-0.00|0.01|0.00|0.00|0.00|0.00|-3.99|0.07|-0.03|-0.02|0.02|-0.02|0.00|1.00|56739.00|796.00
14.025163412094116|0.09|-0.01|-0.05|-0.00|-0.03|0.00|0.00|-0.01|0.00|-0.00|0.01|-0.00|-0.00|0.00|0.00|-4.73|0.10|-0.03|-0.02|0.02|-0.02|0.00|1.00|56068.00|810.00
14.172783613204956|0.07|0.01|-0.01|-0.00|0.01|0.00|0.00|0.03|-0.00|-0.00|0.00|-0.00|0.00|0.00|0.00|-0.11|-0.01|-0.03|-0.02|0.02|-0.02|0.00|1.00|56051.00|809.00
14.316402435302734|0.08|-0.00|0.03|0.00|0.01|0.00|0.00|0.00|-0.00|-0.00|0.01|-0.00|0.00|0.00|0.00|-0.01|-0.04|-0.03|-0.02|0.02|-0.02|0.00|1.00|56050.00|803.00
14.460109233856201|0.08|0.02|-0.03|-0.02|-0.01|0.00|0.00|0.00|0.00|0.00|0.00|-0.00|0.00|0.00|0.00|0.00|0.09|-0.03|-0.02|0.02|-0.02|0.00|1.00|56050.00|816.00
14.607630968093872|0.08|0.00|-0.04|0.02|-0.02|0.00|0.00|0.00|-0.00|0.00|-0.00|0.00|-0.00|0.00|0.00|-0.01|-0.03|-0.03|-0.02|0.02|-0.02|0.00|1.00|56049.00|811.00
14.755182981491089|0.10|0.04|-0.03|0.02|0.01|0.00|0.00|-0.00|0.00|0.01|-0.01|0.00|-0.00|0.00|0.00|-0.03|-0.01|-0.03|-0.02|0.02|-0.02|0.00|1.00|56044.00|809.00
14.901787519454956|0.09|-0.03|0.03|-0.03|-0.00|0.00|0.00|0.00|0.00|0.00|-0.00|-0.00|-0.00|0.00|0.00|0.00|-0.01|-0.03|-0.02|0.02|-0.02|0.00|1.00|56044.00|807.00
15.04545283317566|0.08|0.02|-0.00|0.04|0.01|0.00|0.00|0.00|-0.00|0.01|-0.00|0.01|0.00|0.00|0.00|0.00|-0.04|-0.03|-0.02|0.02|-0.02|0.00|1.00|56044.00|801.00
15.18907904624939|0.09|-0.02|0.02|-0.02|-0.00|0.00|0.00|0.00|0.00|0.00|-0.00|0.00|-0.00|0.00|0.00|0.10|0.01|-0.03|-0.02|0.02|-0.02|0.00|1.00|56059.00|803.00
15.336678266525269|0.10|-0.00|0.03|-0.04|-0.01|0.00|0.00|0.00|-0.00|0.00|0.00|-0.00|-0.00|0.00|0.00|0.80|-0.01|-0.03|-0.02|0.02|-0.02|0.00|1.00|56175.00|802.00
15.479248762130737|0.10|-0.01|-0.02|0.03|0.01|0.00|0.00|-0.01|0.00|0.00|-0.00|0.00|0.00|0.00|0.00|-0.01|0.02|-0.03|-0.02|0.02|-0.02|0.00|1.00|56174.00|805.00
15.626888990402222|0.10|0.01|-0.01|0.01|0.01|0.00|0.00|-0.00|-0.00|0.00|-0.00|0.00|0.00|0.00|0.00|-0.01|0.01|-0.03|-0.02|0.02|-0.02|0.00|1.00|56172.00|806.00
15.774510145187378|0.10|-0.01|0.01|-0.02|-0.03|0.00|0.00|-0.00|-0.00|0.00|-0.00|-0.00|-0.00|0.00|0.00|-0.18|-0.01|-0.03|-0.02|0.02|-0.02|0.00|1.00|56146.00|804.00
15.92211127281189|0.09|0.00|-0.00|0.01|0.01|0.00|0.00|0.00|-0.00|0.00|-0.00|0.00|0.00|0.00|0.00|-0.10|-0.04|-0.02|-0.02|0.02|-0.02|0.00|1.00|56131.00|798.00
16.06973123550415|0.10|-0.02|0.01|-0.03|-0.00|0.00|0.00|-0.03|-0.00|-0.00|0.00|-0.00|0.00|0.00|0.00|-4.63|-0.12|-0.03|-0.02|0.02|-0.02|0.00|1.00|55460.00|781.00
16.21731162071228|0.10|0.01|-0.01|0.02|-0.00|0.00|0.00|-0.02|0.00|0.00|-0.00|-0.00|-0.00|0.00|0.00|-7.35|-0.03|-0.02|-0.02|0.02|-0.02|0.00|1.00|54365.00|776.00
16.359952926635742|0.10|-0.01|0.03|-0.00|0.01|0.00|0.00|0.02|0.00|-0.00|0.00|-0.00|0.00|0.00|0.00|-4.69|0.05|-0.03|-0.02|0.02|-0.02|0.00|1.00|53675.00|784.00
16.507542848587036|0.10|0.00|-0.01|-0.00|-0.01|0.00|0.00|0.03|-0.00|-0.00|0.00|-0.00|-0.00|0.00|0.00|-0.70|0.01|-0.03|-0.02|0.02|-0.02|0.00|1.00|53574.00|786.00
16.65913987159729|0.09|-0.00|-0.01|-0.00|0.01|0.00|0.00|0.00|-0.00|-0.00|0.00|-0.00|0.00|0.00|0.00|-0.01|-0.01|-0.03|-0.02|0.02|-0.02|0.00|1.00|53572.00|785.00
16.80276846885681|0.08|0.01|-0.01|-0.00|0.00|0.00|0.00|-0.01|0.00|0.00|0.00|-0.00|0.00|0.00|0.00|-1.97|0.01|-0.03|-0.02|0.02|-0.02|0.00|1.00|53281.00|787.00
16.94636058807373|0.08|-0.00|0.01|0.00|-0.01|0.00|0.00|0.01|-0.00|0.00|0.00|-0.00|0.00|0.00|0.00|-0.71|-0.01|-0.03|-0.02|0.02|-0.02|0.00|1.00|53178.00|786.00
17.092979907989502|0.09|0.07|-0.05|0.00|-0.00|0.00|0.00|0.00|0.00|0.01|-0.01|-0.00|-0.00|0.00|0.00|-0.11|0.00|-0.02|-0.02|0.02|-0.02|0.00|1.00|53162.00|786.00
17.240604639053345|0.10|0.05|-0.07|0.02|-0.00|0.00|0.00|-0.00|0.00|0.02|-0.02|0.00|-0.00|0.00|0.00|-0.49|-0.02|-0.02|-0.03|0.02|-0.02|0.00|1.00|53091.00|783.00
17.392282485961914|0.09|-0.13|0.08|-0.02|0.01|0.00|0.00|-0.03|-0.00|-0.00|-0.00|-0.00|-0.00|0.00|0.00|-4.48|-0.12|-0.02|-0.03|0.02|-0.02|0.00|1.00|52437.00|766.00
17.53575873374939|0.08|0.03|0.00|-0.00|-0.01|0.00|0.00|0.02|0.00|0.00|-0.00|-0.00|-0.00|0.00|0.00|-1.79|0.05|-0.02|-0.03|0.02|-0.02|0.00|1.00|52166.00|774.00
17.679418325424194|0.07|0.03|-0.01|0.00|0.02|0.00|0.00|0.01|-0.00|0.01|-0.01|-0.00|0.00|0.00|0.00|-0.01|0.05|-0.02|-0.03|0.02|-0.02|0.00|1.00|52164.00|781.00
17.831032276153564|0.09|-0.04|-0.00|0.00|-0.01|0.00|0.00|0.00|-0.00|0.00|-0.01|-0.00|-0.00|0.00|0.00|0.00|-0.07|-0.02|-0.03|0.02|-0.02|0.00|1.00|52164.00|771.00
17.97361707687378|0.09|-0.01|0.00|-0.01|0.00|0.00|0.00|0.00|0.00|-0.00|-0.01|-0.00|-0.00|0.00|0.00|0.00|-0.03|-0.02|-0.03|0.02|-0.02|0.00|1.00|52164.00|767.00
18.11727023124695|0.08|-0.02|0.07|-0.03|0.02|0.00|0.00|0.00|0.00|-0.00|0.01|-0.01|0.00|0.00|0.00|0.00|0.00|-0.02|-0.03|0.02|-0.02|0.00|1.00|52164.00|767.00
18.265443086624146|0.09|-0.02|0.02|0.03|-0.03|0.00|0.00|0.00|0.00|-0.01|0.01|-0.00|-0.00|0.00|0.00|-2.19|0.00|-0.02|-0.03|0.02|-0.02|0.00|1.00|51846.00|767.00
18.408024072647095|0.10|0.03|-0.02|0.02|0.01|0.00|0.00|-0.00|0.00|-0.00|0.01|0.00|0.00|0.00|0.00|-2.30|-0.06|-0.02|-0.03|0.02|-0.02|0.00|1.00|51513.00|758.00
18.55567955970764|0.10|0.03|-0.01|-0.01|-0.01|0.00|0.00|-0.00|0.00|0.00|0.00|-0.00|-0.00|0.00|0.00|-2.44|0.11|-0.02|-0.03|0.02|-0.02|0.00|1.00|51161.00|774.00
18.70332908630371|0.09|-0.05|0.02|0.00|0.00|0.00|0.00|0.01|-0.00|-0.00|0.01|0.00|-0.00|0.00|0.00|-0.67|0.08|-0.02|-0.02|0.02|-0.02|0.00|1.00|51062.00|786.00
18.850882053375244|0.09|0.03|-0.01|0.00|-0.00|0.00|0.00|-0.00|-0.00|-0.00|0.01|0.00|-0.00|0.00|0.00|-1.07|-0.07|-0.02|-0.02|0.02|-0.02|0.00|1.00|50908.00|776.00
18.993600606918335|0.10|-0.01|-0.06|0.01|0.01|0.00|0.00|0.00|0.00|-0.00|-0.00|0.00|-0.00|0.00|0.00|-0.68|0.02|-0.02|-0.02|0.02|-0.02|0.00|1.00|50807.00|779.00
19.141112089157104|0.09|0.01|0.03|-0.02|0.01|0.00|0.00|-0.03|-0.00|0.00|0.00|-0.00|0.00|0.00|0.00|-4.40|-0.02|-0.02|-0.02|0.02|-0.02|0.00|1.00|50164.00|776.00
19.280735969543457|0.10|0.01|0.02|0.01|0.01|0.00|0.00|-0.02|0.00|0.00|0.00|0.00|0.00|0.00|0.00|-6.97|0.34|-0.02|-0.02|0.02|-0.02|0.00|1.00|49147.00|825.00
19.432337284088135|0.09|-0.01|-0.01|-0.00|-0.02|0.00|0.00|0.00|-0.00|0.00|0.00|0.00|-0.00|0.00|0.00|-6.43|-0.06|-0.02|-0.02|0.02|-0.02|0.00|1.00|48241.00|817.00
19.575950622558594|0.09|0.09|-0.02|-0.00|-0.01|0.00|0.00|0.04|0.00|0.01|-0.00|-0.00|-0.00|0.00|0.00|-1.03|0.05|-0.02|-0.02|0.02|-0.02|0.00|1.00|48089.00|825.00
19.726914644241333|0.09|-0.04|-0.06|0.04|-0.00|0.00|0.00|0.00|-0.00|0.01|-0.01|0.00|-0.00|0.00|0.00|-0.84|-0.04|-0.02|-0.03|0.02|-0.02|0.00|1.00|47966.00|819.00
19.870232105255127|0.09|-0.04|0.09|-0.04|0.03|0.00|0.00|-0.02|0.00|0.00|0.00|-0.00|0.00|0.00|0.00|-3.96|0.09|-0.02|-0.02|0.02|-0.02|0.00|1.00|47380.00|832.00
20.013783931732178|0.14|0.01|-0.03|0.00|-0.02|0.00|0.00|0.02|-0.00|0.00|0.00|-0.00|-0.00|0.00|0.00|-0.94|0.00|-0.02|-0.02|0.02|-0.02|0.00|1.00|47243.00|832.00
20.165379285812378|0.11|-0.01|-0.03|0.01|-0.01|0.00|0.00|-0.00|-0.00|0.00|-0.01|-0.00|-0.00|0.00|0.00|-1.43|0.03|-0.02|-0.03|0.02|-0.02|0.00|1.00|47035.00|836.00
20.312987565994263|0.15|-0.02|0.03|-0.00|0.01|0.00|0.00|-0.01|-0.00|-0.00|0.00|-0.00|0.00|0.00|0.00|-2.34|0.01|-0.02|-0.03|0.02|-0.02|0.00|1.00|46686.00|837.00
20.4555926322937|0.14|0.00|-0.01|0.01|-0.01|0.00|0.00|0.01|0.00|-0.00|-0.00|0.00|-0.00|0.00|0.00|-0.40|0.01|-0.02|-0.03|0.02|-0.02|0.00|1.00|46627.00|838.00
20.604161500930786|0.13|0.01|0.01|-0.01|-0.01|0.00|0.00|-0.00|0.00|0.00|-0.00|-0.00|-0.00|0.00|0.00|-0.42|0.03|-0.02|-0.03|0.02|-0.02|0.00|1.00|46566.00|843.00
20.75084376335144|0.13|-0.01|-0.00|0.00|0.01|0.00|0.00|-0.00|0.00|0.00|-0.00|-0.00|-0.00|0.00|0.00|-0.69|0.09|-0.02|-0.03|0.02|-0.02|0.00|1.00|46464.00|856.00
20.89443278312683|0.21|-0.02|0.00|0.02|0.00|0.00|0.00|0.00|-0.00|-0.00|-0.00|0.00|0.00|0.00|0.00|-0.38|0.03|-0.02|-0.03|0.02|-0.02|0.00|1.00|46408.00|861.00
21.038052797317505|0.22|0.02|0.01|-0.02|0.01|0.00|0.00|0.00|0.00|-0.00|0.00|-0.00|0.00|0.00|0.00|-0.07|0.04|-0.02|-0.03|0.02|-0.02|0.00|1.00|46398.00|867.00
21.189634084701538|0.22|-0.00|-0.00|-0.03|-0.01|0.00|0.00|0.00|-0.00|-0.00|-0.00|-0.01|-0.00|0.00|0.00|0.04|-0.11|-0.02|-0.03|0.02|-0.02|0.00|1.00|46404.00|851.00
21.332254648208618|0.18|0.02|0.02|0.05|0.00|0.00|0.00|0.03|-0.00|0.00|0.00|0.00|-0.00|0.00|0.00|3.93|-0.21|-0.02|-0.03|0.02|-0.02|0.00|1.00|46998.00|819.00
21.475911378860474|0.19|-0.00|-0.03|-0.00|0.01|0.00|0.00|-0.01|0.00|0.00|-0.00|0.00|0.00|0.00|0.00|2.14|0.00|-0.02|-0.03|0.02|-0.02|0.00|1.00|47302.00|819.00
21.623477458953857|0.16|-0.02|0.01|-0.01|0.00|0.00|0.00|-0.02|0.00|-0.00|-0.00|-0.00|0.00|0.00|0.00|-0.05|0.01|-0.02|-0.03|0.02|-0.02|0.00|1.00|47295.00|820.00
21.767104864120483|0.15|-0.00|0.01|0.00|0.00|0.00|0.00|0.00|-0.00|-0.00|0.00|0.00|0.00|0.00|0.00|-0.01|-0.02|-0.02|-0.03|0.02|-0.02|0.00|1.00|47294.00|817.00
21.91869282722473|0.21|0.00|0.01|-0.03|-0.01|0.00|0.00|-0.00|-0.00|-0.00|0.00|-0.00|-0.00|0.00|0.00|-0.06|-0.03|-0.02|-0.03|0.02|-0.02|0.00|1.00|47285.00|812.00
22.06535768508911|0.15|0.02|-0.02|-0.05|-0.06|0.00|0.00|0.00|-0.00|0.00|-0.00|-0.01|-0.01|0.00|0.00|0.56|-0.23|-0.02|-0.03|0.02|-0.02|0.00|1.00|47368.00|778.00
22.212907552719116|0.14|-0.02|0.01|-0.01|-0.02|0.00|0.00|0.05|-0.00|-0.00|0.00|-0.01|-0.01|0.00|0.00|7.73|-0.26|-0.02|-0.03|0.02|-0.03|0.00|1.00|48512.00|740.00
22.360525846481323|0.14|-0.01|-0.02|0.16|0.05|0.00|0.00|0.16|0.00|-0.00|-0.00|0.01|-0.00|0.00|0.00|31.15|-0.10|-0.02|-0.03|0.02|-0.03|0.00|1.00|53091.00|725.00
22.504125833511353|0.14|0.01|-0.02|-0.04|-0.01|0.00|0.00|0.31|0.01|0.00|-0.00|0.00|-0.01|0.00|0.00|76.78|0.82|-0.02|-0.03|0.02|-0.03|0.00|1.00|64377.00|846.00
22.65174436569214|0.12|0.01|0.05|0.00|-0.03|0.00|0.00|-0.03|0.00|0.00|0.00|0.00|-0.01|0.00|0.00|72.14|1.34|-0.02|-0.03|0.02|-0.03|0.00|1.00|74838.00|1041.00
22.795330047607422|0.09|0.02|-0.07|0.00|0.02|0.00|0.00|-0.18|-0.01|0.00|-0.01|0.01|-0.01|0.00|0.00|46.68|-0.36|-0.02|-0.03|0.02|-0.03|0.00|1.00|81607.00|989.00
22.94205927848816|0.09|-0.01|0.04|0.03|0.08|0.00|0.00|-0.01|-0.01|0.00|-0.00|0.01|0.00|0.00|0.00|45.27|-1.20|-0.02|-0.03|0.02|-0.03|0.00|1.00|88262.00|812.00
23.09354019165039|0.11|-0.02|0.00|-0.08|-0.03|0.00|0.00|-0.14|0.01|-0.00|-0.00|-0.00|-0.00|0.00|0.00|24.11|-0.25|-0.02|-0.03|0.02|-0.03|0.00|1.00|91782.00|775.00
23.24515986442566|0.10|-0.01|-0.02|0.00|-0.01|0.00|0.00|-0.25|0.00|-0.00|-0.00|-0.00|-0.00|0.00|0.00|-13.38|-0.07|-0.02|-0.03|0.02|-0.03|0.00|1.00|89788.00|765.00
23.38876223564148|0.10|0.06|-0.02|-0.00|0.01|0.00|0.00|0.04|0.00|0.01|-0.01|-0.00|-0.00|0.00|0.00|-7.45|0.57|-0.02|-0.03|0.02|-0.03|0.00|1.00|88663.00|851.00
23.53636121749878|0.09|-0.04|0.03|0.00|0.00|0.00|0.00|-0.02|-0.00|0.00|-0.00|-0.00|-0.00|0.00|0.00|-10.30|0.07|-0.02|-0.03|0.02|-0.03|0.00|1.00|87159.00|861.00
23.6799533367157|0.10|-0.01|0.03|0.00|0.00|0.00|0.00|0.04|0.00|0.00|0.00|0.00|-0.00|0.00|0.00|-4.33|0.17|-0.02|-0.03|0.02|-0.03|0.00|1.00|86523.00|886.00
23.826632738113403|0.10|0.00|-0.04|-0.00|0.00|0.00|0.00|0.03|-0.00|0.00|-0.00|-0.00|0.00|0.00|0.00|-0.10|0.01|-0.02|-0.03|0.02|-0.03|0.00|1.00|86508.00|887.00
23.97020936012268|0.10|0.01|0.01|0.00|0.00|0.00|0.00|0.00|-0.00|0.00|-0.00|0.00|0.00|0.00|0.00|-0.02|-0.01|-0.02|-0.03|0.02|-0.03|0.00|1.00|86505.00|885.00
24.11393117904663|0.09|0.02|-0.01|0.00|0.00|0.00|0.00|-0.00|0.00|0.00|-0.00|0.00|0.00|0.00|0.00|-0.60|0.01|-0.01|-0.03|0.02|-0.03|0.00|1.00|86419.00|887.00
24.257460594177246|0.10|0.01|0.04|0.01|-0.00|0.00|0.00|-0.01|0.00|0.01|0.00|0.00|0.00|0.00|0.00|-2.52|0.06|-0.01|-0.03|0.02|-0.03|0.00|1.00|86059.00|896.00
24.40102791786194|0.10|0.01|-0.00|-0.01|-0.01|0.00|0.00|0.02|-0.00|0.01|0.00|-0.00|-0.00|0.00|0.00|-0.01|0.01|-0.01|-0.03|0.02|-0.03|0.00|1.00|86057.00|897.00
24.547708749771118|0.09|-0.03|-0.01|0.00|0.01|0.00|0.00|0.00|-0.00|0.00|-0.00|0.00|0.00|0.00|0.00|0.00|0.00|-0.01|-0.03|0.02|-0.03|0.00|1.00|86057.00|897.00
24.691285848617554|0.11|-0.00|0.00|-0.00|0.00|0.00|0.00|0.00|-0.00|0.00|0.00|0.00|0.00|0.00|0.00|-0.06|0.00|-0.01|-0.03|0.02|-0.03|0.00|1.00|86049.00|897.00
24.83885622024536|0.10|-0.01|0.00|-0.00|-0.00|0.00|0.00|-0.00|-0.00|0.00|0.00|-0.00|0.00|0.00|0.00|-0.17|-0.02|-0.01|-0.03|0.02|-0.03|0.00|1.00|86024.00|894.00
24.981561183929443|0.10|0.04|0.01|-0.00|-0.00|0.00|0.00|0.00|0.00|0.01|0.00|-0.00|0.00|0.00|0.00|0.00|-0.01|-0.01|-0.03|0.02|-0.03|0.00|1.00|86024.00|892.00
25.125141143798828|0.09|-0.04|-0.04|0.01|0.00|0.00|0.00|0.00|-0.00|0.00|-0.00|0.00|0.00|0.00|0.00|0.00|-0.03|-0.01|-0.03|0.02|-0.03|0.00|1.00|86024.00|887.00
25.272746086120605|0.09|-0.01|0.00|-0.00|0.00|0.00|0.00|0.00|0.00|-0.00|-0.00|-0.00|0.00|0.00|0.00|0.00|0.00|-0.01|-0.03|0.02|-0.03|0.00|1.00|86024.00|887.00
25.412357330322266|0.09|0.01|0.02|-0.00|0.00|0.00|0.00|0.00|0.00|0.00|-0.00|-0.00|0.00|0.00|0.00|0.00|0.00|-0.01|-0.03|0.02|-0.03|0.00|1.00|86024.00|887.00
25.55598211288452|0.09|0.00|0.02|-0.00|0.01|0.00|0.00|0.00|0.00|0.00|0.00|-0.00|0.00|0.00|0.00|0.00|0.00|-0.01|-0.03|0.02|-0.03|0.00|1.00|86024.00|887.00
25.698605060577393|0.09|0.01|-0.01|-0.00|-0.00|0.00|0.00|0.00|0.00|0.00|0.00|-0.00|0.00|0.00|0.00|0.00|0.00|-0.01|-0.03|0.02|-0.03|0.00|1.00|86024.00|887.00
25.84231972694397|0.09|0.00|-0.01|-0.00|-0.00|0.00|0.00|0.00|0.00|0.00|-0.00|-0.00|0.00|0.00|0.00|0.00|0.00|-0.01|-0.03|0.02|-0.03|0.00|1.00|86024.00|887.00
25.985883712768555|0.09|-0.04|0.01|0.00|-0.00|0.00|0.00|0.00|0.00|-0.00|0.00|-0.00|0.00|0.00|0.00|0.00|0.00|-0.01|-0.03|0.02|-0.03|0.00|1.00|86024.00|887.00
26.12845802307129|0.09|0.05|0.02|-0.00|0.00|0.00|0.00|0.00|0.00|0.00|0.00|-0.00|0.00|0.00|0.00|0.00|0.00|-0.01|-0.03|0.02|-0.03|0.00|1.00|86024.00|887.00
26.268067836761475|0.09|0.06|0.00|0.00|0.00|0.00|0.00|0.00|0.00|0.01|0.00|0.00|0.00|0.00|0.00|0.00|0.00|-0.01|-0.03|0.02|-0.03|0.00|1.00|86024.00|887.00
26.41170859336853|0.09|-0.07|-0.02|0.00|-0.00|0.00|0.00|0.00|0.00|0.00|0.00|0.00|0.00|0.00|0.00|0.00|0.00|-0.01|-0.03|0.02|-0.03|0.00|1.00|86024.00|887.00
26.555294036865234|0.10|0.05|0.02|-0.00|-0.00|0.00|0.00|0.00|0.00|0.01|0.00|-0.00|0.00|0.00|0.00|0.00|0.00|-0.01|-0.03|0.02|-0.03|0.00|1.00|86024.00|887.00
26.702025175094604|0.08|-0.03|-0.03|-0.00|-0.00|0.00|0.00|0.00|0.00|0.01|-0.00|-0.00|-0.00|0.00|0.00|0.00|0.00|-0.01|-0.03|0.02|-0.03|0.00|1.00|86024.00|887.00
26.841564178466797|0.09|-0.04|0.02|0.01|0.00|0.00|0.00|0.00|0.00|0.00|0.00|0.00|0.00|0.00|0.00|0.00|0.00|-0.01|-0.03|0.02|-0.03|0.00|1.00|86024.00|887.00
26.9851553440094|0.09|-0.00|0.01|-0.00|-0.00|0.00|0.00|0.00|0.00|0.00|0.00|0.00|0.00|0.00|0.00|0.00|0.00|-0.01|-0.03|0.02|-0.03|0.00|1.00|86024.00|887.00
27.132777214050293|0.10|-0.01|-0.02|-0.00|-0.00|0.00|0.00|0.00|0.00|-0.00|-0.00|-0.00|-0.00|0.00|0.00|0.00|0.00|-0.01|-0.03|0.02|-0.03|0.00|1.00|86024.00|887.00
27.279409170150757|0.13|-0.00|-0.01|-0.00|0.00|0.00|0.00|0.00|0.00|-0.00|-0.00|-0.00|-0.00|0.00|0.00|0.00|0.00|-0.01|-0.03|0.02|-0.03|0.00|1.00|86024.00|887.00
27.423099279403687|0.11|0.00|0.01|0.00|-0.00|0.00|0.00|0.00|0.00|-0.00|0.00|-0.00|-0.00|0.00|0.00|0.00|0.00|-0.01|-0.03|0.02|-0.03|0.00|1.00|86024.00|887.00
27.56663179397583|0.10|-0.00|-0.00|0.00|0.01|0.00|0.00|0.00|0.00|-0.00|-0.00|-0.00|0.00|0.00|0.00|0.00|0.00|-0.01|-0.03|0.02|-0.03|0.00|1.00|86024.00|887.00
27.7143657207489|0.11|0.00|-0.00|-0.00|-0.01|0.00|0.00|0.00|0.00|-0.00|-0.00|-0.00|-0.00|0.00|0.00|0.00|0.00|-0.01|-0.03|0.02|-0.03|0.00|1.00|86024.00|887.00
27.85689687728882|0.10|-0.01|0.03|0.00|0.00|0.00|0.00|0.00|0.00|-0.00|0.00|0.00|0.00|0.00|0.00|0.00|0.00|-0.01|-0.03|0.02|-0.03|0.00|1.00|86024.00|887.00
28.000523567199707|0.11|0.01|-0.05|-0.00|0.00|0.00|0.00|0.00|0.00|-0.00|-0.00|-0.00|0.00|0.00|0.00|0.00|0.00|-0.01|-0.03|0.02|-0.03|0.00|1.00|86024.00|887.00
28.148137092590332|0.11|-0.00|0.01|-0.00|-0.00|0.00|0.00|0.00|0.00|-0.00|-0.00|-0.00|-0.00|0.00|0.00|0.00|0.00|-0.01|-0.03|0.02|-0.03|0.00|1.00|86024.00|887.00
28.29172396659851|0.11|0.01|0.01|0.00|-0.00|0.00|0.00|0.00|0.00|0.00|-0.00|-0.00|-0.00|0.00|0.00|0.00|0.00|-0.01|-0.03|0.02|-0.03|0.00|1.00|86024.00|887.00
28.439345121383667|0.11|-0.02|-0.00|-0.01|-0.01|0.00|0.00|0.00|0.00|-0.00|-0.00|-0.00|-0.00|0.00|0.00|0.00|0.00|-0.01|-0.03|0.02|-0.03|0.00|1.00|86024.00|887.00
28.581968307495117|0.11|-0.00|0.02|0.01|0.02|0.00|0.00|0.00|0.00|-0.00|0.00|-0.00|0.00|0.00|0.00|0.00|0.00|-0.01|-0.03|0.02|-0.03|0.00|1.00|86024.00|887.00
28.725585460662842|0.13|-0.01|-0.01|-0.00|0.00|0.00|0.00|0.00|0.00|-0.00|0.00|-0.00|0.00|0.00|0.00|0.00|0.00|-0.01|-0.03|0.02|-0.03|0.00|1.00|86024.00|887.00
28.873194456100464|0.10|0.02|-0.01|-0.00|-0.01|0.00|0.00|0.00|0.00|-0.00|-0.00|-0.00|-0.00|0.00|0.00|-0.06|-0.02|-0.01|-0.03|0.02|-0.03|0.00|1.00|86016.00|884.00
29.016794443130493|0.12|-0.02|0.01|0.00|0.00|0.00|0.00|0.00|0.00|-0.00|-0.00|0.00|0.00|0.00|0.00|0.00|0.00|-0.01|-0.03|0.02|-0.03|0.00|1.00|86016.00|884.00
29.16403341293335|0.12|0.02|0.00|-0.00|-0.00|0.00|0.00|0.00|0.00|-0.00|0.00|-0.00|0.00|0.00|0.00|-0.01|0.03|-0.01|-0.03|0.02|-0.03|0.00|1.00|86015.00|889.00
29.307636737823486|0.10|-0.02|-0.01|0.00|0.00|0.00|0.00|0.00|-0.00|-0.00|-0.00|0.00|0.00|0.00|0.00|-0.01|0.00|-0.01|-0.03|0.02|-0.03|0.00|1.00|86014.00|889.00
29.4592547416687|0.11|0.02|-0.00|-0.01|-0.01|0.00|0.00|-0.00|-0.00|-0.00|-0.00|-0.00|-0.00|0.00|0.00|-0.53|0.00|-0.01|-0.03|0.02|-0.03|0.00|1.00|85936.00|889.00
29.602816104888916|0.12|-0.03|0.01|0.00|0.01|0.00|0.00|0.00|-0.00|-0.00|0.00|-0.00|-0.00|0.00|0.00|0.00|0.00|-0.01|-0.03|0.02|-0.03|0.00|1.00|85936.00|889.00
29.745527982711792|0.11|-0.03|0.00|0.00|0.00|0.00|0.00|0.00|-0.00|-0.01|0.00|-0.00|0.00|0.00|0.00|-0.05|0.01|-0.01|-0.03|0.02|-0.03|0.00|1.00|85929.00|891.00
29.89282536506653|0.11|0.06|0.00|0.00|-0.00|0.00|0.00|0.00|-0.00|-0.00|0.00|-0.00|0.00|0.00|0.00|-0.01|0.00|-0.01|-0.03|0.02|-0.03|0.00|1.00|85928.00|891.00
30.03645658493042|0.10|0.00|0.03|-0.00|-0.00|0.00|0.00|0.00|-0.00|-0.00|0.01|-0.00|0.00|0.00|0.00|0.00|0.00|-0.01|-0.03|0.02|-0.03|0.00|1.00|85928.00|891.00
30.180073738098145|0.11|0.07|-0.01|0.00|0.00|0.00|0.00|0.00|-0.00|0.01|0.00|-0.00|0.00|0.00|0.00|-0.01|-0.03|-0.01|-0.03|0.02|-0.03|0.00|1.00|85927.00|887.00
30.323644876480103|0.11|-0.02|0.02|0.00|0.00|0.00|0.00|0.00|0.00|0.01|0.01|-0.00|0.00|0.00|0.00|0.00|0.00|-0.01|-0.03|0.02|-0.03|0.00|1.00|85927.00|887.00
30.46635127067566|0.12|0.02|-0.05|0.00|-0.01|0.00|0.00|0.00|0.00|0.01|-0.00|0.00|-0.00|0.00|0.00|0.04|0.00|-0.01|-0.03|0.02|-0.03|0.00|1.00|85932.00|887.00
30.613906383514404|0.07|-0.08|-0.01|-0.00|-0.00|0.00|0.00|0.00|0.00|-0.00|-0.00|0.00|-0.00|0.00|0.00|0.05|0.05|-0.01|-0.03|0.02|-0.03|0.00|1.00|85939.00|894.00
30.757562398910522|0.05|0.02|0.03|-0.00|0.01|0.00|0.00|-0.00|-0.00|0.00|0.00|-0.00|0.00|0.00|0.00|0.01|0.00|-0.01|-0.03|0.02|-0.03|0.00|1.00|85940.00|894.00
30.901150941848755|0.09|0.02|-0.01|0.00|-0.00|0.00|0.00|-0.00|-0.00|0.00|0.00|-0.00|0.00|0.00|0.00|0.00|0.01|-0.01|-0.03|0.02|-0.03|0.00|1.00|85940.00|896.00
31.051745891571045|0.07|-0.02|-0.02|0.00|-0.01|0.00|0.00|-0.00|-0.00|-0.00|-0.00|0.00|-0.00|0.00|0.00|-0.01|0.00|-0.01|-0.03|0.02|-0.03|0.00|1.00|85939.00|896.00
31.195313453674316|0.05|-0.02|0.03|-0.00|0.01|0.00|0.00|0.00|-0.00|-0.00|0.00|0.00|0.00|0.00|0.00|0.00|0.00|-0.01|-0.03|0.02|-0.03|0.00|1.00|85939.00|896.00
31.339035749435425|0.10|0.02|-0.04|-0.00|0.01|0.00|0.00|0.00|-0.00|-0.00|-0.00|-0.00|0.00|0.00|0.00|0.00|0.00|-0.01|-0.03|0.02|-0.03|0.00|1.00|85939.00|896.00
31.48658299446106|0.11|0.03|-0.03|0.00|-0.01|0.00|0.00|0.00|-0.00|0.00|-0.01|0.00|0.00|0.00|0.00|-0.12|0.01|-0.01|-0.03|0.02|-0.03|0.00|1.00|85922.00|897.00
31.634169101715088|0.10|-0.08|-0.00|-0.00|-0.01|0.00|0.00|-0.02|0.00|-0.01|-0.01|-0.00|-0.00|0.00|0.00|-3.46|0.14|-0.01|-0.03|0.02|-0.03|0.00|1.00|85421.00|917.00
31.781465768814087|0.10|0.07|0.05|-0.00|-0.00|0.00|0.00|0.01|-0.00|0.00|-0.00|-0.00|-0.00|0.00|0.00|-2.13|-0.07|-0.01|-0.03|0.02|-0.03|0.00|1.00|85104.00|907.00
31.928669452667236|0.09|0.01|-0.00|0.00|0.01|0.00|0.00|0.01|0.00|0.00|-0.00|-0.00|0.00|0.00|0.00|-0.07|0.00|-0.01|-0.03|0.02|-0.03|0.00|1.00|85094.00|907.00
32.0722930431366|0.10|-0.02|0.01|0.00|-0.00|0.00|0.00|-0.00|0.00|0.00|0.00|0.00|-0.00|0.00|0.00|-0.26|0.03|-0.01|-0.03|0.02|-0.03|0.00|1.00|85057.00|911.00
32.21488881111145|0.10|0.00|0.02|0.00|0.00|0.00|0.00|0.00|-0.00|0.00|0.00|0.00|0.00|0.00|0.00|-0.10|-0.04|-0.01|-0.03|0.02|-0.03|0.00|1.00|85043.00|905.00
32.36251449584961|0.11|-0.03|-0.02|-0.00|-0.00|0.00|0.00|0.00|-0.00|-0.00|0.00|-0.00|-0.00|0.00|0.00|-0.03|-0.04|-0.01|-0.03|0.02|-0.03|0.00|1.00|85038.00|899.00
32.50610709190369|0.13|0.03|0.01|-0.00|0.01|0.00|0.00|0.00|0.00|0.00|0.00|-0.00|0.00|0.00|0.00|0.00|0.00|-0.01|-0.03|0.02|-0.03|0.00|1.00|85038.00|899.00
32.64574956893921|0.10|0.00|0.03|0.01|-0.00|0.00|0.00|0.00|0.00|0.00|0.01|0.00|0.00|0.00|0.00|0.00|0.00|-0.01|-0.03|0.02|-0.03|0.00|1.00|85038.00|899.00
32.79331350326538|0.08|-0.01|-0.03|-0.01|-0.01|0.00|0.00|0.00|0.00|-0.00|0.00|-0.00|-0.00|0.00|0.00|0.00|0.00|-0.01|-0.03|0.02|-0.03|0.00|1.00|85038.00|899.00
32.93605017662048|0.15|-0.00|0.01|0.00|0.02|0.00|0.00|0.00|0.00|-0.00|0.00|-0.00|0.00|0.00|0.00|0.00|0.00|-0.01|-0.03|0.02|-0.03|0.00|1.00|85038.00|899.00
33.08377552032471|0.13|-0.01|-0.02|0.00|-0.00|0.00|0.00|0.00|0.00|-0.00|-0.00|-0.00|0.00|0.00|0.00|-1.49|-0.05|-0.01|-0.03|0.02|-0.03|0.00|1.00|84826.00|892.00
33.22737693786621|0.16|0.00|0.02|-0.00|0.00|0.00|0.00|-0.02|0.00|-0.00|0.00|-0.00|0.00|0.00|0.00|-3.80|0.10|-0.01|-0.03|0.02|-0.03|0.00|1.00|84264.00|907.00
33.37400197982788|0.15|0.02|-0.03|0.01|0.00|0.00|0.00|0.03|-0.00|0.00|-0.00|-0.00|0.00|0.00|0.00|0.56|-0.17|-0.01|-0.03|0.02|-0.03|0.00|1.00|84344.00|882.00
33.52160978317261|0.15|-0.01|0.01|-0.00|-0.01|0.00|0.00|0.02|0.00|-0.00|-0.00|-0.00|-0.00|0.00|0.00|2.83|-0.09|-0.01|-0.03|0.02|-0.03|0.00|1.00|84755.00|869.00
33.665279150009155|0.15|0.03|-0.01|0.00|-0.00|0.00|0.00|0.02|0.00|0.00|-0.00|0.00|-0.00|0.00|0.00|6.36|0.08|-0.01|-0.03|0.02|-0.03|0.00|1.00|85697.00|881.00
33.808833599090576|0.16|-0.04|0.00|0.00|0.01|0.00|0.00|-0.02|-0.00|-0.00|-0.00|0.00|0.00|0.00|0.00|2.94|0.01|-0.01|-0.03|0.02|-0.03|0.00|1.00|86120.00|883.00
33.95645999908447|0.14|0.01|0.02|-0.01|0.01|0.00|0.00|0.02|-0.00|-0.00|0.00|-0.00|0.00|0.00|0.00|5.43|-0.27|-0.01|-0.03|0.02|-0.03|0.00|1.00|86902.00|844.00
34.10005760192871|0.35|0.02|0.09|-0.00|-0.00|0.00|0.00|0.05|-0.00|0.00|0.01|-0.00|0.00|0.00|0.00|13.31|-0.65|-0.01|-0.03|0.02|-0.03|0.00|1.00|88818.00|750.00
34.25066137313843|0.22|-0.02|-0.04|-0.01|-0.01|0.00|0.00|0.02|-0.00|-0.00|0.01|-0.00|-0.00|0.00|0.00|15.94|-0.75|-0.01|-0.03|0.02|-0.03|0.00|1.00|91145.00|641.00
34.39427947998047|0.26|0.01|-0.05|0.01|0.00|0.00|0.00|0.08|0.00|0.00|0.00|-0.00|-0.00|0.00|0.00|28.51|-0.49|-0.01|-0.02|0.02|-0.03|0.00|1.00|95421.00|568.00
34.542288064956665|0.20|-0.01|0.01|0.00|-0.00|0.00|0.00|-0.10|-0.00|-0.00|0.00|-0.00|-0.00|0.00|0.00|13.83|-0.50|-0.01|-0.02|0.02|-0.03|0.00|1.00|97427.00|495.00
34.68495535850525|0.19|-0.01|-0.01|0.00|0.00|0.00|0.00|-0.09|0.01|-0.00|0.00|0.00|0.00|0.00|0.00|0.18|0.25|-0.01|-0.02|0.02|-0.03|0.00|1.00|97454.00|532.00
34.832648038864136|0.20|-0.00|0.01|0.00|-0.01|0.00|0.00|-0.02|-0.00|-0.00|0.00|0.00|-0.00|0.00|0.00|-2.58|0.21|-0.01|-0.02|0.02|-0.03|0.00|1.00|97085.00|562.00
34.98015785217285|0.23|0.01|-0.04|-0.00|0.01|0.00|0.00|0.03|-0.00|-0.00|-0.00|-0.00|0.00|0.00|0.00|1.19|-0.06|-0.01|-0.02|0.02|-0.03|0.00|1.00|97260.00|553.00
35.12777400016785|0.20|-0.01|0.00|-0.00|0.00|0.00|0.00|0.03|0.00|-0.00|-0.00|-0.00|0.00|0.00|0.00|6.21|-0.04|-0.01|-0.03|0.02|-0.03|0.00|1.00|98173.00|547.00
35.27537822723389|0.15|0.01|-0.00|0.00|-0.00|0.00|0.00|0.01|-0.00|-0.00|-0.00|-0.00|-0.00|0.00|0.00|7.13|-0.10|-0.01|-0.03|0.02|-0.03|0.00|1.00|99214.00|533.00
35.41868734359741|0.12|0.01|-0.00|0.00|0.00|0.00|0.00|-0.00|0.00|0.00|-0.00|0.00|0.00|0.00|0.00|6.44|-0.04|-0.01|-0.03|0.02|-0.03|0.00|1.00|100160.00|527.00
35.56619906425476|0.08|-0.03|0.00|0.00|0.00|0.00|0.00|-0.03|0.00|-0.00|-0.00|0.00|0.00|0.00|0.00|2.24|-0.03|-0.01|-0.03|0.02|-0.03|0.00|1.00|100485.00|523.00
35.71288442611694|0.08|0.00|0.02|-0.00|-0.01|0.00|0.00|-0.02|0.00|-0.00|0.00|0.00|-0.00|0.00|0.00|-0.94|-0.03|-0.01|-0.03|0.02|-0.03|0.00|1.00|100349.00|519.00
35.85638380050659|0.07|0.02|0.00|0.00|0.00|0.00|0.00|0.01|0.00|0.00|0.00|0.00|-0.00|0.00|0.00|0.00|-0.01|-0.01|-0.03|0.02|-0.03|0.00|1.00|100349.00|518.00
35.9963219165802|0.08|0.01|0.03|-0.00|0.00|0.00|0.00|0.01|0.00|0.00|0.00|0.00|0.00|0.00|0.00|0.06|0.00|-0.01|-0.03|0.02|-0.03|0.00|1.00|100357.00|518.00
36.143041133880615|0.04|-0.03|-0.02|-0.00|-0.00|0.00|0.00|0.00|0.00|-0.00|0.00|-0.00|0.00|0.00|0.00|0.08|-0.06|-0.01|-0.03|0.02|-0.03|0.00|1.00|100368.00|510.00
36.29057502746582|0.18|0.00|-0.02|0.00|0.00|0.00|0.00|-0.00|0.00|-0.00|-0.00|0.00|0.00|0.00|0.00|0.01|0.00|-0.01|-0.03|0.02|-0.03|0.00|1.00|100369.00|510.00
36.43426442146301|0.15|-0.01|0.00|-0.00|0.00|0.00|0.00|-0.00|0.00|-0.00|-0.00|0.00|0.00|0.00|0.00|0.00|0.00|-0.01|-0.03|0.02|-0.03|0.00|1.00|100369.00|510.00
36.58180069923401|0.14|0.01|0.00|-0.00|-0.01|0.00|0.00|-0.00|0.00|0.00|-0.00|-0.00|-0.00|0.00|0.00|0.00|0.00|-0.01|-0.03|0.02|-0.03|0.00|1.00|100369.00|510.00
36.72540473937988|0.11|0.00|0.01|0.00|0.00|0.00|0.00|-0.00|0.00|0.00|0.00|0.00|0.00|0.00|0.00|0.00|0.00|-0.01|-0.03|0.02|-0.03|0.00|1.00|100369.00|510.00
36.868053674697876|0.02|-0.01|-0.00|0.01|0.01|0.00|0.00|-0.00|0.00|-0.00|0.00|0.00|0.00|0.00|0.00|0.00|0.00|-0.01|-0.03|0.02|-0.03|0.00|1.00|100369.00|510.00
37.01966190338135|-0.01|-0.01|-0.01|-0.01|-0.01|0.00|0.00|-0.00|0.00|-0.00|-0.00|-0.00|-0.00|0.00|0.00|0.00|0.00|-0.01|-0.03|0.02|-0.03|0.00|1.00|100369.00|510.00
37.163256883621216|-0.02|0.01|0.00|0.01|0.01|0.00|0.00|-0.00|0.00|-0.00|0.00|0.00|0.00|0.00|0.00|0.00|0.00|-0.01|-0.03|0.02|-0.03|0.00|1.00|100369.00|510.00
37.31012773513794|-0.02|-0.00|0.01|-0.00|0.00|0.00|0.00|-0.00|0.00|-0.00|0.00|0.00|0.00|0.00|0.00|0.00|0.00|-0.01|-0.03|0.02|-0.03|0.00|1.00|100369.00|510.00
37.45777726173401|-0.02|0.00|-0.00|-0.00|-0.01|0.00|0.00|-0.00|0.00|-0.00|0.00|-0.00|-0.00|0.00|0.00|0.00|0.00|-0.01|-0.03|0.02|-0.03|0.00|1.00|100369.00|510.00
37.60140347480774|-0.01|0.00|-0.01|0.01|0.01|0.00|0.00|-0.00|0.00|0.00|-0.00|0.00|0.00|0.00|0.00|0.00|0.00|-0.01|-0.03|0.02|-0.03|0.00|1.00|100369.00|510.00
37.7529981136322|0.10|-0.01|-0.00|-0.01|-0.01|0.00|0.00|-0.00|0.00|-0.00|-0.00|-0.00|-0.00|0.00|0.00|-4.12|0.01|-0.01|-0.03|0.02|-0.03|0.00|1.00|99772.00|512.00
37.900694847106934|0.08|-0.02|-0.01|0.00|0.00|0.00|0.00|-0.03|0.00|-0.00|-0.00|-0.00|-0.00|0.00|0.00|-8.91|0.11|-0.01|-0.03|0.02|-0.03|0.00|1.00|98445.00|529.00
38.047616958618164|0.00|0.00|0.01|-0.00|-0.00|0.00|0.00|0.03|0.00|-0.00|-0.00|-0.00|-0.00|0.00|0.00|-4.20|0.13|-0.01|-0.03|0.02|-0.03|0.00|1.00|97823.00|548.00
38.191309213638306|-0.01|0.03|0.02|-0.00|-0.01|0.00|0.00|0.03|0.00|0.00|0.00|-0.00|-0.00|0.00|0.00|-0.24|0.16|-0.01|-0.03|0.02|-0.03|0.00|1.00|97787.00|572.00
38.33884310722351|0.08|-0.01|0.09|0.00|-0.00|0.00|0.00|0.00|-0.00|0.00|0.02|-0.00|-0.00|0.00|0.00|0.02|0.05|-0.01|-0.02|0.02|-0.03|0.00|1.00|97790.00|580.00
38.48245573043823|0.10|-0.08|-0.07|0.00|0.01|0.00|0.00|-0.00|-0.00|-0.01|0.01|0.00|0.00|0.00|0.00|0.01|0.00|-0.01|-0.02|0.02|-0.03|0.00|1.00|97792.00|580.00
38.629071950912476|0.09|0.07|-0.06|-0.00|0.00|0.00|0.00|-0.00|-0.00|-0.00|-0.00|-0.00|0.00|0.00|0.00|0.00|0.00|-0.01|-0.02|0.02|-0.03|0.00|1.00|97792.00|580.00
38.776654958724976|0.09|-0.02|0.01|-0.00|-0.00|0.00|0.00|-0.00|-0.00|-0.00|-0.00|-0.00|-0.00|0.00|0.00|0.00|0.01|-0.01|-0.02|0.02|-0.03|0.00|1.00|97792.00|582.00
38.92029523849487|0.09|-0.02|0.03|0.00|0.00|0.00|0.00|-0.00|-0.00|-0.01|0.00|0.00|0.00|0.00|0.00|0.00|0.00|-0.01|-0.02|0.02|-0.03|0.00|1.00|97792.00|582.00
39.06788516044617|0.09|-0.02|0.02|0.00|0.00|0.00|0.00|-0.00|-0.00|-0.01|0.00|0.00|0.00|0.00|0.00|0.00|0.00|-0.01|-0.02|0.02|-0.03|0.00|1.00|97792.00|582.00
39.21150207519531|0.09|0.09|-0.06|-0.00|0.00|0.00|0.00|-0.00|-0.00|0.00|-0.00|0.00|0.00|0.00|0.00|0.00|0.00|-0.01|-0.02|0.02|-0.03|0.00|1.00|97792.00|582.00
39.358595848083496|0.09|-0.00|-0.04|-0.01|-0.01|0.00|0.00|-0.00|-0.00|0.00|-0.01|-0.00|-0.00|0.00|0.00|0.00|0.00|-0.01|-0.02|0.02|-0.03|0.00|1.00|97792.00|582.00
39.5062210559845|0.09|0.06|-0.16|-0.09|-0.09|0.00|0.00|-0.00|-0.00|0.01|-0.03|-0.02|-0.01|0.00|0.00|0.09|0.01|-0.01|-0.03|0.02|-0.03|0.00|1.00|97805.00|584.00
39.65777826309204|0.10|0.07|-0.03|-0.17|-0.07|0.00|0.00|-0.04|-0.00|0.02|-0.04|-0.04|-0.03|0.00|0.00|-6.38|-0.44|-0.01|-0.03|0.01|-0.04|0.00|1.00|96867.00|519.00
39.80899977684021|0.10|-0.00|-0.04|-0.23|-0.07|0.00|0.00|-0.39|-0.00|0.02|-0.04|-0.08|-0.04|0.00|0.00|-65.32|-0.91|-0.01|-0.04|-0.00|-0.04|0.00|1.00|87004.00|382.00
39.960604190826416|0.09|0.10|0.17|0.19|0.18|0.00|0.00|-0.54|-0.01|0.04|-0.02|-0.05|-0.01|0.00|0.00|-146.68|-1.70|-0.00|-0.04|-0.01|-0.04|0.00|1.00|64709.00|124.00
40.108190059661865|0.10|-0.16|0.06|0.28|0.05|0.00|0.00|-0.19|0.01|0.01|-0.01|-0.00|-0.00|0.00|0.00|-175.92|0.37|0.00|-0.05|-0.01|-0.04|0.00|1.00|38321.00|179.00
40.25581216812134|0.09|-0.17|0.03|0.09|0.01|0.00|0.00|0.15|-0.00|-0.01|-0.00|0.01|0.00|0.00|0.00|-154.23|0.14|-0.00|-0.05|-0.01|-0.04|0.00|1.00|15649.00|199.00
40.402684926986694|0.09|0.11|0.03|-0.05|-0.00|0.00|0.00|0.14|-0.00|0.00|0.00|0.00|-0.00|0.00|0.00|-134.10|-0.41|-0.00|-0.05|-0.01|-0.04|0.00|1.00|-4332.00|138.00
40.550294399261475|0.07|0.19|-0.06|-0.01|0.01|0.00|0.00|0.51|-0.00|0.03|-0.01|0.00|0.00|0.00|0.00|-59.32|-0.54|0.00|-0.05|-0.01|-0.04|0.00|1.00|-13111.00|58.00
40.697877407073975|0.10|-0.25|0.07|-0.01|-0.04|0.00|0.00|0.40|0.00|-0.01|0.00|-0.00|-0.00|0.00|0.00|0.16|-0.24|0.00|-0.05|-0.01|-0.04|0.00|1.00|-13087.00|22.00
40.84151554107666|0.08|0.14|0.01|0.01|0.02|0.00|0.00|-0.00|-0.00|0.02|0.00|0.00|-0.00|0.00|0.00|0.03|-0.55|0.01|-0.05|-0.01|-0.04|0.00|1.00|-13082.00|-58.00
40.9930624961853|0.09|-0.09|-0.02|-0.01|-0.01|0.00|0.00|-0.00|0.00|0.00|0.00|-0.00|-0.00|0.00|0.00|0.00|-0.04|0.01|-0.05|-0.01|-0.04|0.00|1.00|-13082.00|-64.00
41.139731645584106|0.09|0.01|-0.01|0.01|-0.00|0.00|0.00|-0.00|0.00|0.00|-0.00|0.00|-0.00|0.00|0.00|-0.03|0.07|0.01|-0.05|-0.01|-0.04|0.00|1.00|-13086.00|-54.00
41.28734350204468|0.09|-0.03|0.00|-0.00|0.00|0.00|0.00|0.00|-0.00|-0.00|-0.00|0.00|-0.00|0.00|0.00|0.00|0.00|0.01|-0.05|-0.01|-0.04|0.00|1.00|-13086.00|-54.00
41.43097233772278|0.09|0.00|-0.01|0.00|0.00|0.00|0.00|0.00|-0.00|-0.00|-0.00|0.00|-0.00|0.00|0.00|0.00|0.00|0.01|-0.05|-0.01|-0.04|0.00|1.00|-13086.00|-54.00
41.57854866981506|0.07|0.00|0.00|-0.00|-0.00|0.00|0.00|0.00|-0.00|0.00|-0.00|0.00|-0.00|0.00|0.00|0.00|0.00|0.01|-0.05|-0.01|-0.04|0.00|1.00|-13086.00|-54.00
41.7221953868866|0.10|-0.00|0.00|0.00|0.00|0.00|0.00|0.00|-0.00|-0.00|-0.00|0.00|-0.00|0.00|0.00|0.00|0.00|0.01|-0.05|-0.01|-0.04|0.00|1.00|-13086.00|-54.00
41.86878061294556|0.09|-0.01|0.00|0.00|0.00|0.00|0.00|0.00|-0.00|-0.00|-0.00|0.00|-0.00|0.00|0.00|0.00|0.00|0.01|-0.05|-0.01|-0.04|0.00|1.00|-13086.00|-54.00
42.016353607177734|0.09|0.00|-0.00|0.00|-0.00|0.00|0.00|0.00|-0.00|-0.00|-0.00|0.00|-0.00|0.00|0.00|0.00|0.00|0.01|-0.05|-0.01|-0.04|0.00|1.00|-13086.00|-54.00
42.16371417045593|0.09|0.00|-0.00|0.00|-0.00|0.00|0.00|0.00|-0.00|-0.00|-0.00|0.00|-0.00|0.00|0.00|0.00|0.00|0.01|-0.05|-0.01|-0.04|0.00|1.00|-13086.00|-54.00
42.311328172683716|0.08|0.00|-0.00|-0.00|-0.00|0.00|0.00|0.00|-0.00|-0.00|-0.00|0.00|-0.00|0.00|0.00|0.00|0.00|0.01|-0.05|-0.01|-0.04|0.00|1.00|-13086.00|-54.00
42.45898509025574|0.09|-0.00|-0.00|0.00|0.00|0.00|0.00|0.00|-0.00|-0.00|-0.00|0.00|-0.00|0.00|0.00|0.00|0.00|0.01|-0.05|-0.01|-0.04|0.00|1.00|-13086.00|-54.00
42.60254454612732|0.09|0.00|0.00|-0.00|0.00|0.00|0.00|0.00|-0.00|-0.00|-0.00|0.00|-0.00|0.00|0.00|0.00|0.00|0.01|-0.05|-0.01|-0.04|0.00|1.00|-13086.00|-54.00
42.75024437904358|0.09|-0.00|0.00|0.00|0.00|0.00|0.00|0.00|-0.00|-0.00|-0.00|0.00|-0.00|0.00|0.00|0.00|0.00|0.01|-0.05|-0.01|-0.05|0.00|1.00|-13086.00|-54.00
42.89781188964844|0.09|-0.00|0.00|-0.00|-0.00|0.00|0.00|0.00|-0.00|-0.00|-0.00|0.00|-0.00|0.00|0.00|0.00|0.00|0.01|-0.05|-0.01|-0.05|0.00|1.00|-13086.00|-54.00
43.04436945915222|0.09|-0.00|-0.00|0.00|0.00|0.00|0.00|0.00|-0.00|-0.00|-0.00|0.00|-0.00|0.00|0.00|0.00|0.00|0.01|-0.05|-0.01|-0.05|0.00|1.00|-13086.00|-54.00
43.19203233718872|0.09|-0.00|0.00|-0.00|-0.00|0.00|0.00|0.00|-0.00|-0.00|-0.00|0.00|-0.00|0.00|0.00|0.00|0.00|0.00|-0.05|-0.01|-0.05|0.00|1.00|-13086.00|-54.00
43.339690923690796|0.09|-0.00|-0.00|-0.00|-0.00|0.00|0.00|0.00|-0.00|-0.00|-0.00|0.00|-0.00|0.00|0.00|0.00|0.00|0.00|-0.05|-0.01|-0.05|0.00|1.00|-13086.00|-54.00
43.487237215042114|0.09|-0.00|0.00|0.00|-0.00|0.00|0.00|0.00|-0.00|-0.00|-0.00|0.00|-0.00|0.00|0.00|0.00|0.00|0.00|-0.05|-0.00|-0.05|0.00|1.00|-13086.00|-54.00
43.63488221168518|0.08|0.00|0.00|-0.00|0.00|0.00|0.00|0.00|-0.00|-0.00|-0.00|0.00|-0.00|0.00|0.00|0.00|0.00|0.00|-0.05|-0.00|-0.05|0.00|1.00|-13086.00|-54.00
43.77845311164856|0.10|0.00|-0.00|0.00|-0.00|0.00|0.00|0.00|-0.00|-0.00|-0.00|0.00|-0.00|0.00|0.00|0.00|0.00|0.00|-0.05|-0.00|-0.05|0.00|1.00|-13086.00|-54.00
43.92502450942993|0.09|0.00|0.00|-0.00|0.01|0.00|0.00|0.00|-0.00|-0.00|-0.00|0.00|-0.00|0.00|0.00|0.00|0.00|0.00|-0.05|-0.00|-0.05|0.00|1.00|-13086.00|-54.00
44.07276964187622|0.09|-0.00|-0.00|-0.00|-0.00|0.00|0.00|0.00|-0.00|-0.00|-0.00|0.00|-0.00|0.00|0.00|0.00|0.00|0.00|-0.05|-0.00|-0.05|0.00|1.00|-13086.00|-54.00
44.220463514328|0.11|0.00|0.00|0.00|0.00|0.00|0.00|0.00|-0.00|-0.00|-0.00|0.00|-0.00|0.00|0.00|0.00|0.00|0.00|-0.05|-0.00|-0.05|0.00|1.00|-13086.00|-54.00
44.36796283721924|0.09|0.00|-0.00|-0.00|-0.00|0.00|0.00|0.00|-0.00|-0.00|-0.00|0.00|-0.00|0.00|0.00|0.00|0.00|0.00|-0.05|-0.00|-0.05|0.00|1.00|-13086.00|-54.00
44.51158356666565|0.09|0.00|0.00|0.00|0.00|0.00|0.00|0.00|-0.00|-0.00|-0.00|0.00|-0.00|0.00|0.00|0.00|0.00|0.00|-0.05|-0.00|-0.05|0.00|1.00|-13086.00|-54.00
44.659202337265015|0.09|0.00|-0.00|-0.00|-0.00|0.00|0.00|0.00|-0.00|-0.00|-0.00|0.00|-0.00|0.00|0.00|0.00|0.00|0.00|-0.05|-0.00|-0.05|0.00|1.00|-13086.00|-54.00
44.805858850479126|0.10|-0.00|0.00|-0.00|-0.00|0.00|0.00|0.00|-0.00|-0.00|-0.00|0.00|-0.00|0.00|0.00|0.00|0.00|0.00|-0.05|-0.00|-0.05|0.00|1.00|-13086.00|-54.00
44.9535117149353|0.09|-0.00|-0.00|0.00|-0.00|0.00|0.00|0.00|-0.00|-0.00|-0.00|0.00|-0.00|0.00|0.00|0.00|0.00|0.00|-0.05|-0.00|-0.05|0.00|1.00|-13086.00|-54.00
45.10137724876404|0.09|-0.00|0.00|0.00|0.00|0.00|0.00|0.00|-0.00|-0.00|-0.00|0.00|-0.00|0.00|0.00|0.00|0.00|0.00|-0.05|-0.00|-0.05|0.00|1.00|-13086.00|-54.00
45.247982025146484|0.10|-0.00|-0.00|0.00|0.00|0.00|0.00|0.00|-0.00|-0.00|-0.00|0.00|-0.00|0.00|0.00|0.00|0.00|0.00|-0.05|-0.00|-0.05|0.00|1.00|-13086.00|-54.00
45.39565420150757|0.09|0.00|0.00|-0.00|-0.00|0.00|0.00|0.00|-0.00|-0.00|-0.00|0.00|-0.00|0.00|0.00|0.00|0.00|0.00|-0.05|-0.00|-0.05|0.00|1.00|-13086.00|-54.00
45.54315137863159|0.09|0.00|-0.00|-0.00|-0.00|0.00|0.00|0.00|-0.00|-0.00|-0.00|0.00|-0.00|0.00|0.00|0.00|0.00|0.00|-0.05|-0.00|-0.05|0.00|1.00|-13086.00|-54.00
45.68681812286377|0.10|-0.00|0.00|0.00|0.00|0.00|0.00|0.00|-0.00|-0.00|-0.00|0.00|-0.00|0.00|0.00|0.00|0.00|0.00|-0.05|-0.00|-0.05|0.00|1.00|-13086.00|-54.00
45.83442187309265|0.10|0.00|0.00|-0.00|-0.00|0.00|0.00|0.00|-0.00|-0.00|-0.00|0.00|-0.00|0.00|0.00|0.00|0.00|0.00|-0.05|-0.00|-0.05|0.00|1.00|-13086.00|-54.00
45.98200821876526|0.09|-0.00|0.00|-0.00|0.00|0.00|0.00|0.00|-0.00|-0.00|-0.00|0.00|-0.00|0.00|0.00|0.00|0.00|0.00|-0.05|-0.00|-0.05|0.00|1.00|-13086.00|-54.00
46.128634452819824|0.09|0.00|-0.00|0.00|-0.00|0.00|0.00|0.00|-0.00|-0.00|-0.00|0.00|-0.00|0.00|0.00|0.00|0.00|0.00|-0.05|-0.00|-0.05|0.00|1.00|-13086.00|-54.00
46.276270151138306|0.11|-0.00|0.00|0.00|0.00|0.00|0.00|0.00|-0.00|-0.00|-0.00|0.00|-0.00|0.00|0.00|0.00|0.00|0.00|-0.05|-0.00|-0.05|0.00|1.00|-13086.00|-54.00
46.41985368728638|0.09|-0.00|-0.00|0.00|0.00|0.00|0.00|0.00|-0.00|-0.00|-0.00|0.00|-0.00|0.00|0.00|0.00|0.00|0.00|-0.05|-0.00|-0.05|0.00|1.00|-13086.00|-54.00
46.56746768951416|0.10|0.00|0.00|0.00|-0.00|0.00|0.00|0.00|-0.00|-0.00|-0.00|0.00|-0.00|0.00|0.00|0.00|0.00|0.00|-0.05|-0.00|-0.05|0.00|1.00|-13086.00|-54.00
46.71506118774414|0.09|-0.00|0.00|0.00|-0.00|0.00|0.00|0.00|-0.00|-0.00|-0.00|0.00|-0.00|0.00|0.00|0.00|0.00|0.00|-0.05|-0.00|-0.05|0.00|1.00|-13086.00|-54.00
46.86263084411621|0.08|-0.00|-0.00|-0.00|0.00|0.00|0.00|0.00|-0.00|-0.00|-0.00|0.00|-0.00|0.00|0.00|0.00|0.00|0.00|-0.05|-0.00|-0.05|0.00|1.00|-13086.00|-54.00
47.0092408657074|0.09|0.00|0.00|-0.00|-0.00|0.00|0.00|0.00|-0.00|-0.00|-0.00|0.00|-0.00|0.00|0.00|0.00|0.00|0.00|-0.05|-0.00|-0.05|0.00|1.00|-13086.00|-54.00
47.156914949417114|0.09|-0.00|-0.00|0.00|0.00|0.00|0.00|0.00|-0.00|-0.00|-0.00|0.00|-0.00|0.00|0.00|0.00|0.00|0.00|-0.05|-0.00|-0.05|0.00|1.00|-13086.00|-54.00
47.30050230026245|0.09|-0.00|0.00|0.00|-0.00|0.00|0.00|0.00|-0.00|-0.00|-0.00|0.00|-0.00|0.00|0.00|0.00|0.00|0.00|-0.05|-0.00|-0.05|0.00|1.00|-13086.00|-54.00
47.448116064071655|0.10|0.00|-0.00|0.00|0.00|0.00|0.00|0.00|-0.00|-0.00|-0.00|0.00|-0.00|0.00|0.00|0.00|0.00|0.00|-0.05|-0.00|-0.05|0.00|1.00|-13086.00|-54.00
47.59168457984924|0.09|0.00|0.00|0.00|-0.00|0.00|0.00|0.00|-0.00|0.00|-0.00|0.00|-0.00|0.00|0.00|0.00|0.00|0.00|-0.05|-0.00|-0.05|0.00|1.00|-13086.00|-54.00
47.73829126358032|0.09|-0.00|-0.00|-0.00|0.00|0.00|0.00|0.00|-0.00|-0.00|-0.00|0.00|-0.00|0.00|0.00|0.00|0.00|0.00|-0.05|-0.00|-0.05|0.00|1.00|-13086.00|-54.00
47.885947465896606|0.09|-0.00|0.00|0.00|0.00|0.00|0.00|0.00|-0.00|-0.00|-0.00|0.00|-0.00|0.00|0.00|0.00|0.00|0.00|-0.05|-0.00|-0.05|0.00|1.00|-13086.00|-54.00
48.03363013267517|0.09|0.00|-0.00|-0.00|-0.00|0.00|0.00|0.00|-0.00|-0.00|-0.00|0.00|-0.00|0.00|0.00|0.00|0.00|0.00|-0.05|-0.00|-0.05|0.00|1.00|-13086.00|-54.00
48.181151390075684|0.09|-0.00|0.00|-0.00|0.00|0.00|0.00|0.00|-0.00|-0.00|-0.00|0.00|-0.00|0.00|0.00|0.00|0.00|0.00|-0.05|-0.00|-0.05|0.00|1.00|-13086.00|-54.00
48.32876706123352|0.09|0.00|-0.00|0.00|-0.00|0.00|0.00|0.00|-0.00|-0.00|-0.00|0.00|-0.00|0.00|0.00|0.00|0.00|0.00|-0.05|-0.00|-0.05|0.00|1.00|-13086.00|-54.00
48.47635555267334|0.08|-0.00|0.00|-0.00|-0.00|0.00|0.00|0.00|-0.00|-0.00|-0.00|0.00|-0.00|0.00|0.00|0.00|0.00|0.00|-0.05|-0.00|-0.05|0.00|1.00|-13086.00|-54.00
48.623072147369385|0.09|-0.00|0.00|-0.00|0.00|0.00|0.00|0.00|-0.00|-0.00|-0.00|0.00|-0.00|0.00|0.00|0.00|0.00|0.00|-0.05|-0.00|-0.05|0.00|1.00|-13086.00|-54.00
48.77057194709778|0.09|-0.00|-0.00|-0.00|0.00|0.00|0.00|0.00|-0.00|-0.00|-0.00|0.00|-0.00|0.00|0.00|0.00|0.00|0.00|-0.05|-0.00|-0.05|0.00|1.00|-13086.00|-54.00
48.91822624206543|0.11|0.00|-0.00|0.00|-0.00|0.00|0.00|0.00|-0.00|-0.00|-0.00|0.00|-0.00|0.00|0.00|0.00|0.00|0.00|-0.05|-0.00|-0.05|0.00|1.00|-13086.00|-54.00
49.06578731536865|0.10|-0.00|0.00|-0.00|0.00|0.00|0.00|0.00|-0.00|-0.00|-0.00|0.00|-0.00|0.00|0.00|0.00|0.00|0.00|-0.05|-0.00|-0.05|0.00|1.00|-13086.00|-54.00
49.20942044258118|0.09|-0.00|0.00|0.00|-0.00|0.00|0.00|0.00|-0.00|-0.00|-0.00|0.00|-0.00|0.00|0.00|0.00|0.00|0.00|-0.05|-0.00|-0.05|0.00|1.00|-13086.00|-54.00
49.36100244522095|0.09|-0.00|-0.00|-0.00|-0.00|0.00|0.00|0.00|-0.00|-0.00|-0.00|0.00|-0.00|0.00|0.00|0.00|0.00|0.00|-0.05|-0.00|-0.05|0.00|1.00|-13086.00|-54.00
49.50763654708862|0.09|-0.00|0.00|0.00|-0.00|0.00|0.00|0.00|-0.00|-0.00|-0.00|0.00|-0.00|0.00|0.00|0.00|0.00|0.00|-0.05|-0.00|-0.05|0.00|1.00|-13086.00|-54.00
49.65520095825195|0.09|-0.00|-0.00|-0.00|0.00|0.00|0.00|0.00|-0.00|-0.00|-0.00|0.00|-0.00|0.00|0.00|0.00|0.00|0.00|-0.05|-0.00|-0.05|0.00|1.00|-13086.00|-54.00
49.79879021644592|0.09|0.00|0.00|-0.00|0.00|0.00|0.00|0.00|-0.00|0.00|-0.00|0.00|-0.00|0.00|0.00|0.00|0.00|0.00|-0.05|-0.00|-0.05|0.00|1.00|-13086.00|-54.00
