0.0877678394317627|.00|0.00|-0.00|0.00|0.00|0.00|0.00|0.00|0.00|-0.05|0.00|-0.05|-12.00|16.00|-5.00|0.00
0.2304096221923828|0.10|-0.00|0.00|-0.00|-0.00|0.00|-0.00|0.00|0.00|-0.00|0.00|-0.00|0.00|0.00|0.00|0.00|0.00|0.00|-0.05|0.00|-0.05|-12.00|16.00|-5.00|0.00
0.3740212917327881|0.11|0.00|-0.00|0.00|-0.00|0.00|-0.00|0.00|0.00|-0.00|-0.00|-0.00|0.00|0.00|0.00|0.00|0.00|0.00|-0.05|0.00|-0.05|-12.00|16.00|-5.00|0.00
0.5137419700622559|0.12|-0.00|0.00|-0.00|0.00|0.00|-0.00|0.00|0.00|-0.00|0.00|-0.00|0.00|0.00|0.00|0.00|0.00|0.00|-0.05|0.00|-0.05|-12.00|16.00|-5.00|0.00
0.6562740802764893|0.12|-0.00|0.00|-0.00|-0.00|0.00|-0.00|0.00|0.00|-0.00|0.00|-0.00|0.00|0.00|0.00|0.00|0.00|0.00|-0.05|0.00|-0.05|-12.00|16.00|-5.00|0.00
0.7998831272125244|0.11|-0.00|0.00|0.00|-0.00|0.00|-0.00|0.00|0.00|-0.00|0.00|-0.00|-0.00|0.00|0.00|0.00|0.00|0.00|-0.05|0.00|-0.05|-12.00|16.00|-5.00|0.00
0.9395143985748291|0.10|0.00|-0.00|-0.00|0.00|0.00|-0.00|0.00|0.00|0.00|0.00|-0.00|0.00|0.00|0.00|0.00|0.00|0.00|-0.05|0.00|-0.05|-12.00|16.00|-5.00|0.00
1.0830941200256348|0.11|-0.00|-0.00|-0.00|0.00|0.00|-0.00|0.00|0.00|-0.00|0.00|-0.00|0.00|0.00|0.00|0.00|0.00|0.00|-0.05|0.00|-0.05|-12.00|16.00|-5.00|0.00
1.2257332801818848|0.11|0.00|-0.00|0.00|-0.00|0.00|-0.00|0.00|0.00|0.00|-0.00|-0.00|0.00|0.00|0.00|0.00|0.00|0.00|-0.05|0.00|-0.05|-12.00|16.00|-5.00|0.00
1.3653604984283447|0.11|-0.00|0.00|0.00|0.00|0.00|-0.00|0.00|0.00|-0.00|0.00|-0.00|0.00|0.00|0.00|0.00|0.00|0.00|-0.05|0.00|-0.05|-12.00|16.00|-5.00|0.00
1.5049636363983154|0.10|0.00|0.00|0.00|0.00|0.00|-0.00|0.00|0.00|-0.00|0.00|-0.00|0.00|0.00|0.00|0.00|0.00|0.00|-0.05|0.00|-0.05|-12.00|16.00|-5.00|0.00
1.651611089706421|0.11|-0.00|-0.00|-0.00|-0.00|0.00|-0.00|0.00|0.00|-0.00|-0.00|-0.00|0.00|0.00|0.00|0.00|0.00|0.00|-0.05|0.00|-0.05|-12.00|16.00|-5.00|0.00
1.7912249565124512|0.11|0.00|0.00|0.00|0.00|0.00|-0.00|0.00|0.00|0.00|-0.00|-0.00|0.00|0.00|0.00|0.00|0.00|0.00|-0.05|0.00|-0.05|-12.00|16.00|-5.00|0.00
1.9308993816375732|0.11|-0.00|0.00|0.00|-0.00|0.00|-0.00|0.00|0.00|-0.00|-0.00|-0.00|0.00|0.00|0.00|0.00|0.00|0.00|-0.05|0.00|-0.05|-12.00|16.00|-5.00|0.00
2.0774734020233154|0.12|0.00|-0.00|-0.00|0.00|0.00|-0.00|0.00|0.00|-0.00|-0.00|-0.00|0.00|-0.11|0.15|0.00|0.00|0.00|-0.05|0.00|-0.05|-28.00|37.00|-5.00|0.00
2.217078924179077|0.12|-0.00|0.01|0.01|-0.00|0.00|0.00|0.00|0.00|-0.00|0.00|0.00|-0.00|-0.05|0.17|0.00|0.00|0.00|-0.05|0.00|-0.05|-35.00|61.00|-5.00|4.00
2.3648006916046143|0.11|0.02|-0.01|-0.02|0.00|0.00|-0.00|0.00|0.00|0.00|-0.00|-0.00|-0.00|0.16|-0.26|-0.01|0.89|0.00|-0.05|0.00|-0.05|-12.00|25.00|-6.00|130.00
2.516312837600708|0.11|-0.02|0.00|0.04|-0.01|-0.00|0.00|-0.00|-0.01|-0.00|0.00|0.00|-0.00|-0.12|0.25|-0.03|-0.07|0.00|-0.05|0.00|-0.05|-30.00|62.00|-10.00|120.00
2.6599180698394775|0.11|-0.08|0.03|0.17|0.07|0.00|-0.01|-0.00|0.00|-0.01|0.00|0.03|0.01|0.36|-0.89|-0.14|0.26|-0.00|-0.05|0.01|-0.05|23.00|-70.00|-31.00|159.00
2.81553053855896|0.12|-0.27|0.09|0.15|0.01|-0.48|0.04|0.43|0.01|-0.05|0.02|0.05|0.01|-70.20|4.95|62.85|1.30|-0.01|-0.05|0.01|-0.05|-10297.00|657.00|9208.00|350.00
2.971182107925415|0.11|0.25|-0.04|-0.09|0.05|-0.43|0.04|0.41|0.00|-0.01|0.01|0.04|0.02|-135.62|10.51|125.40|1.50|-0.01|-0.05|0.02|-0.05|-30911.00|2255.00|28269.00|578.00
3.130756378173828|0.12|-0.02|0.12|0.04|0.04|0.56|-0.04|-0.03|-0.00|-0.02|0.03|0.04|0.03|-47.23|3.99|120.56|1.08|-0.01|-0.04|0.03|-0.04|-38373.00|2886.00|47317.00|748.00
3.2822561264038086|0.12|0.18|-0.17|-0.20|0.04|0.14|-0.01|-0.31|0.00|0.01|0.00|0.01|0.03|-25.46|2.13|72.76|1.21|-0.01|-0.04|0.03|-0.04|-42345.00|3219.00|58668.00|937.00
3.4418280124664307|0.11|-0.02|0.02|-0.11|0.04|0.17|-0.02|-0.15|-0.01|0.01|0.01|-0.01|0.04|0.81|-0.47|48.80|-0.61|-0.01|-0.04|0.03|-0.03|-42219.00|3146.00|66281.00|842.00
3.601405143737793|0.11|-0.06|0.10|-0.08|-0.09|-0.00|0.00|0.02|-0.00|-0.00|0.02|-0.02|0.02|0.10|-0.09|51.46|-0.99|-0.01|-0.04|0.02|-0.03|-42203.00|3132.00|74360.00|687.00
3.756986379623413|0.12|0.05|-0.05|0.05|-0.11|-0.03|-0.00|-0.16|0.00|0.00|0.02|-0.01|0.01|-4.65|-0.47|25.87|-0.58|-0.01|-0.03|0.02|-0.03|-42938.00|3058.00|78448.00|596.00
3.9175660610198975|0.12|-0.03|-0.11|0.07|-0.05|0.03|0.00|-0.16|0.00|-0.00|-0.00|0.00|-0.00|-0.03|-0.13|0.38|-0.18|-0.01|-0.03|0.02|-0.03|-42942.00|3038.00|78508.00|568.00
4.069154739379883|0.12|-0.02|0.01|0.01|0.02|-0.00|0.00|-0.00|0.00|-0.00|0.00|0.00|0.00|-0.13|0.04|0.00|0.06|-0.01|-0.03|0.02|-0.03|-42963.00|3045.00|78508.00|577.00
4.22873330116272|0.12|-0.02|0.02|-0.03|0.01|-0.10|0.01|-0.00|-0.00|-0.01|0.00|-0.00|0.00|-15.18|1.19|7.66|-0.16|-0.01|-0.03|0.02|-0.03|-45271.00|3226.00|79673.00|552.00
4.384310483932495|0.09|-0.06|0.03|-0.00|-0.02|0.03|-0.00|-0.04|0.00|-0.02|0.01|-0.00|-0.00|-9.62|0.88|0.82|-0.11|-0.01|-0.03|0.02|-0.03|-46801.00|3366.00|79803.00|535.00
4.543890714645386|0.12|0.05|-0.01|0.02|-0.01|0.04|-0.00|-0.03|-0.00|-0.01|0.01|-0.00|-0.00|-2.91|0.39|-3.25|-0.20|-0.02|-0.03|0.02|-0.03|-47261.00|3428.00|79290.00|503.00
4.703467130661011|0.12|0.03|-0.02|0.00|-0.01|0.01|-0.00|-0.07|0.00|-0.00|0.00|0.00|-0.00|-1.45|0.09|-14.67|0.24|-0.02|-0.03|0.02|-0.03|-47493.00|3443.00|76943.00|541.00
4.85905385017395|0.10|0.03|0.00|-0.03|0.03|-0.01|-0.00|0.05|-0.00|0.00|0.00|-0.00|0.00|-3.58|-0.08|-7.62|0.20|-0.02|-0.03|0.02|-0.03|-48052.00|3431.00|75755.00|572.00
5.022615909576416|0.11|0.03|-0.02|-0.02|-0.05|-0.00|-0.00|-0.04|-0.01|0.01|0.00|-0.01|-0.01|-4.12|-0.13|-13.21|-0.79|-0.01|-0.03|0.02|-0.03|-48694.00|3411.00|73694.00|449.00
5.178200721740723|0.12|-0.01|-0.01|0.08|0.01|0.02|0.00|0.01|0.00|0.00|-0.00|0.01|-0.01|-0.07|-0.02|-10.81|0.00|-0.01|-0.03|0.02|-0.03|-48705.00|3407.00|71932.00|449.00
5.329796314239502|0.10|-0.02|0.02|0.06|0.01|0.00|0.00|-0.02|0.00|0.00|0.00|0.01|-0.00|-0.02|0.01|-14.35|0.26|-0.01|-0.03|0.02|-0.03|-48708.00|3409.00|69708.00|489.00
5.4853880405426025|0.11|0.01|-0.01|-0.03|0.03|0.00|-0.00|0.05|0.00|0.00|-0.00|0.01|0.00|0.00|0.00|-7.34|0.69|-0.01|-0.03|0.03|-0.03|-48708.00|3409.00|68577.00|595.00
5.640915870666504|0.12|-0.02|-0.00|-0.01|-0.04|0.00|-0.00|0.04|-0.00|-0.00|-0.00|0.01|-0.01|0.00|0.03|-0.69|0.15|-0.01|-0.03|0.03|-0.03|-48708.00|3414.00|68470.00|618.00
5.797494649887085|0.12|0.01|0.02|-0.09|0.05|0.00|-0.00|-0.02|-0.00|0.00|0.00|-0.01|0.00|-0.01|0.00|-3.29|-0.04|-0.01|-0.03|0.03|-0.03|-48710.00|3414.00|67953.00|612.00
5.9521214962005615|0.09|-0.01|0.00|0.03|0.01|0.00|-0.00|0.04|-0.00|-0.00|0.00|-0.00|0.00|0.00|0.00|3.10|-0.13|-0.01|-0.03|0.03|-0.03|-48710.00|3414.00|68436.00|592.00
6.108705759048462|0.11|0.01|-0.01|0.00|-0.02|0.00|-0.00|-0.03|0.00|0.00|0.00|-0.00|0.00|0.00|0.00|-1.26|0.39|-0.01|-0.03|0.03|-0.03|-48710.00|3414.00|68240.00|652.00
6.260261297225952|0.11|0.00|0.01|0.01|-0.01|0.00|-0.00|-0.02|-0.00|0.00|0.00|0.00|-0.00|0.00|0.00|-4.93|0.07|-0.01|-0.03|0.03|-0.03|-48710.00|3414.00|67485.00|662.00
6.415897369384766|0.11|0.03|-0.00|-0.08|0.05|0.00|-0.00|0.06|-0.00|0.01|0.00|-0.01|0.01|0.00|0.00|4.47|-0.12|-0.01|-0.03|0.02|-0.03|-48710.00|3414.00|68173.00|643.00
6.566474199295044|0.10|-0.03|0.00|0.03|0.03|0.00|-0.00|-0.01|0.00|0.00|0.00|-0.01|0.01|0.00|0.00|3.55|-0.09|-0.01|-0.03|0.02|-0.03|-48710.00|3414.00|68720.00|629.00
6.7230658531188965|0.09|-0.01|-0.01|0.05|-0.03|0.00|-0.00|-0.00|0.00|-0.00|0.00|0.00|0.01|0.00|0.00|3.27|0.12|-0.01|-0.03|0.02|-0.03|-48710.00|3414.00|69221.00|648.00
6.874662399291992|0.10|0.01|0.01|-0.03|0.02|0.00|-0.00|0.05|0.00|0.00|0.00|-0.00|0.01|0.00|0.00|10.27|0.14|-0.01|-0.03|0.02|-0.03|-48710.00|3414.00|70802.00|669.00
7.0302464962005615|0.10|-0.01|0.00|0.02|-0.04|0.00|-0.00|-0.01|-0.00|0.00|0.00|-0.00|0.00|0.00|0.00|8.09|0.11|-0.01|-0.03|0.02|-0.03|-48710.00|3414.00|72032.00|686.00
7.181806325912476|0.10|-0.01|-0.01|0.05|0.01|0.00|-0.00|-0.03|0.00|-0.00|-0.00|0.01|0.01|0.00|0.00|2.99|0.15|-0.01|-0.03|0.02|-0.02|-48710.00|3414.00|72493.00|709.00
7.341628074645996|0.10|-0.01|-0.01|-0.06|-0.02|0.00|-0.00|-0.01|-0.00|-0.00|-0.00|-0.00|0.00|0.00|0.00|1.92|-0.01|-0.01|-0.03|0.02|-0.02|-48710.00|3414.00|72786.00|707.00
7.497181177139282|0.10|-0.00|0.01|-0.00|-0.01|0.00|-0.00|-0.01|0.00|-0.00|0.00|-0.00|0.00|0.00|0.00|0.00|0.03|-0.01|-0.03|0.02|-0.02|-48710.00|3414.00|72786.00|712.00
7.6568005084991455|0.11|0.01|-0.01|-0.02|-0.06|0.00|-0.00|-0.01|-0.00|-0.00|-0.00|-0.01|-0.01|0.00|0.00|-6.59|-0.25|-0.01|-0.03|0.02|-0.02|-48710.00|3414.00|71765.00|673.00
7.8163743019104|0.11|-0.01|0.00|-0.00|0.04|0.00|-0.00|-0.03|-0.00|-0.00|-0.00|-0.01|-0.00|0.00|0.00|-10.57|-0.30|-0.01|-0.03|0.02|-0.02|-48710.00|3414.00|70085.00|626.00
7.975947618484497|0.12|0.01|-0.01|-0.01|-0.02|0.00|-0.00|0.06|0.00|-0.00|-0.00|-0.01|-0.00|0.00|0.00|-0.91|-0.14|-0.01|-0.03|0.02|-0.03|-48710.00|3414.00|69938.00|604.00
8.131534814834595|0.12|-0.00|0.01|0.05|0.01|0.00|-0.00|-0.00|0.00|-0.00|-0.00|-0.00|-0.00|0.00|0.00|-1.59|-0.04|-0.01|-0.03|0.02|-0.03|-48710.00|3414.00|69687.00|598.00
8.291061401367188|0.12|0.01|-0.00|-0.00|-0.01|0.00|-0.00|-0.02|0.00|0.00|-0.00|-0.00|-0.00|0.00|0.00|-5.22|-0.03|-0.01|-0.03|0.02|-0.03|-48710.00|3414.00|68868.00|594.00
8.446675300598145|0.12|0.00|0.00|-0.00|0.00|0.00|-0.00|0.01|-0.00|0.00|-0.00|-0.00|-0.00|0.00|0.00|-3.44|-0.18|-0.01|-0.03|0.02|-0.03|-48710.00|3414.00|68325.00|565.00
8.607215404510498|0.12|-0.00|0.01|-0.01|-0.00|0.00|-0.00|-0.03|-0.00|0.00|0.00|-0.00|-0.00|0.00|0.00|-8.89|-0.58|-0.01|-0.03|0.02|-0.03|-48710.00|3414.00|66938.00|474.00
8.76281189918518|0.11|-0.00|-0.00|0.04|0.02|0.00|-0.00|-0.00|0.00|-0.00|0.00|0.00|0.00|0.00|0.00|-9.62|-0.31|-0.01|-0.03|0.02|-0.03|-48710.00|3414.00|65409.00|425.00
8.918386697769165|0.12|-0.01|0.00|0.02|-0.02|0.00|-0.00|0.04|0.00|-0.00|0.00|0.00|-0.00|0.00|0.00|-3.21|-0.14|-0.01|-0.03|0.02|-0.03|-48710.00|3414.00|64915.00|403.00
9.07001543045044|0.11|0.02|0.01|-0.02|0.00|0.00|-0.00|-0.01|0.00|0.00|0.00|0.00|-0.00|0.00|0.00|-4.72|0.05|-0.01|-0.03|0.02|-0.03|-48710.00|3414.00|64183.00|410.00
9.225605726242065|0.12|0.00|-0.00|0.03|0.00|0.00|-0.00|-0.04|0.00|0.00|0.00|0.01|-0.00|0.00|0.00|-10.42|0.05|-0.01|-0.03|0.02|-0.03|-48710.00|3414.00|62588.00|418.00
9.377198457717896|0.12|-0.00|-0.00|-0.02|0.04|0.00|-0.00|0.03|-0.00|0.00|0.00|0.00|0.00|0.00|0.00|-5.09|0.00|-0.01|-0.03|0.02|-0.03|-48710.00|3414.00|61804.00|418.00
9.53278374671936|0.12|0.00|-0.01|-0.04|-0.00|0.00|-0.00|0.02|-0.00|0.00|0.00|-0.00|0.00|0.00|0.00|-2.56|-0.03|-0.01|-0.03|0.02|-0.03|-48710.00|3414.00|61409.00|414.00
9.688472509384155|0.11|-0.01|0.00|0.02|0.02|0.00|-0.00|-0.03|0.00|-0.00|0.00|-0.00|0.01|0.00|0.00|-7.94|0.10|-0.01|-0.03|0.02|-0.03|-48710.00|3414.00|60179.00|430.00
9.839967012405396|0.12|0.00|0.01|0.03|0.01|0.00|-0.00|0.02|-0.00|0.00|0.00|0.00|0.01|0.00|0.00|-5.25|-0.07|-0.01|-0.03|0.02|-0.03|-48710.00|3414.00|59365.00|419.00
9.991561889648438|0.11|0.00|-0.01|0.05|0.02|0.00|-0.00|0.03|0.00|0.00|0.00|0.01|0.01|0.00|0.00|0.01|0.41|-0.01|-0.03|0.02|-0.02|-48710.00|3414.00|59367.00|481.00
10.147145986557007|0.11|-0.01|-0.00|-0.07|-0.07|0.00|-0.00|-0.00|-0.00|-0.00|0.00|-0.00|0.00|0.00|0.00|-0.52|0.32|-0.01|-0.03|0.02|-0.02|-48710.00|3414.00|59289.00|529.00
10.306729316711426|0.11|-0.00|-0.00|-0.04|-0.03|0.00|-0.00|-0.04|-0.00|-0.00|0.00|-0.01|-0.00|0.00|0.00|-6.32|-0.13|-0.01|-0.03|0.02|-0.02|-48710.00|3414.00|58284.00|508.00
10.46231198310852|0.12|0.00|0.00|0.00|0.02|0.00|-0.00|0.04|0.00|-0.00|0.00|-0.01|0.00|0.00|0.00|-0.29|-0.03|-0.01|-0.03|0.02|-0.02|-48710.00|3414.00|58237.00|503.00
10.617896556854248|0.11|-0.01|-0.01|0.02|-0.01|0.00|-0.00|0.00|0.00|-0.00|-0.00|-0.00|-0.00|0.00|0.00|-0.07|0.01|-0.01|-0.03|0.02|-0.02|-48710.00|3414.00|58227.00|504.00
10.773484468460083|0.11|0.00|0.01|0.03|-0.00|0.00|-0.00|0.00|-0.00|-0.00|0.00|0.00|-0.00|0.00|0.00|0.00|0.00|-0.01|-0.03|0.02|-0.02|-48710.00|3414.00|58227.00|504.00
10.929067611694336|0.11|0.01|-0.01|-0.04|-0.01|0.00|-0.00|0.00|-0.00|-0.00|-0.00|-0.01|-0.00|0.00|0.00|0.00|0.01|-0.01|-0.03|0.02|-0.03|-48710.00|3414.00|58227.00|506.00
11.08469009399414|0.12|0.00|-0.00|0.03|0.02|0.00|-0.00|0.00|-0.00|0.00|-0.00|-0.00|-0.00|0.00|0.00|0.00|0.00|-0.01|-0.03|0.02|-0.03|-48710.00|3414.00|58227.00|506.00
11.236350536346436|0.12|0.00|0.00|0.00|-0.01|0.00|-0.00|0.00|-0.00|0.00|-0.00|-0.00|-0.00|0.00|0.00|0.00|0.00|-0.01|-0.03|0.02|-0.03|-48710.00|3414.00|58227.00|506.00
11.39181661605835|0.11|-0.00|0.01|-0.01|-0.01|0.00|-0.00|0.00|-0.00|0.00|0.00|-0.00|-0.00|0.00|0.00|0.00|0.00|-0.01|-0.03|0.02|-0.03|-48710.00|3414.00|58227.00|506.00
11.54740834236145|0.12|-0.01|-0.00|0.02|0.02|0.00|-0.00|0.00|-0.00|-0.00|0.00|0.00|-0.00|0.00|0.00|0.00|0.00|-0.01|-0.03|0.02|-0.03|-48710.00|3414.00|58227.00|506.00
11.703001260757446|0.10|-0.00|-0.00|-0.01|0.00|0.00|-0.00|0.00|-0.00|-0.00|0.00|0.00|0.00|0.00|0.00|-4.21|0.03|-0.01|-0.03|0.02|-0.03|-48710.00|3414.00|57574.00|511.00
11.858596801757812|0.11|0.01|0.01|-0.02|-0.01|0.00|-0.00|-0.01|-0.00|0.00|0.00|-0.00|-0.00|0.00|0.00|-6.32|0.02|-0.01|-0.03|0.02|-0.03|-48710.00|3414.00|56600.00|514.00
12.014212608337402|0.11|-0.00|0.00|-0.04|-0.00|0.00|-0.00|0.03|-0.00|0.00|0.00|-0.01|-0.00|0.00|0.00|-2.15|-0.06|-0.01|-0.03|0.02|-0.03|-48710.00|3414.00|56264.00|505.00
12.17380428314209|0.11|-0.01|-0.01|0.04|0.02|0.00|-0.00|-0.01|-0.00|-0.00|0.00|-0.00|0.00|0.00|0.00|-3.78|-0.15|-0.01|-0.03|0.01|-0.03|-48710.00|3414.00|55667.00|482.00
12.321341276168823|0.12|0.01|0.00|0.04|0.07|0.00|-0.00|0.01|0.00|-0.00|0.00|0.00|0.01|0.00|0.00|-2.49|0.16|-0.01|-0.03|0.02|-0.02|-48710.00|3414.00|55279.00|507.00
12.481913566589355|0.11|-0.00|-0.00|-0.05|-0.07|0.00|-0.00|0.01|-0.00|-0.00|0.00|-0.00|0.00|0.00|0.00|-0.54|0.08|-0.01|-0.03|0.02|-0.02|-48710.00|3414.00|55198.00|519.00
12.63347339630127|0.12|0.00|0.00|0.02|-0.02|0.00|-0.00|-0.05|0.00|0.00|0.00|0.00|-0.00|0.00|0.00|-8.75|0.20|-0.01|-0.03|0.02|-0.02|-48710.00|3414.00|53825.00|550.00
12.789093971252441|0.12|0.00|0.01|-0.02|0.02|0.00|-0.00|0.03|-0.00|0.00|0.00|-0.00|0.00|0.00|0.00|-4.37|0.10|-0.01|-0.03|0.02|-0.02|-48710.00|3414.00|53156.00|565.00
12.944679021835327|0.11|-0.01|-0.01|-0.01|-0.03|0.00|-0.00|-0.02|0.00|-0.00|-0.00|-0.00|-0.00|0.00|0.00|-8.16|0.38|-0.01|-0.03|0.01|-0.02|-48710.00|3414.00|51908.00|623.00
13.104259729385376|0.12|0.00|-0.00|-0.04|-0.03|0.00|-0.00|0.01|-0.00|0.00|-0.00|-0.01|-0.01|0.00|0.00|-7.16|0.21|-0.01|-0.03|0.01|-0.03|-48710.00|3414.00|50770.00|657.00
13.259850025177002|0.13|-0.00|-0.00|-0.03|0.02|0.00|-0.00|0.06|-0.00|-0.00|-0.00|-0.01|-0.00|0.00|0.00|2.78|-0.54|-0.01|-0.03|0.01|-0.03|-48710.00|3414.00|51206.00|572.00
13.415428161621094|0.12|-0.01|0.00|0.09|0.04|0.00|-0.00|0.05|0.00|-0.00|-0.00|0.00|0.00|0.00|0.00|9.97|-0.30|-0.02|-0.03|0.01|-0.03|-48710.00|3414.00|52782.00|525.00
13.567047834396362|0.12|0.02|0.01|-0.08|-0.01|0.00|-0.00|-0.01|0.00|0.00|0.00|-0.01|0.00|0.00|0.00|8.97|0.04|-0.01|-0.03|0.01|-0.03|-48710.00|3414.00|54154.00|531.00
13.722653150558472|0.11|-0.01|0.01|0.05|-0.00|0.00|-0.00|0.00|-0.00|-0.00|0.00|-0.00|-0.00|0.00|0.00|9.59|-0.46|-0.01|-0.03|0.01|-0.03|-48710.00|3414.00|55621.00|460.00
13.874187469482422|0.12|-0.00|0.01|0.02|0.02|0.00|-0.00|-0.04|0.00|-0.00|0.00|0.00|0.00|0.00|0.00|3.08|0.06|-0.02|-0.03|0.01|-0.03|-48710.00|3414.00|56102.00|470.00
14.029776334762573|0.11|-0.00|0.00|0.03|0.04|0.00|-0.00|-0.03|-0.00|-0.00|0.00|0.00|0.01|0.00|0.00|-1.69|-0.03|-0.02|-0.03|0.01|-0.02|-48710.00|3414.00|55845.00|465.00
14.189352989196777|0.10|-0.00|-0.01|-0.03|-0.04|0.00|-0.00|-0.06|0.00|-0.00|0.00|-0.00|0.00|0.00|0.00|-10.51|0.17|-0.02|-0.03|0.01|-0.02|-48710.00|3414.00|54216.00|491.00
14.340961456298828|0.11|0.01|-0.01|0.01|-0.02|0.00|-0.00|0.02|0.00|-0.00|0.00|0.00|0.00|0.00|0.00|-7.52|0.19|-0.02|-0.03|0.01|-0.02|-48710.00|3414.00|53036.00|521.00
14.496553897857666|0.11|0.01|-0.00|0.00|-0.00|0.00|-0.00|0.03|-0.00|0.00|0.00|0.00|-0.00|0.00|0.00|-2.34|0.05|-0.02|-0.03|0.01|-0.02|-48710.00|3414.00|52676.00|529.00
14.652082443237305|0.11|-0.00|-0.01|-0.00|-0.01|0.00|-0.00|0.01|-0.00|0.00|-0.00|0.00|-0.00|0.00|0.00|-0.96|0.04|-0.02|-0.03|0.01|-0.02|-48710.00|3414.00|52528.00|535.00
14.811779499053955|0.12|0.00|0.00|-0.00|-0.00|0.00|-0.00|-0.01|-0.00|0.00|-0.00|0.00|-0.00|0.00|0.00|-2.74|0.00|-0.02|-0.03|0.01|-0.02|-48710.00|3414.00|52100.00|535.00
14.967270135879517|0.21|-0.01|0.01|-0.01|-0.01|0.00|-0.00|-0.02|-0.00|-0.00|0.00|-0.00|-0.00|0.00|0.00|-6.45|0.10|-0.02|-0.03|0.01|-0.02|-48710.00|3414.00|51087.00|550.00
15.127810001373291|0.19|-0.00|-0.00|0.00|0.01|0.00|-0.00|0.03|-0.00|-0.00|-0.00|-0.00|-0.00|0.00|0.00|-1.40|-0.05|-0.02|-0.03|0.01|-0.02|-48710.00|3414.00|50866.00|542.00
15.282434701919556|0.15|0.00|0.01|-0.02|-0.01|0.00|-0.00|0.00|0.00|-0.00|0.00|-0.00|-0.00|0.00|0.00|-0.97|0.01|-0.02|-0.03|0.01|-0.03|-48710.00|3414.00|50713.00|544.00
15.443008422851562|0.23|-0.01|-0.00|0.02|0.01|0.00|-0.00|-0.01|-0.00|-0.00|-0.00|-0.00|-0.00|0.00|0.00|-2.78|-0.15|-0.02|-0.03|0.01|-0.03|-48710.00|3414.00|50279.00|520.00
15.590617179870605|0.14|0.00|0.00|0.00|0.02|0.00|-0.00|0.01|0.00|-0.00|0.00|0.00|0.00|0.00|0.00|-0.62|0.04|-0.02|-0.03|0.01|-0.03|-48710.00|3414.00|50180.00|527.00
15.746201038360596|0.15|-0.00|-0.00|0.00|0.01|0.00|-0.00|0.00|-0.00|-0.00|0.00|0.00|0.00|0.00|0.00|-0.19|-0.01|-0.02|-0.03|0.01|-0.02|-48710.00|3414.00|50151.00|526.00
15.901794195175171|0.22|0.01|0.01|-0.00|-0.02|0.00|-0.00|0.00|-0.00|0.00|0.00|0.00|0.00|0.00|0.00|-0.15|-0.04|-0.02|-0.03|0.01|-0.02|-48710.00|3414.00|50128.00|520.00
16.057332515716553|0.30|0.00|-0.00|0.00|-0.00|0.00|-0.00|0.00|0.00|0.00|0.00|0.00|-0.00|0.00|0.00|-0.14|-0.03|-0.02|-0.03|0.01|-0.02|-48710.00|3414.00|50107.00|516.00
16.2089786529541|0.33|-0.00|0.00|0.00|0.01|0.00|-0.00|0.00|0.00|-0.00|0.00|0.00|0.00|0.00|0.00|-0.11|0.00|-0.02|-0.03|0.01|-0.02|-48710.00|3414.00|50090.00|516.00
16.360660076141357|0.41|0.00|-0.00|0.02|-0.01|0.00|-0.00|-0.00|0.00|0.00|0.00|0.00|0.00|0.00|0.00|-0.18|0.05|-0.02|-0.03|0.01|-0.02|-48710.00|3414.00|50062.00|524.00
16.5201575756073|0.40|-0.00|-0.00|-0.03|-0.02|0.00|-0.00|0.00|-0.00|0.00|-0.00|-0.00|-0.00|0.00|0.00|-0.01|0.00|-0.02|-0.03|0.01|-0.02|-48710.00|3414.00|50061.00|524.00
16.6757709980011|0.34|0.00|-0.00|-0.04|-0.00|0.00|-0.00|0.00|-0.00|0.00|-0.00|-0.01|-0.00|0.00|0.00|0.17|-0.22|-0.02|-0.03|0.01|-0.02|-48710.00|3414.00|50088.00|490.00
16.831300735473633|0.32|-0.00|0.01|0.06|0.00|0.00|-0.00|-0.00|-0.00|0.00|0.00|0.00|-0.00|0.00|0.00|0.09|-0.25|-0.02|-0.03|0.01|-0.03|-48710.00|3414.00|50103.00|451.00
16.982908964157104|0.11|0.00|-0.01|0.00|-0.05|0.00|-0.00|0.00|0.00|0.00|-0.00|0.00|-0.01|0.00|0.00|0.50|0.03|-0.02|-0.03|0.01|-0.03|-48710.00|3414.00|50179.00|456.00
17.138500690460205|0.10|0.00|-0.00|0.04|0.02|0.00|-0.00|0.11|-0.00|0.00|-0.00|0.01|-0.01|0.00|0.00|17.96|0.02|-0.02|-0.03|0.01|-0.03|-48710.00|3414.00|52927.00|459.00
17.290180921554565|0.09|0.03|0.01|-0.04|0.01|0.00|-0.00|0.03|0.00|0.01|0.00|0.00|-0.00|0.00|0.00|22.36|0.05|-0.01|-0.03|0.01|-0.03|-48710.00|3414.00|56370.00|466.00
17.445658206939697|0.09|-0.03|-0.01|0.01|0.02|0.00|-0.00|0.07|-0.00|0.00|-0.00|0.01|-0.00|0.00|0.00|32.74|-0.20|-0.01|-0.03|0.01|-0.03|-48710.00|3414.00|61347.00|435.00
17.601248502731323|0.09|0.00|-0.01|-0.04|-0.02|0.00|-0.00|-0.17|0.00|0.00|-0.00|-0.00|-0.01|0.00|0.00|6.93|0.24|-0.01|-0.03|0.01|-0.03|-48710.00|3414.00|62428.00|473.00
17.75683569908142|0.10|-0.02|-0.01|0.02|0.02|0.00|-0.00|0.06|-0.00|-0.00|-0.00|0.00|-0.00|0.00|0.00|15.56|-0.08|-0.01|-0.03|0.01|-0.03|-48710.00|3414.00|64856.00|460.00
17.912425994873047|0.09|-0.02|0.05|0.01|0.00|0.00|-0.00|-0.04|0.00|-0.00|0.00|0.00|-0.00|0.00|0.00|9.23|-0.02|-0.01|-0.03|0.01|-0.03|-48710.00|3414.00|66305.00|457.00
18.072001457214355|0.09|-0.07|-0.06|0.12|-0.02|0.00|-0.00|0.16|-0.00|-0.01|-0.01|0.02|-0.00|0.00|0.00|33.67|-0.17|-0.02|-0.03|0.02|-0.03|-48710.00|3414.00|71490.00|431.00
18.227586269378662|0.09|-0.08|0.01|0.16|-0.03|0.00|-0.00|-0.01|0.00|-0.03|-0.00|0.05|-0.01|0.00|0.00|31.45|0.15|-0.02|-0.03|0.02|-0.03|-48710.00|3414.00|76459.00|455.00
18.383169174194336|0.09|0.08|0.04|-0.23|0.02|0.00|-0.00|0.04|-0.00|-0.01|0.00|0.01|-0.01|0.00|0.00|37.35|0.10|-0.02|-0.03|0.03|-0.03|-48710.00|3414.00|82286.00|471.00
18.5347638130188|0.09|0.02|0.04|-0.03|0.08|0.00|-0.00|-0.23|0.00|-0.01|0.01|0.01|0.01|0.00|0.00|1.45|0.12|-0.03|-0.03|0.03|-0.03|-48710.00|3414.00|82509.00|489.00
18.690340757369995|0.10|0.06|-0.03|-0.04|-0.02|0.00|-0.00|-0.06|-0.00|-0.00|0.00|0.00|0.00|0.00|0.00|-8.34|-0.21|-0.03|-0.02|0.03|-0.03|-48710.00|3414.00|81242.00|457.00
18.85092282295227|0.09|0.01|-0.03|-0.02|-0.03|0.00|-0.00|-0.29|0.01|-0.00|-0.00|-0.00|-0.00|0.00|0.00|-53.53|0.92|-0.03|-0.02|0.03|-0.03|-48710.00|3414.00|72838.00|601.00
19.00254797935486|0.09|0.02|0.02|0.03|0.05|0.00|-0.00|0.16|-0.00|0.00|0.00|0.00|0.01|0.00|0.00|-27.31|0.40|-0.03|-0.02|0.03|-0.03|-48710.00|3414.00|68496.00|664.00
19.162123680114746|0.09|0.00|-0.02|-0.02|-0.04|0.00|-0.00|-0.00|-0.00|0.00|-0.00|-0.00|0.00|0.00|0.00|-27.60|-0.10|-0.03|-0.02|0.03|-0.03|-48710.00|3414.00|64301.00|649.00
19.317758321762085|0.08|0.02|-0.03|0.00|0.01|0.00|-0.00|-0.07|0.00|0.00|-0.01|-0.00|0.00|0.00|0.00|-38.99|0.30|-0.02|-0.03|0.03|-0.03|-48710.00|3414.00|58102.00|696.00
19.46925973892212|0.07|0.06|0.05|-0.02|-0.01|0.00|-0.00|0.04|0.00|0.01|0.00|-0.00|0.00|0.00|0.00|-32.79|0.77|-0.02|-0.03|0.03|-0.03|-48710.00|3414.00|53052.00|815.00
19.624854564666748|0.09|0.01|0.01|-0.00|0.02|0.00|-0.00|-0.04|-0.00|0.02|0.00|-0.00|0.00|0.00|0.00|-39.75|0.70|-0.02|-0.02|0.03|-0.03|-48710.00|3414.00|46890.00|924.00
19.780446767807007|0.09|-0.01|-0.02|0.03|0.00|0.00|-0.00|0.16|-0.00|0.01|0.00|-0.00|0.00|0.00|0.00|-15.68|0.26|-0.02|-0.02|0.03|-0.03|-48710.00|3414.00|44459.00|964.00
19.936049938201904|0.09|-0.05|0.01|-0.06|0.01|0.00|-0.00|0.11|-0.00|0.01|0.00|-0.01|0.01|0.00|0.00|0.90|-0.01|-0.02|-0.02|0.02|-0.03|-48710.00|3414.00|44597.00|962.00
20.091687440872192|0.09|-0.02|-0.02|0.03|0.03|0.00|-0.00|0.08|-0.00|0.00|-0.00|-0.01|0.01|0.00|0.00|13.92|-0.27|-0.02|-0.02|0.02|-0.03|-48710.00|3414.00|46755.00|920.00
20.24716854095459|0.08|-0.05|0.02|0.03|-0.03|0.00|-0.00|-0.05|0.00|-0.01|0.00|0.00|0.01|0.00|0.00|6.56|-0.02|-0.02|-0.02|0.02|-0.02|-48710.00|3414.00|47778.00|917.00
20.39878273010254|0.08|0.03|-0.02|0.02|-0.04|0.00|-0.00|-0.04|0.00|0.00|-0.00|0.00|-0.00|0.00|0.00|0.01|0.03|-0.02|-0.02|0.02|-0.02|-48710.00|3414.00|47779.00|922.00
20.5503888130188|0.08|-0.07|0.02|0.00|0.05|0.00|-0.00|0.00|-0.00|-0.01|0.00|0.00|0.01|0.00|0.00|0.13|0.01|-0.02|-0.02|0.02|-0.02|-48710.00|3414.00|47799.00|924.00
20.705968856811523|0.10|-0.06|-0.04|-0.00|-0.04|0.00|-0.00|0.00|0.00|-0.02|-0.00|0.00|0.00|0.00|0.00|0.13|0.14|-0.02|-0.03|0.02|-0.02|-48710.00|3414.00|47819.00|945.00
20.86155343055725|0.08|0.05|0.09|-0.03|-0.00|0.00|-0.00|-0.00|-0.00|-0.01|0.01|-0.00|0.00|0.00|0.00|0.00|-0.05|-0.02|-0.02|0.02|-0.02|-48710.00|3414.00|47819.00|938.00
21.017125129699707|0.08|0.08|-0.06|0.00|-0.00|0.00|-0.00|-0.00|0.00|0.00|0.00|-0.00|0.00|0.00|0.00|0.00|0.01|-0.02|-0.02|0.02|-0.02|-48710.00|3414.00|47819.00|940.00
21.168738842010498|0.09|-0.06|-0.00|0.03|0.01|0.00|-0.00|-0.00|-0.00|-0.01|0.00|0.00|0.00|0.00|0.00|0.00|0.01|-0.02|-0.02|0.02|-0.02|-48710.00|3414.00|47819.00|941.00
21.32434630393982|0.10|0.06|0.02|-0.04|-0.01|0.00|-0.00|-0.00|0.00|0.00|0.00|-0.00|0.00|0.00|0.00|-0.71|0.08|-0.02|-0.02|0.02|-0.02|-48710.00|3414.00|47709.00|954.00
21.479995489120483|0.10|0.00|-0.01|0.02|0.00|0.00|-0.00|-0.01|-0.00|0.00|0.00|-0.00|0.00|0.00|0.00|-1.69|-0.01|-0.02|-0.02|0.02|-0.02|-48710.00|3414.00|47451.00|952.00
21.635440349578857|0.10|0.01|-0.02|0.00|-0.01|0.00|-0.00|0.01|-0.00|0.00|-0.00|-0.00|-0.00|0.00|0.00|-0.04|-0.08|-0.02|-0.02|0.02|-0.02|-48710.00|3414.00|47445.00|940.00
21.791054010391235|0.09|-0.03|-0.03|0.00|0.00|0.00|-0.00|-0.00|0.00|-0.00|-0.01|0.00|-0.00|0.00|0.00|-0.54|0.01|-0.02|-0.02|0.02|-0.02|-48710.00|3414.00|47360.00|942.00
21.94666290283203|0.08|0.02|-0.03|-0.02|0.01|0.00|-0.00|0.00|-0.00|0.00|-0.01|-0.00|0.00|0.00|0.00|-0.07|0.00|-0.02|-0.02|0.02|-0.02|-48710.00|3414.00|47349.00|942.00
22.10621738433838|0.09|-0.01|0.07|0.01|-0.00|0.00|-0.00|-0.00|-0.00|-0.00|0.00|-0.00|0.00|0.00|0.00|-0.49|-0.08|-0.02|-0.02|0.02|-0.02|-48710.00|3414.00|47273.00|930.00
22.262810230255127|0.10|0.09|-0.01|-0.01|-0.02|0.00|-0.00|0.00|0.00|0.01|-0.00|-0.00|-0.00|0.00|0.00|0.02|-0.06|-0.02|-0.02|0.02|-0.02|-48710.00|3414.00|47276.00|921.00
22.414384126663208|0.10|-0.10|0.01|0.02|0.01|0.00|-0.00|-0.00|0.00|-0.00|-0.00|0.00|-0.00|0.00|0.00|0.01|0.00|-0.02|-0.02|0.02|-0.02|-48710.00|3414.00|47278.00|921.00
22.57000708580017|0.08|0.03|0.00|-0.00|0.01|0.00|-0.00|-0.00|0.00|0.00|0.00|-0.00|0.00|0.00|0.00|0.00|0.00|-0.02|-0.02|0.02|-0.02|-48710.00|3414.00|47278.00|921.00
22.7215895652771|0.08|0.01|0.03|-0.03|-0.00|0.00|-0.00|-0.00|0.00|0.00|0.01|-0.01|0.00|0.00|0.00|0.00|0.00|-0.02|-0.02|0.02|-0.02|-48710.00|3414.00|47278.00|921.00
22.877180576324463|0.10|0.06|-0.04|-0.03|-0.04|0.00|-0.00|-0.00|0.00|0.01|-0.00|-0.01|-0.01|0.00|0.00|0.09|-0.07|-0.02|-0.02|0.02|-0.02|-48710.00|3414.00|47291.00|911.00
23.032752990722656|0.07|-0.10|-0.02|0.08|0.04|0.00|-0.00|-0.00|-0.00|-0.00|-0.00|0.00|0.00|0.00|0.00|0.08|-0.11|-0.02|-0.02|0.02|-0.02|-48710.00|3414.00|47303.00|893.00
23.19233202934265|0.08|-0.00|-0.00|-0.02|-0.00|0.00|-0.00|-0.00|0.00|-0.00|-0.00|-0.00|0.00|0.00|0.00|-0.03|0.10|-0.02|-0.03|0.02|-0.02|-48710.00|3414.00|47298.00|909.00
23.3439302444458|0.08|0.04|0.03|0.00|0.00|0.00|-0.00|-0.00|-0.00|0.00|0.00|-0.00|0.00|0.00|0.00|-0.06|0.01|-0.02|-0.03|0.02|-0.02|-48710.00|3414.00|47289.00|910.00
23.503495454788208|0.08|-0.02|0.03|-0.00|-0.01|0.00|-0.00|0.00|-0.00|-0.00|0.00|-0.00|-0.00|0.00|0.00|0.00|0.00|-0.02|-0.02|0.02|-0.02|-48710.00|3414.00|47289.00|910.00
23.659094095230103|0.10|-0.01|-0.03|0.01|-0.00|0.00|-0.00|0.00|-0.00|-0.00|-0.00|0.00|-0.00|0.00|0.00|-0.08|0.00|-0.02|-0.02|0.02|-0.02|-48710.00|3414.00|47277.00|910.00
23.81467342376709|0.10|0.13|0.02|-0.00|0.01|0.00|-0.00|-0.04|-0.00|0.02|0.00|-0.00|0.00|0.00|0.00|-7.08|-0.26|-0.02|-0.02|0.02|-0.02|-48710.00|3414.00|46166.00|869.00
23.966285705566406|0.10|-0.02|0.01|0.01|0.04|0.00|-0.00|0.04|0.00|0.01|0.00|0.00|0.01|0.00|0.00|-1.28|0.07|-0.02|-0.02|0.02|-0.02|-48710.00|3414.00|45966.00|880.00
24.12191390991211|0.08|-0.13|-0.00|-0.02|-0.03|0.00|-0.00|-0.03|-0.00|-0.01|0.00|-0.00|0.00|0.00|0.00|-5.32|0.00|-0.02|-0.02|0.02|-0.02|-48710.00|3414.00|45168.00|880.00
24.277527332305908|0.08|0.08|-0.07|0.06|0.01|0.00|-0.00|0.03|-0.00|0.01|-0.01|0.01|0.00|0.00|0.00|-1.29|0.08|-0.02|-0.03|0.02|-0.02|-48710.00|3414.00|44964.00|892.00
24.428985595703125|0.08|0.01|0.06|-0.02|0.01|0.00|-0.00|0.01|-0.00|0.01|0.00|0.00|0.00|0.00|0.00|-0.11|0.05|-0.01|-0.03|0.02|-0.02|-48710.00|3414.00|44947.00|899.00
24.58062767982483|0.08|-0.06|0.00|-0.02|0.00|0.00|-0.00|-0.01|0.00|-0.00|0.00|0.00|0.01|0.00|0.00|-1.32|0.08|-0.01|-0.03|0.02|-0.02|-48710.00|3414.00|44748.00|911.00
24.740203142166138|0.08|0.00|-0.01|-0.01|-0.01|0.00|-0.00|-0.06|0.00|-0.00|-0.00|-0.00|0.00|0.00|0.00|-10.42|0.42|-0.02|-0.03|0.02|-0.02|-48710.00|3414.00|43143.00|975.00
24.899729013442993|0.09|-0.02|-0.00|0.00|-0.02|0.00|-0.00|-0.03|-0.00|-0.00|-0.00|-0.00|0.00|0.00|0.00|-14.95|0.25|-0.02|-0.03|0.02|-0.02|-48710.00|3414.00|40781.00|1015.00
25.055371284484863|0.13|0.01|0.03|0.00|-0.01|0.00|-0.00|0.07|-0.00|-0.00|0.00|0.00|-0.00|0.00|0.00|-3.95|0.01|-0.02|-0.02|0.02|-0.02|-48710.00|3414.00|40149.00|1017.00
25.21100878715515|0.10|-0.06|0.03|0.05|0.01|0.00|-0.00|0.01|0.00|-0.01|0.01|0.01|-0.00|0.00|0.00|-2.18|0.13|-0.02|-0.02|0.02|-0.02|-48710.00|3414.00|39811.00|1037.00
25.37156581878662|0.09|0.05|-0.04|-0.06|-0.01|0.00|-0.00|-0.00|-0.00|-0.00|0.00|-0.00|-0.00|0.00|0.00|-2.55|0.06|-0.02|-0.02|0.02|-0.02|-48710.00|3414.00|39419.00|1046.00
25.52714514732361|0.11|0.07|-0.02|-0.02|0.00|0.00|-0.00|0.01|-0.00|0.01|-0.00|-0.01|-0.00|0.00|0.00|-0.72|-0.08|-0.02|-0.02|0.02|-0.02|-48710.00|3414.00|39305.00|1033.00
25.686657190322876|0.13|0.04|-0.05|0.02|-0.01|0.00|-0.00|0.00|-0.00|0.01|-0.01|-0.00|-0.00|0.00|0.00|0.00|-0.17|-0.01|-0.02|0.02|-0.02|-48710.00|3414.00|39305.00|1006.00
25.842249393463135|0.10|-0.10|0.09|-0.03|-0.00|0.00|-0.00|0.00|0.00|-0.00|0.01|-0.01|-0.00|0.00|0.00|-0.03|-0.02|-0.01|-0.02|0.02|-0.02|-48710.00|3414.00|39301.00|1003.00
25.99784755706787|0.15|0.02|-0.03|0.04|0.03|0.00|-0.00|-0.00|-0.00|0.00|0.00|-0.00|0.00|0.00|0.00|-0.15|-0.16|-0.01|-0.02|0.02|-0.02|-48710.00|3414.00|39278.00|978.00
26.153387308120728|0.14|0.05|-0.01|-0.00|-0.01|0.00|-0.00|0.00|0.00|0.01|-0.00|-0.00|-0.00|0.00|0.00|0.00|0.11|-0.01|-0.02|0.02|-0.02|-48710.00|3414.00|39278.00|995.00
26.3091082572937|0.13|-0.05|0.04|0.00|-0.00|0.00|-0.00|0.00|-0.00|0.00|0.00|-0.00|-0.00|0.00|0.00|0.01|-0.05|-0.01|-0.02|0.02|-0.02|-48710.00|3414.00|39280.00|988.00
26.464599609375|0.14|-0.05|-0.02|0.01|0.01|0.00|-0.00|-0.01|0.00|-0.00|0.00|0.00|-0.00|0.00|0.00|-0.90|0.06|-0.01|-0.02|0.02|-0.02|-48710.00|3414.00|39141.00|998.00
26.620185613632202|0.13|-0.03|0.02|0.02|-0.01|0.00|-0.00|-0.04|-0.00|-0.01|0.00|0.00|-0.00|0.00|0.00|-6.49|-0.04|-0.01|-0.02|0.02|-0.02|-48710.00|3414.00|38128.00|991.00
26.775768995285034|0.14|0.04|-0.03|-0.02|0.02|0.00|-0.00|0.03|0.00|-0.00|-0.00|-0.00|0.00|0.00|0.00|-1.74|0.08|-0.01|-0.02|0.02|-0.02|-48710.00|3414.00|37856.00|1003.00
26.935343503952026|0.13|-0.02|0.05|0.01|-0.02|0.00|-0.00|-0.00|-0.00|-0.00|0.01|0.00|-0.00|0.00|0.00|-2.12|-0.13|-0.01|-0.02|0.02|-0.02|-48710.00|3414.00|37526.00|982.00
27.091876983642578|0.12|-0.12|-0.00|-0.01|0.00|0.00|-0.00|-0.02|0.00|-0.02|0.01|0.00|-0.00|0.00|0.00|-5.63|0.21|-0.02|-0.02|0.02|-0.02|-48710.00|3414.00|36636.00|1015.00
27.247482299804688|0.13|0.15|-0.06|-0.00|0.02|0.00|-0.00|0.04|-0.00|0.00|-0.00|0.00|0.00|0.00|0.00|-0.01|-0.02|-0.02|-0.02|0.02|-0.02|-48710.00|3414.00|36634.00|1012.00
27.407094955444336|0.13|0.10|-0.05|-0.01|-0.00|0.00|-0.00|-0.00|0.00|0.02|-0.01|-0.00|0.00|0.00|0.00|-0.30|-0.01|-0.02|-0.02|0.02|-0.02|-48710.00|3414.00|36587.00|1011.00
27.562734603881836|0.13|-0.10|0.09|0.01|-0.01|0.00|-0.00|-0.00|-0.00|0.00|0.00|0.00|-0.00|0.00|0.00|-0.36|-0.03|-0.02|-0.02|0.02|-0.02|-48710.00|3414.00|36530.00|1007.00
27.714245557785034|0.13|0.03|-0.09|0.04|0.09|0.00|-0.00|0.01|0.00|0.01|-0.01|0.01|0.01|0.00|0.00|1.12|0.12|-0.01|-0.02|0.02|-0.02|-48710.00|3414.00|36704.00|1025.00
27.87382173538208|0.12|-0.05|0.07|-0.04|-0.08|0.00|-0.00|0.06|-0.00|-0.00|-0.00|0.00|0.00|0.00|0.00|10.30|0.05|-0.01|-0.02|0.02|-0.02|-48710.00|3414.00|38270.00|1032.00
28.02940058708191|0.08|0.02|-0.04|-0.02|0.01|0.00|-0.00|-0.04|0.00|0.00|-0.01|-0.00|0.00|0.00|0.00|4.30|0.23|-0.01|-0.03|0.02|-0.02|-48710.00|3414.00|38949.00|1069.00
28.185009002685547|0.11|-0.04|0.11|-0.00|0.00|0.00|-0.00|-0.02|-0.00|-0.00|0.01|-0.00|0.00|0.00|0.00|0.62|-0.05|-0.01|-0.02|0.02|-0.02|-48710.00|3414.00|39044.00|1062.00
28.340595245361328|0.13|0.04|-0.06|0.04|-0.04|0.00|-0.00|-0.00|0.00|0.00|0.00|0.00|-0.00|0.00|0.00|-0.04|0.04|-0.01|-0.02|0.02|-0.02|-48710.00|3414.00|39038.00|1069.00
28.500120162963867|0.11|-0.02|-0.01|-0.03|0.02|0.00|-0.00|-0.02|-0.00|-0.00|0.00|0.00|0.00|0.00|0.00|-3.18|-0.06|-0.01|-0.02|0.02|-0.02|-48710.00|3414.00|38542.00|1060.00
28.655771493911743|0.13|-0.01|0.02|0.00|-0.00|0.00|-0.00|-0.04|0.00|-0.00|0.00|0.00|-0.00|0.00|0.00|-9.00|0.13|-0.01|-0.02|0.02|-0.02|-48710.00|3414.00|37129.00|1081.00
28.811411142349243|0.16|-0.02|0.03|-0.00|-0.01|0.00|-0.00|-0.00|-0.00|-0.01|0.01|0.00|-0.00|0.00|0.00|-9.17|0.13|-0.02|-0.02|0.02|-0.02|-48710.00|3414.00|35699.00|1101.00
28.97186017036438|0.15|0.03|-0.07|0.00|-0.02|0.00|-0.00|0.06|-0.00|-0.00|-0.00|0.00|-0.00|0.00|0.00|-0.31|0.03|-0.02|-0.02|0.02|-0.02|-48710.00|3414.00|35649.00|1106.00
29.131564378738403|0.09|-0.00|-0.03|-0.02|-0.02|0.00|-0.00|0.00|0.00|-0.00|-0.01|-0.00|-0.01|0.00|0.00|-0.02|0.03|-0.02|-0.02|0.02|-0.02|-48710.00|3414.00|35646.00|1111.00
29.291111946105957|0.08|-0.07|-0.05|0.04|-0.02|0.00|-0.00|-0.00|-0.00|-0.01|-0.02|0.00|-0.01|0.00|0.00|-0.66|-0.32|-0.02|-0.03|0.02|-0.02|-48710.00|3414.00|35541.00|1060.00
29.442632913589478|0.08|0.05|0.09|-0.05|0.09|0.00|-0.00|0.05|0.00|-0.00|-0.00|-0.00|0.00|0.00|0.00|7.24|0.07|-0.02|-0.03|0.02|-0.02|-48710.00|3414.00|36700.00|1071.00
29.602208614349365|0.07|-0.10|0.05|0.02|0.02|0.00|-0.00|0.03|-0.00|-0.02|0.01|-0.00|0.00|0.00|0.00|12.24|-0.41|-0.02|-0.02|0.02|-0.02|-48710.00|3414.00|38572.00|1009.00
29.75381112098694|0.05|0.13|-0.04|0.00|-0.01|0.00|-0.00|-0.03|0.00|0.00|-0.00|0.00|0.00|0.00|0.00|7.04|0.02|-0.02|-0.03|0.02|-0.02|-48710.00|3414.00|39678.00|1012.00
29.909403562545776|0.07|-0.01|0.04|0.01|-0.00|0.00|-0.00|-0.02|-0.00|0.00|0.01|0.00|0.00|0.00|0.00|3.51|-0.10|-0.02|-0.02|0.02|-0.02|-48710.00|3414.00|40218.00|997.00
30.064993143081665|0.08|-0.04|-0.03|0.03|-0.04|0.00|-0.00|-0.02|0.00|-0.01|0.00|0.01|-0.00|0.00|0.00|-0.03|0.05|-0.02|-0.02|0.02|-0.02|-48710.00|3414.00|40214.00|1005.00
30.220573663711548|0.07|0.06|-0.01|-0.04|0.03|0.00|-0.00|0.00|-0.00|0.00|-0.00|0.00|0.00|0.00|0.00|-0.01|0.01|-0.02|-0.02|0.02|-0.02|-48710.00|3414.00|40213.00|1006.00
30.376116275787354|0.07|0.02|-0.00|0.00|-0.01|0.00|-0.00|0.00|-0.00|0.01|-0.00|0.00|-0.00|0.00|0.00|0.00|0.00|-0.02|-0.02|0.02|-0.02|-48710.00|3414.00|40213.00|1006.00
30.531742811203003|0.05|0.09|-0.05|-0.01|-0.00|0.00|-0.00|0.00|-0.00|0.02|-0.01|-0.00|-0.00|0.00|0.00|0.00|0.00|-0.02|-0.03|0.02|-0.02|-48710.00|3414.00|40213.00|1006.00
30.687325954437256|0.07|-0.04|0.02|0.00|0.01|0.00|-0.00|0.00|-0.00|0.01|-0.01|-0.00|0.00|0.00|0.00|0.00|0.00|-0.01|-0.03|0.02|-0.02|-48710.00|3414.00|40213.00|1006.00
30.842969179153442|0.07|-0.09|0.04|-0.00|-0.01|0.00|-0.00|0.00|-0.00|-0.00|0.00|-0.00|0.00|0.00|0.00|0.00|0.00|-0.01|-0.03|0.02|-0.02|-48710.00|3414.00|40213.00|1006.00
30.998587131500244|0.07|0.06|-0.07|0.01|-0.01|0.00|-0.00|0.00|-0.00|0.01|-0.01|0.00|-0.00|0.00|0.00|-0.06|0.00|-0.01|-0.03|0.02|-0.02|-48710.00|3414.00|40204.00|1006.00
31.15412473678589|0.05|0.07|0.00|-0.01|0.01|0.00|-0.00|0.00|-0.00|0.02|-0.01|-0.00|0.00|0.00|0.00|0.00|0.01|-0.01|-0.03|0.02|-0.02|-48710.00|3414.00|40204.00|1007.00
31.30964756011963|0.05|-0.15|0.07|-0.00|-0.00|0.00|-0.00|0.00|0.00|-0.00|0.00|-0.00|-0.00|0.00|0.00|-0.04|0.01|-0.01|-0.03|0.02|-0.02|-48710.00|3414.00|40198.00|1008.00
31.469974994659424|0.07|-0.01|0.01|0.00|-0.01|0.00|-0.00|0.00|-0.00|-0.00|0.00|-0.00|-0.00|0.00|0.00|-0.01|0.00|-0.01|-0.03|0.02|-0.02|-48710.00|3414.00|40196.00|1008.00
31.62157964706421|0.05|0.01|-0.02|0.01|0.00|0.00|-0.00|0.00|-0.00|-0.00|0.00|0.00|-0.00|0.00|0.00|0.00|0.00|-0.01|-0.03|0.02|-0.02|-48710.00|3414.00|40196.00|1008.00
31.77716898918152|0.08|0.01|0.03|-0.11|-0.04|0.00|-0.00|0.00|-0.00|0.00|0.01|-0.02|-0.01|0.00|0.00|-4.92|0.28|-0.01|-0.03|0.02|-0.02|-48710.00|3414.00|39444.00|1051.00
31.940730810165405|0.07|0.01|-0.06|0.03|-0.03|0.00|-0.00|-0.04|-0.00|0.00|-0.00|-0.01|-0.01|0.00|0.00|-10.49|-0.21|-0.01|-0.03|0.02|-0.02|-48710.00|3414.00|37808.00|1019.00
32.09235501289368|0.08|-0.12|0.05|0.18|0.05|0.00|-0.00|0.05|0.00|-0.02|0.00|0.02|-0.00|0.00|0.00|-3.08|-0.07|-0.01|-0.03|0.02|-0.02|-48710.00|3414.00|37312.00|1007.00
32.25196146965027|0.08|-0.06|0.04|-0.12|0.03|0.00|-0.00|0.02|0.00|-0.03|0.01|-0.00|0.00|0.00|0.00|-0.28|-0.01|-0.02|-0.03|0.02|-0.02|-48710.00|3414.00|37268.00|1006.00
32.404151916503906|0.08|0.11|-0.02|0.01|0.01|0.00|-0.00|0.00|-0.00|-0.01|0.01|0.00|0.00|0.00|0.00|-0.01|-0.05|-0.02|-0.03|0.02|-0.02|-48710.00|3414.00|37266.00|999.00
32.55974555015564|0.07|-0.05|-0.03|0.03|0.02|0.00|-0.00|-0.01|0.00|-0.02|0.00|0.01|0.01|0.00|0.00|-0.86|0.00|-0.02|-0.03|0.02|-0.02|-48710.00|3414.00|37132.00|999.00
32.711337089538574|0.08|0.02|0.07|0.01|-0.01|0.00|-0.00|-0.01|0.00|-0.02|0.01|0.01|0.00|0.00|0.00|-2.65|0.17|-0.02|-0.02|0.02|-0.02|-48710.00|3414.00|36726.00|1025.00
32.87091779708862|0.08|0.11|-0.06|-0.05|-0.01|0.00|-0.00|0.01|-0.00|0.00|0.00|-0.00|0.00|0.00|0.00|-0.77|0.11|-0.02|-0.02|0.02|-0.02|-48710.00|3414.00|36608.00|1042.00
33.026501178741455|0.08|0.02|-0.03|-0.01|-0.01|0.00|-0.00|0.01|-0.00|0.00|-0.00|-0.00|0.00|0.00|0.00|0.55|0.06|-0.02|-0.02|0.02|-0.02|-48710.00|3414.00|36694.00|1052.00
33.178091049194336|0.07|0.00|-0.01|0.05|0.04|0.00|-0.00|0.09|0.00|0.00|-0.00|0.01|0.01|0.00|0.00|14.86|0.27|-0.02|-0.02|0.02|-0.02|-48710.00|3414.00|38997.00|1094.00
33.33363199234009|0.07|-0.02|0.02|-0.04|-0.02|0.00|-0.00|-0.07|-0.00|0.00|0.00|-0.00|0.00|0.00|0.00|3.44|0.11|-0.02|-0.02|0.02|-0.02|-48710.00|3414.00|39524.00|1111.00
33.489218950271606|0.09|0.04|0.02|0.00|-0.01|0.00|-0.00|-0.02|-0.00|0.01|0.00|-0.00|0.00|0.00|0.00|0.13|-0.04|-0.02|-0.02|0.02|-0.02|-48710.00|3414.00|39544.00|1104.00
33.64884853363037|0.08|-0.03|-0.03|-0.00|0.01|0.00|-0.00|0.01|-0.00|0.00|-0.00|-0.00|0.00|0.00|0.00|2.11|-0.25|-0.02|-0.02|0.02|-0.02|-48710.00|3414.00|39869.00|1065.00
33.80444073677063|0.07|0.00|-0.02|-0.03|0.04|0.00|-0.00|0.07|-0.00|0.00|-0.00|-0.01|0.01|0.00|0.00|12.93|-0.46|-0.02|-0.02|0.02|-0.02|-48710.00|3414.00|41899.00|993.00
33.96007204055786|0.07|-0.03|0.04|0.01|-0.04|0.00|-0.00|0.03|-0.00|-0.00|0.00|-0.00|0.00|0.00|0.00|18.01|-0.55|-0.02|-0.02|0.02|-0.02|-48710.00|3414.00|44726.00|906.00
34.115692138671875|0.07|0.04|-0.02|0.02|0.01|0.00|-0.00|-0.05|0.00|0.01|-0.00|-0.00|0.00|0.00|0.00|10.43|-0.17|-0.02|-0.02|0.02|-0.02|-48710.00|3414.00|46342.00|880.00
34.271130323410034|0.09|-0.02|-0.00|0.01|-0.02|0.00|-0.00|0.01|0.00|0.00|-0.00|0.00|-0.00|0.00|0.00|11.95|0.03|-0.02|-0.02|0.02|-0.02|-48710.00|3414.00|48195.00|885.00
34.4267635345459|0.07|-0.02|-0.00|-0.01|0.03|0.00|-0.00|-0.05|0.00|-0.00|-0.00|-0.00|0.00|0.00|0.00|3.74|0.03|-0.02|-0.02|0.02|-0.02|-48710.00|3414.00|48775.00|890.00
34.5832998752594|0.07|0.00|0.00|0.00|-0.03|0.00|-0.00|-0.03|-0.00|-0.00|-0.00|0.00|-0.00|0.00|0.00|-0.47|-0.01|-0.02|-0.02|0.02|-0.02|-48710.00|3414.00|48701.00|888.00
34.738882303237915|0.07|0.03|0.01|-0.00|-0.01|0.00|-0.00|-0.01|-0.00|0.00|0.00|-0.00|-0.00|0.00|0.00|-2.44|-0.04|-0.02|-0.02|0.02|-0.02|-48710.00|3414.00|48318.00|882.00
34.898454904556274|0.08|-0.03|0.01|-0.00|0.02|0.00|-0.00|-0.02|-0.00|-0.00|0.00|-0.00|-0.00|0.00|0.00|-5.45|-0.04|-0.02|-0.02|0.02|-0.02|-48710.00|3414.00|47462.00|875.00
35.05803442001343|0.07|-0.02|-0.01|0.02|-0.00|0.00|-0.00|-0.06|0.00|-0.00|-0.00|0.00|-0.00|0.00|0.00|-15.13|0.00|-0.02|-0.02|0.02|-0.02|-48710.00|3414.00|45072.00|875.00
35.20975637435913|0.07|0.01|0.01|-0.02|0.02|0.00|-0.00|0.09|0.00|-0.00|0.00|-0.00|0.00|0.00|0.00|-1.63|0.06|-0.02|-0.02|0.02|-0.02|-48710.00|3414.00|44814.00|884.00
35.36524224281311|0.07|0.01|0.00|0.01|-0.02|0.00|-0.00|0.00|-0.00|-0.00|0.00|0.00|-0.00|0.00|0.00|-1.47|0.03|-0.02|-0.02|0.02|-0.02|-48710.00|3414.00|44589.00|888.00
35.520936250686646|0.08|-0.01|0.01|-0.00|-0.00|0.00|-0.00|0.00|0.00|-0.00|0.00|-0.00|-0.00|0.00|0.00|-1.01|0.04|-0.02|-0.02|0.02|-0.02|-48710.00|3414.00|44434.00|894.00
35.672438621520996|0.08|-0.01|-0.01|0.01|0.01|0.00|-0.00|0.01|-0.00|-0.00|0.00|0.00|0.00|0.00|0.00|-0.07|0.01|-0.02|-0.02|0.02|-0.02|-48710.00|3414.00|44423.00|896.00
35.83201551437378|0.07|0.03|-0.01|-0.01|-0.00|0.00|-0.00|-0.01|-0.00|0.00|0.00|-0.00|-0.00|0.00|0.00|-1.08|0.00|-0.02|-0.02|0.02|-0.02|-48710.00|3414.00|44256.00|896.00
35.98759841918945|0.09|0.02|-0.01|0.01|-0.00|0.00|-0.00|0.01|-0.00|0.00|-0.00|0.00|-0.00|0.00|0.00|-0.10|-0.03|-0.02|-0.02|0.02|-0.02|-48710.00|3414.00|44240.00|892.00
36.143184423446655|0.08|-0.03|0.01|-0.01|0.01|0.00|-0.00|0.00|0.00|-0.00|-0.00|-0.00|0.00|0.00|0.00|-0.06|0.02|-0.02|-0.02|0.02|-0.02|-48710.00|3414.00|44231.00|895.00
36.29876351356506|0.07|0.01|0.00|-0.00|-0.00|0.00|-0.00|-0.00|-0.00|0.00|0.00|-0.00|0.00|0.00|0.00|-0.62|0.01|-0.02|-0.02|0.02|-0.02|-48710.00|3414.00|44135.00|897.00
36.45435881614685|0.07|-0.01|0.00|-0.00|-0.00|0.00|-0.00|-0.00|0.00|0.00|0.00|-0.00|-0.00|0.00|0.00|-1.10|0.05|-0.02|-0.02|0.02|-0.02|-48710.00|3414.00|43965.00|905.00
36.60597085952759|0.08|0.00|0.01|0.01|0.01|0.00|-0.00|-0.01|0.00|0.00|0.00|0.00|0.00|0.00|0.00|-2.94|0.12|-0.02|-0.02|0.02|-0.02|-48710.00|3414.00|43506.00|924.00
36.76156401634216|0.07|-0.01|0.01|-0.00|-0.00|0.00|-0.00|0.01|-0.00|-0.00|0.00|0.00|0.00|0.00|0.00|-1.17|0.10|-0.02|-0.02|0.02|-0.02|-48710.00|3414.00|43330.00|939.00
36.91707110404968|0.08|0.01|-0.02|-0.00|-0.01|0.00|-0.00|0.01|-0.00|0.00|-0.00|-0.00|-0.00|0.00|0.00|0.00|-0.08|-0.02|-0.02|0.02|-0.02|-48710.00|3414.00|43330.00|926.00
37.072691917419434|0.08|-0.03|0.01|-0.00|0.00|0.00|-0.00|0.01|0.00|-0.00|0.00|-0.00|-0.00|0.00|0.00|0.04|0.00|-0.02|-0.02|0.02|-0.02|-48710.00|3414.00|43337.00|926.00
37.22827768325806|0.07|-0.01|0.00|-0.00|-0.00|0.00|-0.00|-0.00|0.00|-0.00|0.00|-0.00|-0.00|0.00|0.00|0.01|0.01|-0.02|-0.02|0.02|-0.02|-48710.00|3414.00|43338.00|927.00
37.3848237991333|0.07|-0.01|-0.04|0.01|-0.01|0.00|-0.00|-0.00|-0.00|-0.01|-0.01|0.00|-0.00|0.00|0.00|0.00|0.00|-0.02|-0.02|0.02|-0.02|-48710.00|3414.00|43338.00|927.00
37.54439687728882|0.08|0.06|-0.00|-0.00|0.01|0.00|-0.00|-0.00|-0.00|0.00|-0.01|-0.00|-0.00|0.00|0.00|0.04|-0.03|-0.02|-0.02|0.02|-0.02|-48710.00|3414.00|43344.00|923.00
37.69605779647827|0.05|0.03|-0.03|0.00|0.00|0.00|-0.00|0.00|0.00|0.01|-0.01|-0.00|-0.00|0.00|0.00|0.34|0.00|-0.02|-0.03|0.02|-0.02|-48710.00|3414.00|43397.00|923.00
37.85166883468628|0.08|-0.06|0.08|-0.01|0.01|0.00|-0.00|-0.00|0.00|-0.00|0.00|-0.00|0.00|0.00|0.00|0.24|-0.03|-0.02|-0.03|0.02|-0.02|-48710.00|3414.00|43434.00|918.00
38.007158517837524|0.08|0.02|-0.05|0.01|-0.01|0.00|-0.00|0.00|-0.00|0.00|-0.01|0.00|-0.00|0.00|0.00|0.42|-0.05|-0.02|-0.03|0.02|-0.02|-48710.00|3414.00|43499.00|911.00
38.15879726409912|0.08|0.00|-0.02|0.00|-0.00|0.00|-0.00|0.01|0.00|0.00|-0.01|0.00|-0.00|0.00|0.00|2.21|-0.02|-0.02|-0.03|0.02|-0.02|-48710.00|3414.00|43844.00|908.00
38.31439018249512|0.05|0.01|0.02|0.00|0.00|0.00|-0.00|0.00|-0.00|0.00|-0.01|0.00|-0.00|0.00|0.00|2.96|-0.10|-0.02|-0.03|0.02|-0.02|-48710.00|3414.00|44300.00|892.00
38.465978145599365|0.07|-0.03|0.06|-0.01|0.01|0.00|-0.00|-0.00|0.00|-0.00|0.00|-0.00|0.00|0.00|0.00|2.75|0.15|-0.02|-0.03|0.02|-0.02|-48710.00|3414.00|44718.00|915.00
38.62156558036804|0.08|-0.01|-0.00|0.02|-0.01|0.00|-0.00|0.02|-0.00|-0.00|0.00|0.00|-0.00|0.00|0.00|5.10|-0.01|-0.02|-0.03|0.02|-0.02|-48710.00|3414.00|45508.00|913.00
38.7811393737793|0.05|0.03|-0.04|-0.01|0.01|0.00|-0.00|-0.01|-0.00|0.00|-0.00|-0.00|0.00|0.00|0.00|3.14|-0.05|-0.02|-0.03|0.02|-0.02|-48710.00|3414.00|45995.00|905.00
38.93273687362671|0.07|-0.03|0.04|-0.01|0.01|0.00|-0.00|-0.02|0.00|-0.00|0.00|-0.00|0.00|0.00|0.00|0.19|-0.03|-0.02|-0.03|0.02|-0.02|-48710.00|3414.00|46025.00|900.00
39.08833122253418|0.08|0.04|-0.04|0.02|-0.02|0.00|-0.00|-0.00|0.00|0.00|-0.00|0.00|-0.00|0.00|0.00|0.00|0.03|-0.02|-0.03|0.02|-0.02|-48710.00|3414.00|46025.00|905.00
39.24394154548645|0.07|0.02|-0.05|-0.00|0.00|0.00|-0.00|-0.00|-0.00|0.01|-0.01|0.00|-0.00|0.00|0.00|0.00|0.01|-0.02|-0.03|0.02|-0.02|-48710.00|3414.00|46025.00|906.00
39.39958477020264|0.07|0.06|-0.04|-0.00|-0.00|0.00|-0.00|-0.00|-0.00|0.01|-0.02|-0.00|-0.00|0.00|0.00|0.00|0.00|-0.02|-0.03|0.02|-0.02|-48710.00|3414.00|46025.00|906.00
39.55506157875061|0.07|0.10|0.01|-0.00|0.01|0.00|-0.00|-0.00|-0.00|0.03|-0.02|-0.00|0.00|0.00|0.00|0.00|0.00|-0.01|-0.03|0.02|-0.02|-48710.00|3414.00|46025.00|906.00
39.710638761520386|0.07|-0.19|0.09|-0.00|-0.01|0.00|-0.00|-0.00|-0.00|0.00|-0.00|-0.00|-0.00|0.00|0.00|0.00|0.00|-0.01|-0.03|0.02|-0.02|-48710.00|3414.00|46025.00|906.00
39.866246938705444|0.07|0.06|-0.03|-0.00|0.01|0.00|-0.00|-0.00|-0.00|0.01|-0.01|-0.00|0.00|0.00|0.00|0.00|0.00|-0.01|-0.04|0.02|-0.02|-48710.00|3414.00|46025.00|906.00
40.02183437347412|0.05|-0.06|0.03|0.00|-0.01|0.00|-0.00|-0.00|-0.00|0.00|-0.00|-0.00|-0.00|0.00|0.00|0.00|0.00|-0.01|-0.04|0.02|-0.02|-48710.00|3414.00|46025.00|906.00
40.181406021118164|0.08|0.00|0.00|0.00|-0.01|0.00|-0.00|-0.00|-0.00|0.00|-0.00|-0.00|-0.00|0.00|0.00|-0.95|-0.03|-0.01|-0.04|0.02|-0.02|-48710.00|3414.00|45877.00|902.00
40.336998462677|0.07|-0.02|0.01|0.01|-0.00|0.00|-0.00|-0.01|0.00|-0.00|0.00|0.00|-0.00|0.00|0.00|-2.97|-0.03|-0.01|-0.04|0.02|-0.02|-48710.00|3414.00|45410.00|898.00
40.4886748790741|0.07|0.02|-0.02|-0.00|0.01|0.00|-0.00|0.02|0.00|0.00|-0.00|0.00|0.00|0.00|0.00|-0.07|0.01|-0.01|-0.04|0.02|-0.02|-48710.00|3414.00|45399.00|899.00
40.644158363342285|0.08|-0.05|0.06|0.01|-0.02|0.00|-0.00|0.00|-0.00|-0.01|0.01|0.00|-0.00|0.00|0.00|-0.03|-0.04|-0.01|-0.03|0.02|-0.02|-48710.00|3414.00|45395.00|893.00
40.79974555969238|0.08|0.18|0.12|-0.01|0.02|0.00|-0.00|-0.00|0.00|0.02|0.03|0.00|0.00|0.00|0.00|-0.13|0.04|-0.01|-0.03|0.02|-0.02|-48710.00|3414.00|45374.00|899.00
40.95234799385071|0.05|-0.08|-0.06|0.00|0.01|0.00|-0.00|-0.01|0.00|0.01|0.02|0.00|0.00|0.00|0.00|-2.11|0.05|-0.01|-0.03|0.02|-0.02|-48710.00|3414.00|45054.00|906.00
41.11191415786743|0.08|-0.08|-0.06|-0.01|-0.00|0.00|-0.00|-0.02|-0.00|-0.00|0.01|-0.00|0.00|0.00|0.00|-4.63|-0.05|-0.01|-0.03|0.02|-0.02|-48710.00|3414.00|44346.00|898.00
41.267504930496216|0.08|-0.15|0.27|0.00|-0.01|0.00|-0.00|0.01|-0.00|-0.02|0.05|-0.00|0.00|0.00|0.00|-3.48|-0.12|-0.01|-0.02|0.02|-0.02|-48710.00|3414.00|43793.00|879.00
41.423089027404785|0.18|0.16|-0.32|0.00|-0.02|0.00|-0.00|0.02|0.00|0.00|0.00|-0.00|-0.00|0.00|0.00|-0.83|-0.08|-0.01|-0.02|0.02|-0.02|-48710.00|3414.00|43663.00|867.00
41.57468390464783|0.20|-0.14|0.07|0.01|0.03|0.00|-0.00|0.00|0.00|-0.02|0.01|0.00|0.00|0.00|0.00|-0.12|0.03|-0.01|-0.01|0.02|-0.02|-48710.00|3414.00|43644.00|871.00
41.73027062416077|0.16|0.12|-0.08|-0.03|0.00|0.00|-0.00|-0.02|0.00|-0.00|-0.00|-0.00|0.00|0.00|0.00|-3.44|0.12|-0.01|-0.01|0.02|-0.02|-48710.00|3414.00|43124.00|889.00
41.88586688041687|0.13|-0.02|0.00|0.02|-0.02|0.00|-0.00|0.01|0.00|-0.01|0.00|-0.00|-0.00|0.00|0.00|-2.40|0.16|-0.02|-0.01|0.02|-0.02|-48710.00|3414.00|42747.00|914.00
42.04138994216919|0.07|-0.00|-0.04|0.00|0.01|0.00|-0.00|0.01|-0.00|-0.01|-0.01|-0.00|0.00|0.00|0.00|-0.35|0.05|-0.02|-0.02|0.02|-0.02|-48710.00|3414.00|42692.00|921.00
42.19709801673889|0.09|0.00|0.03|-0.00|-0.00|0.00|-0.00|-0.01|0.00|-0.00|-0.00|-0.00|-0.00|0.00|0.00|-1.61|0.10|-0.02|-0.02|0.02|-0.02|-48710.00|3414.00|42443.00|936.00
42.356669187545776|0.09|0.02|-0.02|-0.01|-0.01|0.00|-0.00|0.01|-0.00|-0.00|-0.00|-0.00|-0.00|0.00|0.00|-0.04|-0.09|-0.02|-0.02|0.02|-0.02|-48710.00|3414.00|42436.00|921.00
42.50817394256592|0.08|0.02|0.03|-0.04|0.03|0.00|-0.00|0.00|0.00|0.00|-0.00|-0.01|0.00|0.00|0.00|0.06|0.09|-0.02|-0.02|0.02|-0.02|-48710.00|3414.00|42445.00|935.00
42.667763471603394|0.07|0.04|-0.03|0.03|-0.02|0.00|-0.00|-0.00|-0.00|0.01|-0.01|-0.00|-0.00|0.00|0.00|-0.36|-0.16|-0.02|-0.02|0.02|-0.02|-48710.00|3414.00|42390.00|911.00
42.82335186004639|0.07|-0.03|0.03|0.00|0.03|0.00|-0.00|-0.00|0.00|0.00|-0.00|-0.00|0.00|0.00|0.00|-0.36|-0.10|-0.02|-0.02|0.02|-0.02|-48710.00|3414.00|42332.00|895.00
42.97894477844238|0.09|-0.01|-0.04|0.03|-0.03|0.00|-0.00|-0.03|0.00|0.00|-0.01|0.00|-0.00|0.00|0.00|-4.31|0.05|-0.02|-0.02|0.02|-0.02|-48710.00|3414.00|41664.00|902.00
43.13851714134216|0.08|-0.02|0.03|-0.03|-0.00|0.00|-0.00|0.01|0.00|-0.00|-0.00|-0.00|-0.00|0.00|0.00|-2.52|0.12|-0.02|-0.02|0.02|-0.02|-48710.00|3414.00|41274.00|921.00
43.291054010391235|0.07|0.02|0.03|-0.00|0.03|0.00|-0.00|-0.01|-0.00|0.00|0.00|-0.00|0.00|0.00|0.00|-4.41|-0.10|-0.02|-0.02|0.02|-0.02|-48710.00|3414.00|40577.00|905.00
43.44567799568176|0.12|-0.00|-0.00|0.03|-0.02|0.00|-0.00|-0.01|0.00|-0.00|0.00|0.00|0.00|0.00|0.00|-6.42|0.11|-0.02|-0.02|0.02|-0.02|-48710.00|3414.00|39582.00|922.00
43.602267265319824|0.14|-0.03|-0.01|0.04|0.00|0.00|-0.00|0.04|-0.00|-0.00|0.00|0.01|0.00|0.00|0.00|-0.86|0.05|-0.02|-0.02|0.02|-0.02|-48710.00|3414.00|39450.00|930.00
43.7538640499115|0.11|0.02|0.00|-0.00|0.01|0.00|-0.00|0.00|0.00|-0.00|0.00|0.01|0.00|0.00|0.00|-0.10|0.09|-0.02|-0.02|0.02|-0.02|-48710.00|3414.00|39435.00|944.00
43.909446477890015|0.13|0.02|-0.04|-0.01|-0.03|0.00|-0.00|-0.01|0.00|0.00|-0.00|0.00|-0.00|0.00|0.00|-1.60|0.17|-0.02|-0.02|0.02|-0.02|-48710.00|3414.00|39193.00|970.00
44.06503510475159|0.15|-0.04|0.03|-0.01|0.00|0.00|-0.00|-0.05|0.00|-0.00|0.00|0.00|-0.00|0.00|0.00|-8.89|0.29|-0.02|-0.02|0.02|-0.02|-48710.00|3414.00|37806.00|1016.00
44.22461295127869|0.15|0.02|-0.00|-0.01|-0.00|0.00|-0.00|0.05|-0.00|-0.00|0.00|0.00|-0.00|0.00|0.00|-0.61|0.04|-0.02|-0.02|0.02|-0.02|-48710.00|3414.00|37710.00|1023.00
44.380194425582886|0.13|0.01|-0.00|0.00|-0.01|0.00|-0.00|0.00|0.00|-0.00|-0.00|0.00|-0.00|0.00|0.00|-0.01|0.05|-0.02|-0.02|0.02|-0.02|-48710.00|3414.00|37709.00|1031.00
44.53578066825867|0.15|0.00|-0.00|-0.01|0.01|0.00|-0.00|0.00|-0.00|-0.00|-0.00|-0.00|0.00|0.00|0.00|0.01|-0.06|-0.02|-0.02|0.02|-0.02|-48710.00|3414.00|37711.00|1021.00
44.699347734451294|0.13|-0.00|-0.01|-0.00|-0.01|0.00|-0.00|-0.00|0.00|-0.00|-0.00|-0.00|-0.00|0.00|0.00|-0.03|-0.03|-0.02|-0.02|0.02|-0.02|-48710.00|3414.00|37707.00|1016.00
44.85492944717407|0.13|0.01|-0.01|0.00|0.00|0.00|-0.00|-0.00|0.00|0.00|-0.00|-0.00|-0.00|0.00|0.00|-0.07|-0.02|-0.02|-0.02|0.02|-0.02|-48710.00|3414.00|37696.00|1013.00
45.0105140209198|0.11|0.02|0.01|0.00|0.00|0.00|-0.00|-0.00|0.00|0.00|-0.00|-0.00|0.00|0.00|0.00|-0.12|-0.01|-0.02|-0.02|0.02|-0.02|-48710.00|3414.00|37677.00|1012.00
45.16610884666443|0.15|-0.04|0.06|-0.00|0.01|0.00|-0.00|0.00|-0.00|-0.00|0.01|-0.00|0.00|0.00|0.00|0.00|-0.07|-0.02|-0.02|0.02|-0.02|-48710.00|3414.00|37677.00|1001.00
45.32171893119812|0.15|0.03|-0.05|0.01|-0.00|0.00|-0.00|0.00|0.00|0.00|-0.00|0.00|0.00|0.00|0.00|-0.06|0.01|-0.02|-0.02|0.02|-0.02|-48710.00|3414.00|37668.00|1002.00
45.47821569442749|0.15|-0.01|0.01|-0.01|-0.01|0.00|-0.00|-0.00|0.00|0.00|0.00|0.00|-0.00|0.00|0.00|-0.26|0.04|-0.02|-0.02|0.02|-0.02|-48710.00|3414.00|37628.00|1008.00
45.628854274749756|0.15|0.01|-0.00|0.00|0.01|0.00|-0.00|0.00|-0.00|0.00|0.00|0.00|0.00|0.00|0.00|0.01|-0.01|-0.02|-0.02|0.02|-0.02|-48710.00|3414.00|37629.00|1007.00
45.78544092178345|0.15|-0.02|0.00|0.00|-0.01|0.00|-0.00|-0.00|0.00|-0.00|0.00|0.00|-0.00|0.00|0.00|-0.13|0.00|-0.02|-0.02|0.02|-0.02|-48710.00|3414.00|37610.00|1007.00
45.94501519203186|0.14|0.00|-0.01|-0.00|-0.00|0.00|-0.00|-0.01|0.00|0.00|-0.00|0.00|-0.00|0.00|0.00|-0.94|-0.03|-0.02|-0.02|0.02|-0.02|-48710.00|3414.00|37463.00|1003.00
46.10459923744202|0.13|-0.00|-0.01|-0.00|0.01|0.00|-0.00|-0.00|0.00|-0.00|-0.00|-0.00|-0.00|0.00|0.00|-1.18|0.03|-0.02|-0.02|0.02|-0.02|-48710.00|3414.00|37276.00|1008.00
46.260183334350586|0.14|-0.01|0.01|0.00|-0.00|0.00|-0.00|0.01|-0.00|-0.00|-0.00|0.00|-0.00|0.00|0.00|-0.12|0.01|-0.02|-0.02|0.02|-0.02|-48710.00|3414.00|37257.00|1010.00
46.41577100753784|0.15|0.01|0.01|-0.00|-0.00|0.00|-0.00|0.00|0.00|-0.00|0.00|0.00|-0.00|0.00|0.00|-0.06|0.01|-0.02|-0.02|0.02|-0.02|-48710.00|3414.00|37247.00|1012.00
46.57140612602234|0.13|0.00|0.01|-0.00|0.00|0.00|-0.00|-0.00|0.00|-0.00|0.00|-0.00|-0.00|0.00|0.00|-0.61|0.02|-0.02|-0.02|0.02|-0.02|-48710.00|3414.00|37152.00|1015.00
46.731003522872925|0.14|0.01|-0.01|0.01|-0.00|0.00|-0.00|-0.00|-0.00|0.00|0.00|0.00|-0.00|0.00|0.00|-0.95|-0.01|-0.02|-0.02|0.02|-0.02|-48710.00|3414.00|37004.00|1013.00
46.88250255584717|0.15|-0.00|0.02|0.00|0.00|0.00|-0.00|0.00|0.00|0.00|0.00|0.00|0.00|0.00|0.00|-0.58|0.06|-0.02|-0.02|0.02|-0.02|-48710.00|3414.00|36913.00|1022.00
47.0380961894989|0.13|0.02|-0.05|-0.00|-0.01|0.00|-0.00|0.00|-0.00|0.00|-0.00|0.00|-0.00|0.00|0.00|-0.06|0.02|-0.02|-0.02|0.02|-0.02|-48710.00|3414.00|36904.00|1025.00
47.19766879081726|0.13|-0.01|-0.00|-0.00|0.00|0.00|-0.00|0.00|-0.00|0.00|-0.00|-0.00|-0.00|0.00|0.00|-0.01|0.01|-0.02|-0.02|0.02|-0.02|-48710.00|3414.00|36903.00|1027.00
47.357242822647095|0.15|-0.02|0.02|-0.00|-0.00|0.00|-0.00|-0.00|0.00|-0.00|-0.00|-0.00|-0.00|0.00|0.00|-0.48|0.03|-0.02|-0.02|0.02|-0.02|-48710.00|3414.00|36826.00|1031.00
47.51287889480591|0.13|0.00|0.01|-0.00|0.01|0.00|-0.00|0.00|-0.00|0.00|-0.00|-0.00|0.00|0.00|0.00|-0.23|0.00|-0.02|-0.02|0.02|-0.02|-48710.00|3414.00|36790.00|1031.00
47.66941213607788|0.13|-0.00|-0.01|0.00|0.00|0.00|-0.00|0.00|-0.00|0.00|-0.00|-0.00|0.00|0.00|0.00|-0.01|0.03|-0.02|-0.02|0.02|-0.02|-48710.00|3414.00|36788.00|1035.00
47.8250048160553|0.15|-0.01|0.01|-0.00|0.00|0.00|-0.00|0.00|-0.00|-0.00|-0.00|-0.00|0.00|0.00|0.00|-0.01|0.01|-0.02|-0.02|0.02|-0.02|-48710.00|3414.00|36787.00|1036.00
47.98466944694519|0.13|0.02|-0.02|-0.00|-0.00|0.00|-0.00|-0.00|-0.00|0.00|-0.00|-0.00|-0.00|0.00|0.00|-0.04|-0.03|-0.02|-0.02|0.02|-0.02|-48710.00|3414.00|36781.00|1031.00
48.14016532897949|0.13|-0.02|0.03|-0.00|0.00|0.00|-0.00|0.00|0.00|0.00|0.00|-0.00|0.00|0.00|0.00|0.00|0.00|-0.02|-0.02|0.02|-0.02|-48710.00|3414.00|36781.00|1031.00
48.29175782203674|0.14|0.03|-0.01|0.00|0.00|0.00|-0.00|0.00|0.00|0.01|-0.00|0.00|0.00|0.00|0.00|0.00|0.00|-0.01|-0.02|0.02|-0.02|-48710.00|3414.00|36781.00|1031.00
48.44735240936279|0.13|-0.03|-0.01|0.00|-0.00|0.00|-0.00|0.00|0.00|0.00|-0.00|0.00|-0.00|0.00|0.00|-1.34|-0.01|-0.01|-0.02|0.02|-0.02|-48710.00|3414.00|36578.00|1029.00
48.6029326915741|0.15|0.00|0.03|-0.01|0.00|0.00|-0.00|-0.00|0.00|0.00|0.00|-0.00|0.00|0.00|0.00|-1.43|0.02|-0.01|-0.02|0.02|-0.02|-48710.00|3414.00|36355.00|1032.00
48.75860095024109|0.13|0.01|-0.02|0.01|-0.00|0.00|-0.00|0.01|-0.00|0.00|-0.00|0.00|-0.00|0.00|0.00|-0.05|-0.01|-0.01|-0.02|0.02|-0.02|-48710.00|3414.00|36347.00|1031.00
48.91803741455078|0.13|0.01|0.01|-0.00|-0.00|0.00|-0.00|-0.01|-0.00|0.00|-0.00|0.00|-0.00|0.00|0.00|-1.24|-0.04|-0.01|-0.02|0.02|-0.02|-48710.00|3414.00|36153.00|1024.00
49.07365083694458|0.15|-0.02|0.00|-0.00|-0.00|0.00|-0.00|0.00|-0.00|0.00|-0.00|0.00|-0.00|0.00|0.00|-0.60|-0.05|-0.01|-0.02|0.02|-0.02|-48710.00|3414.00|36059.00|1016.00
49.22924447059631|0.19|-0.02|0.03|-0.00|0.00|0.00|-0.00|0.00|0.00|-0.00|0.00|-0.00|-0.00|0.00|0.00|0.04|0.00|-0.01|-0.02|0.02|-0.02|-48710.00|3414.00|36065.00|1016.00
49.38882040977478|0.21|0.02|-0.04|-0.02|-0.00|0.00|-0.00|0.01|0.00|-0.00|-0.00|-0.00|-0.00|0.00|0.00|1.81|-0.13|-0.01|-0.02|0.02|-0.02|-48710.00|3414.00|36346.00|996.00
49.5453999042511|0.14|0.00|-0.01|-0.07|-0.14|0.00|-0.00|0.08|-0.00|0.00|-0.00|-0.01|-0.02|0.00|0.00|14.37|-0.19|-0.01|-0.02|0.02|-0.02|-48710.00|3414.00|38588.00|967.00
49.701016426086426|0.13|-0.01|0.01|0.10|0.07|0.00|-0.00|-0.05|-0.00|-0.00|-0.00|0.00|-0.01|0.00|0.00|6.06|-0.44|-0.01|-0.02|0.02|-0.03|-48710.00|3414.00|39552.00|897.00
49.85658502578735|0.12|0.01|0.01|0.04|0.04|0.00|-0.00|0.40|0.00|-0.00|0.00|0.01|-0.01|0.00|0.00|67.72|-0.10|-0.01|-0.02|0.02|-0.03|-48710.00|3414.00|50116.00|881.00
50.016159772872925|0.12|-0.00|-0.01|-0.02|-0.02|0.00|-0.00|-0.01|0.00|-0.00|-0.00|0.00|-0.01|0.00|0.00|66.22|-0.08|-0.02|-0.02|0.02|-0.03|-48710.00|3414.00|60248.00|869.00
50.17183184623718|0.12|-0.00|0.01|-0.02|-0.02|0.00|-0.00|-0.07|-0.00|-0.00|0.00|0.00|-0.01|0.00|0.00|54.45|-0.53|-0.02|-0.02|0.02|-0.03|-48710.00|3414.00|68905.00|785.00
50.33137083053589|0.07|0.04|-0.08|-0.00|0.04|0.00|-0.00|-0.07|-0.00|0.01|-0.01|0.00|-0.01|0.00|0.00|43.23|-0.54|-0.01|-0.02|0.02|-0.03|-48710.00|3414.00|75735.00|699.00
50.486881732940674|0.08|-0.03|0.04|-0.01|0.03|0.00|-0.00|-0.25|0.00|0.00|-0.01|-0.00|-0.00|0.00|0.00|3.53|0.17|-0.01|-0.03|0.02|-0.03|-48710.00|3414.00|76289.00|726.00
50.64247751235962|0.08|0.05|-0.08|-0.00|0.02|0.00|-0.00|-0.02|-0.00|0.01|-0.02|-0.00|0.00|0.00|0.00|0.01|-0.06|-0.01|-0.03|0.02|-0.03|-48710.00|3414.00|76291.00|717.00
50.798060178756714|0.09|-0.03|0.05|0.00|-0.00|0.00|-0.00|-0.00|0.00|0.00|-0.01|-0.00|-0.00|0.00|0.00|0.00|0.00|-0.01|-0.03|0.02|-0.03|-48710.00|3414.00|76291.00|717.00
50.949660778045654|0.07|-0.02|0.04|0.00|0.01|0.00|-0.00|-0.00|0.00|0.00|-0.00|0.00|0.00|0.00|0.00|-0.01|0.00|-0.01|-0.03|0.02|-0.03|-48710.00|3414.00|76290.00|717.00
51.10524845123291|0.09|0.04|0.03|-0.01|0.01|0.00|-0.00|-0.00|0.00|0.01|0.00|-0.00|0.00|0.00|0.00|-0.05|-0.05|-0.01|-0.03|0.02|-0.03|-48710.00|3414.00|76282.00|710.00
51.26082801818848|0.08|-0.04|0.00|-0.04|-0.08|0.00|-0.00|-0.04|-0.00|0.00|0.00|-0.01|-0.01|0.00|0.00|-5.82|-0.66|-0.01|-0.03|0.02|-0.03|-48710.00|3414.00|75386.00|608.00
51.42040729522705|0.07|-0.01|0.00|0.03|0.06|0.00|-0.00|-0.07|0.00|-0.00|0.00|-0.00|-0.00|0.00|0.00|-16.16|-0.35|-0.01|-0.03|0.02|-0.03|-48710.00|3414.00|72833.00|552.00
51.57694101333618|0.08|-0.03|0.04|0.02|0.01|0.00|-0.00|-0.06|0.00|-0.00|0.01|-0.00|0.00|0.00|0.00|-25.03|0.38|-0.01|-0.03|0.02|-0.03|-48710.00|3414.00|68904.00|611.00
51.72853350639343|0.07|0.03|-0.05|0.00|-0.00|0.00|-0.00|0.10|-0.00|0.00|-0.00|0.00|0.00|0.00|0.00|-8.97|-0.15|-0.01|-0.03|0.02|-0.03|-48710.00|3414.00|67513.00|588.00
51.88413858413696|0.09|0.00|0.00|-0.00|0.00|0.00|-0.00|0.06|0.00|0.00|-0.00|0.00|0.00|0.00|0.00|-0.03|-0.14|-0.01|-0.03|0.02|-0.03|-48710.00|3414.00|67508.00|566.00
52.03572416305542|0.08|0.00|0.01|0.00|-0.00|0.00|-0.00|0.00|-0.00|0.00|0.00|0.00|0.00|0.00|0.00|0.06|-0.25|-0.01|-0.03|0.02|-0.03|-48710.00|3414.00|67517.00|528.00
52.18635582923889|0.09|0.01|0.02|0.00|0.01|0.00|-0.00|0.01|0.00|0.00|0.00|0.00|0.00|0.00|0.00|1.07|-0.14|-0.01|-0.03|0.02|-0.03|-48710.00|3414.00|67679.00|507.00
52.33796548843384|0.08|0.00|-0.04|-0.00|-0.01|0.00|-0.00|-0.00|0.00|0.00|-0.00|0.00|0.00|0.00|0.00|0.96|0.23|-0.01|-0.03|0.02|-0.03|-48710.00|3414.00|67823.00|541.00
52.489500999450684|0.09|0.01|0.03|0.00|0.01|0.00|-0.00|0.01|-0.00|0.00|0.00|0.00|0.00|0.00|0.00|2.58|-0.17|-0.01|-0.03|0.02|-0.03|-48710.00|3414.00|68220.00|515.00
52.645127296447754|0.08|-0.02|0.01|-0.01|0.01|0.00|-0.00|-0.01|0.00|-0.00|0.00|-0.00|0.00|0.00|0.00|1.71|0.38|-0.01|-0.03|0.02|-0.03|-48710.00|3414.00|68478.00|573.00
52.79672431945801|0.09|0.03|0.01|0.00|-0.01|0.00|-0.00|-0.00|-0.00|0.00|0.01|-0.00|0.00|0.00|0.00|1.58|0.00|-0.01|-0.03|0.02|-0.03|-48710.00|3414.00|68721.00|573.00
52.94832634925842|0.07|0.00|0.01|0.01|-0.01|0.00|-0.00|0.05|-0.00|0.00|0.01|0.00|0.00|0.00|0.00|8.67|0.09|-0.01|-0.03|0.02|-0.03|-48710.00|3414.00|70048.00|587.00
53.10391044616699|0.08|0.02|-0.02|-0.00|-0.00|0.00|-0.00|0.02|-0.00|0.01|0.00|0.00|0.00|0.00|0.00|11.06|-0.01|-0.01|-0.02|0.02|-0.03|-48710.00|3414.00|71718.00|586.00
53.25551223754883|0.08|0.01|0.01|-0.00|0.00|0.00|-0.00|0.02|-0.00|0.01|0.01|0.00|0.00|0.00|0.00|14.51|-0.23|-0.01|-0.02|0.02|-0.03|-48710.00|3414.00|73953.00|550.00
53.41109824180603|0.05|-0.01|-0.06|-0.00|-0.00|0.00|-0.00|-0.05|0.00|0.01|-0.00|0.00|0.00|0.00|0.00|7.23|-0.08|-0.01|-0.02|0.02|-0.03|-48710.00|3414.00|75067.00|537.00
53.56669640541077|0.09|-0.03|0.02|0.00|0.00|0.00|-0.00|-0.03|-0.00|0.00|-0.00|0.00|0.00|0.00|0.00|2.96|-0.11|-0.01|-0.02|0.02|-0.03|-48710.00|3414.00|75528.00|520.00
53.72723412513733|0.07|-0.03|-0.02|-0.00|-0.00|0.00|-0.00|0.01|-0.00|-0.00|-0.00|-0.00|0.00|0.00|0.00|3.82|-0.16|-0.01|-0.03|0.02|-0.03|-48710.00|3414.00|76113.00|496.00
53.873838663101196|0.07|0.02|0.02|0.00|0.00|0.00|-0.00|-0.02|0.00|0.00|0.00|0.00|0.00|0.00|0.00|1.41|-0.11|-0.01|-0.03|0.02|-0.03|-48710.00|3414.00|76337.00|479.00
54.0344123840332|0.08|-0.02|-0.04|-0.00|-0.01|0.00|-0.00|-0.01|0.00|-0.00|-0.01|0.00|0.00|0.00|0.00|0.14|0.04|-0.01|-0.03|0.02|-0.03|-48710.00|3414.00|76358.00|485.00
54.186012744903564|0.07|-0.01|0.03|-0.00|0.00|0.00|-0.00|-0.00|0.00|-0.00|-0.00|0.00|0.00|0.00|0.00|-0.60|0.06|-0.01|-0.03|0.02|-0.03|-48710.00|3414.00|76265.00|494.00
54.34161710739136|0.08|0.02|0.01|0.00|-0.00|0.00|-0.00|-0.00|-0.00|-0.00|0.00|0.00|0.00|0.00|0.00|-0.85|-0.03|-0.01|-0.03|0.02|-0.03|-48710.00|3414.00|76133.00|490.00
54.49719023704529|0.08|-0.01|-0.02|0.00|-0.00|0.00|-0.00|0.01|0.00|-0.00|-0.00|0.00|-0.00|0.00|0.00|-0.01|0.00|-0.01|-0.03|0.02|-0.03|-48710.00|3414.00|76131.00|490.00
54.652812242507935|0.09|0.00|0.01|-0.00|0.00|0.00|-0.00|0.00|0.00|-0.00|-0.00|-0.00|0.00|0.00|0.00|0.00|0.00|-0.01|-0.03|0.02|-0.03|-48710.00|3414.00|76131.00|490.00
54.804356813430786|0.08|-0.02|-0.02|0.00|0.00|0.00|-0.00|0.00|0.00|-0.00|-0.00|0.00|0.00|0.00|0.00|0.01|-0.03|-0.01|-0.03|0.02|-0.03|-48710.00|3414.00|76132.00|485.00
54.959951639175415|0.08|0.02|0.02|-0.00|0.00|0.00|-0.00|-0.00|0.00|-0.00|0.00|0.00|0.00|0.00|0.00|0.00|-0.01|-0.01|-0.03|0.02|-0.03|-48710.00|3414.00|76132.00|484.00
55.111552476882935|0.08|0.02|-0.03|0.00|-0.00|0.00|-0.00|-0.00|0.00|0.00|-0.00|0.00|0.00|0.00|0.00|-0.07|0.00|-0.01|-0.03|0.02|-0.03|-48710.00|3414.00|76121.00|484.00
55.26713824272156|0.07|-0.03|0.06|-0.00|0.00|0.00|-0.00|-0.00|0.00|-0.00|0.00|-0.00|0.00|0.00|0.00|-0.10|0.00|-0.01|-0.03|0.02|-0.03|-48710.00|3414.00|76106.00|484.00
55.42272448539734|0.08|0.03|-0.05|0.00|0.00|0.00|-0.00|-0.00|0.00|0.00|-0.00|0.00|0.00|0.00|0.00|-0.79|-0.06|-0.01|-0.03|0.02|-0.03|-48710.00|3414.00|75983.00|475.00
55.57826614379883|0.09|0.02|-0.00|-0.00|-0.01|0.00|-0.00|-0.01|0.00|0.00|-0.00|-0.00|-0.00|0.00|0.00|-2.33|0.11|-0.01|-0.03|0.02|-0.03|-48710.00|3414.00|75624.00|492.00
55.729907274246216|0.07|0.09|0.03|0.00|0.00|0.00|-0.00|0.02|-0.00|0.02|0.00|-0.00|0.00|0.00|0.00|0.06|-0.03|-0.01|-0.03|0.02|-0.03|-48710.00|3414.00|75634.00|487.00
55.88551092147827|0.10|-0.14|0.03|0.00|-0.00|0.00|-0.00|0.00|0.00|-0.00|0.01|0.00|0.00|0.00|0.00|0.13|0.01|-0.01|-0.03|0.02|-0.03|-48710.00|3414.00|75654.00|488.00
56.037031412124634|0.11|0.06|0.03|-0.00|-0.00|0.00|-0.00|-0.00|0.00|0.01|0.01|0.00|0.00|0.00|0.00|0.02|0.04|-0.01|-0.03|0.02|-0.03|-48710.00|3414.00|75657.00|494.00
56.19265627861023|0.07|-0.02|-0.05|-0.00|-0.00|0.00|-0.00|-0.00|-0.00|0.00|0.00|-0.00|0.00|0.00|0.00|0.00|0.00|-0.00|-0.03|0.02|-0.03|-48710.00|3414.00|75657.00|494.00
56.348249673843384|0.04|-0.01|-0.01|-0.00|0.00|0.00|-0.00|-0.00|-0.00|0.00|0.00|-0.00|0.00|0.00|0.00|0.00|0.00|-0.00|-0.02|0.02|-0.03|-48710.00|3414.00|75657.00|494.00
56.49984574317932|0.09|-0.01|0.02|0.00|-0.00|0.00|-0.00|-0.00|-0.00|0.00|0.00|0.00|0.00|0.00|0.00|0.00|0.00|-0.00|-0.02|0.02|-0.03|-48710.00|3414.00|75657.00|494.00
56.65546011924744|0.08|0.01|-0.04|-0.00|-0.00|0.00|-0.00|-0.00|-0.00|0.00|-0.00|-0.00|-0.00|0.00|0.00|0.03|0.08|-0.00|-0.02|0.02|-0.03|-48710.00|3414.00|75661.00|506.00
56.81102132797241|0.07|-0.02|0.02|0.00|0.01|0.00|-0.00|0.01|-0.00|-0.00|0.00|0.00|0.00|0.00|0.00|1.13|-0.02|-0.00|-0.02|0.02|-0.03|-48710.00|3414.00|75840.00|503.00
56.96658682823181|0.08|0.00|0.01|-0.00|-0.00|0.00|-0.00|-0.00|0.00|-0.00|0.00|-0.00|0.00|0.00|0.00|0.42|-0.01|-0.00|-0.02|0.02|-0.03|-48710.00|3414.00|75904.00|502.00
57.12216925621033|0.08|0.01|-0.03|-0.00|-0.00|0.00|-0.00|-0.00|0.00|-0.00|-0.00|-0.00|0.00|0.00|0.00|0.17|0.16|-0.00|-0.02|0.02|-0.03|-48710.00|3414.00|75930.00|527.00
57.27373671531677|0.07|-0.05|0.07|0.01|0.03|0.00|-0.00|0.00|-0.00|-0.01|0.01|0.00|0.01|0.00|0.00|0.46|0.08|-0.01|-0.02|0.02|-0.03|-48710.00|3414.00|76002.00|539.00
57.42936873435974|0.10|0.06|-0.01|-0.01|-0.00|0.00|-0.00|-0.00|-0.00|0.00|0.01|-0.00|0.00|0.00|0.00|0.00|0.07|-0.01|-0.02|0.02|-0.03|-48710.00|3414.00|76002.00|550.00
57.58095836639404|0.18|0.00|-0.01|0.00|0.01|0.00|-0.00|-0.00|-0.00|0.00|0.00|0.00|0.01|0.00|0.00|0.01|-0.05|-0.01|-0.02|0.02|-0.03|-48710.00|3414.00|76003.00|543.00
57.73255634307861|0.19|-0.05|0.16|0.00|0.01|0.00|-0.00|0.04|0.00|-0.00|0.03|0.00|0.01|0.00|0.00|6.22|0.01|-0.01|-0.02|0.02|-0.03|-48710.00|3414.00|76948.00|545.00
57.88417673110962|0.13|0.00|-0.06|0.01|-0.04|0.00|-0.00|-0.00|0.00|-0.00|0.02|0.00|0.00|0.00|0.00|5.48|0.14|-0.01|-0.01|0.02|-0.03|-48710.00|3414.00|77781.00|566.00
58.04375123977661|0.09|0.03|-0.13|0.01|-0.03|0.00|-0.00|-0.04|-0.00|-0.00|0.00|0.00|-0.00|0.00|0.00|-0.13|-0.03|-0.01|-0.01|0.02|-0.03|-48710.00|3414.00|77761.00|562.00
58.19939136505127|0.09|0.07|-0.12|-0.16|-0.10|0.00|-0.00|-0.01|0.00|0.01|-0.02|-0.02|-0.02|0.00|0.00|-2.08|0.29|-0.00|-0.02|0.02|-0.03|-48710.00|3414.00|77435.00|608.00
58.36282730102539|0.07|-0.06|-0.20|-0.17|-0.24|0.00|-0.00|-0.09|-0.01|0.00|-0.05|-0.05|-0.06|0.00|0.00|-15.88|-0.51|-0.00|-0.03|0.01|-0.04|-48710.00|3414.00|74926.00|528.00
58.51941919326782|0.08|0.03|0.11|0.04|0.18|0.00|-0.00|-0.34|0.00|0.01|-0.03|-0.04|-0.03|0.00|0.00|-70.99|-0.35|-0.00|-0.03|0.00|-0.04|-48710.00|3414.00|63567.00|472.00
58.675025939941406|0.09|-0.04|-0.02|0.25|0.16|0.00|-0.00|-0.04|0.01|0.00|-0.04|-0.00|-0.00|0.00|0.00|-77.45|1.06|-0.00|-0.04|0.00|-0.04|-48710.00|3414.00|51485.00|638.00
58.83459663391113|0.08|0.06|0.06|-0.12|-0.01|0.00|-0.00|0.16|-0.00|0.01|-0.03|-0.02|-0.01|0.00|0.00|-52.63|0.37|-0.00|-0.04|-0.00|-0.05|-48710.00|3414.00|43170.00|697.00
58.990182399749756|0.08|0.05|0.03|0.06|0.00|0.00|-0.00|-0.08|-0.01|0.02|-0.02|-0.01|-0.00|0.00|0.00|-65.59|-0.92|0.00|-0.04|-0.00|-0.05|-48710.00|3414.00|32873.00|552.00
59.14975929260254|0.10|-0.11|0.12|0.04|0.02|0.00|-0.00|0.03|-0.00|-0.00|-0.00|-0.01|-0.00|0.00|0.00|-61.59|-1.12|0.00|-0.04|-0.01|-0.05|-48710.00|3414.00|23142.00|375.00
59.30535650253296|0.07|-0.04|0.02|0.06|0.01|0.00|-0.00|-0.17|-0.00|-0.01|0.00|0.00|0.00|0.00|0.00|-87.73|-1.80|-0.00|-0.04|-0.01|-0.05|-48710.00|3414.00|9280.00|90.00
59.460944414138794|0.10|0.06|0.00|-0.04|-0.01|0.00|-0.00|0.02|0.01|0.00|0.00|-0.00|-0.00|0.00|0.00|-84.20|-0.84|-0.00|-0.04|-0.01|-0.05|-48710.00|3414.00|-3687.00|-40.00
59.620518922805786|0.08|-0.02|-0.01|0.02|0.01|0.00|-0.00|0.21|0.00|-0.00|-0.00|-0.00|-0.00|0.00|0.00|-51.11|-0.82|-0.00|-0.04|-0.01|-0.05|-48710.00|3414.00|-11762.00|-169.00
59.789061307907104|0.10|0.00|-0.01|-0.01|-0.02|0.00|-0.00|-0.09|-0.00|-0.00|-0.00|-0.00|-0.00|0.00|0.00|-65.50|-0.99|-0.00|-0.04|-0.01|-0.05|-48710.00|3414.00|-22308.00|-328.00
59.94465160369873|0.09|-0.02|0.01|0.03|0.01|0.00|-0.00|0.39|0.01|-0.00|0.00|0.00|-0.00|0.00|0.00|-1.82|0.41|-0.00|-0.04|-0.01|-0.05|-48710.00|3414.00|-22608.00|-260.00
60.10422658920288|0.09|0.04|-0.06|-0.02|-0.00|0.00|-0.00|0.01|-0.00|0.00|-0.01|-0.00|-0.00|0.00|0.00|0.35|0.00|-0.00|-0.04|-0.01|-0.05|-48710.00|3414.00|-22553.00|-260.00
60.25981330871582|0.09|0.12|-0.04|-0.00|0.02|0.00|-0.00|-0.00|-0.00|0.02|-0.01|-0.00|0.00|0.00|0.00|0.13|0.10|0.00|-0.05|-0.01|-0.05|-48710.00|3414.00|-22532.00|-244.00
60.41541647911072|0.08|-0.09|0.10|0.01|-0.00|0.00|-0.00|-0.00|-0.00|0.01|0.00|0.00|-0.00|0.00|0.00|0.05|-0.35|0.00|-0.05|-0.01|-0.05|-48710.00|3414.00|-22524.00|-299.00
60.57500100135803|0.09|0.04|-0.02|0.00|-0.00|0.00|-0.00|-0.00|0.00|0.01|-0.00|0.00|-0.00|0.00|0.00|0.00|0.00|0.00|-0.05|-0.01|-0.05|-48710.00|3414.00|-22524.00|-299.00
60.73062515258789|0.09|0.10|-0.04|-0.01|0.00|0.00|-0.00|-0.00|0.00|0.03|-0.01|0.00|-0.00|0.00|0.00|0.00|0.01|0.01|-0.05|-0.01|-0.05|-48710.00|3414.00|-22524.00|-298.00
60.886122703552246|0.08|-0.17|0.06|0.00|0.00|0.00|-0.00|-0.00|-0.00|0.00|-0.00|0.00|-0.00|0.00|0.00|0.00|0.00|0.01|-0.05|-0.01|-0.05|-48710.00|3414.00|-22524.00|-298.00
61.045695543289185|0.08|-0.01|-0.00|0.00|-0.00|0.00|-0.00|-0.00|-0.00|-0.00|-0.00|0.00|-0.00|0.00|0.00|0.00|0.00|0.01|-0.05|-0.01|-0.05|-48710.00|3414.00|-22524.00|-298.00
61.20626950263977|0.08|0.00|-0.00|-0.00|-0.00|0.00|-0.00|-0.00|-0.00|-0.00|-0.00|0.00|-0.00|0.00|0.00|0.00|0.00|0.01|-0.05|-0.01|-0.05|-48710.00|3414.00|-22524.00|-298.00
61.3658492565155|0.08|-0.00|0.00|-0.00|-0.00|0.00|-0.00|-0.00|-0.00|-0.00|-0.00|0.00|-0.00|0.00|0.00|0.00|0.00|0.01|-0.05|-0.01|-0.05|-48710.00|3414.00|-22524.00|-298.00
61.52141976356506|0.07|-0.00|0.00|-0.00|-0.00|0.00|-0.00|-0.00|-0.00|-0.00|-0.00|0.00|-0.00|0.00|0.00|0.00|0.00|0.01|-0.05|-0.01|-0.05|-48710.00|3414.00|-22524.00|-298.00
61.68101763725281|0.08|-0.00|-0.00|0.00|0.00|0.00|-0.00|-0.00|-0.00|-0.00|-0.00|0.00|-0.00|0.00|0.00|0.00|0.00|0.01|-0.05|-0.01|-0.05|-48710.00|3414.00|-22524.00|-298.00
61.840593099594116|0.08|-0.00|0.00|0.00|-0.00|0.00|-0.00|-0.00|-0.00|-0.00|-0.00|0.00|-0.00|0.00|0.00|0.00|0.00|0.01|-0.05|-0.01|-0.05|-48710.00|3414.00|-22524.00|-298.00
61.9961678981781|0.08|-0.00|0.00|-0.00|-0.00|0.00|-0.00|-0.00|-0.00|-0.00|0.00|0.00|-0.00|0.00|0.00|0.00|0.00|0.01|-0.05|-0.01|-0.05|-48710.00|3414.00|-22524.00|-298.00
62.155742168426514|0.08|-0.00|0.00|-0.00|0.00|0.00|-0.00|-0.00|-0.00|-0.00|0.00|0.00|-0.00|0.00|0.00|0.00|0.00|0.01|-0.05|-0.01|-0.05|-48710.00|3414.00|-22524.00|-298.00
62.31232738494873|0.07|-0.00|-0.00|0.00|-0.00|0.00|-0.00|-0.00|-0.00|-0.00|0.00|0.00|-0.00|0.00|0.00|0.00|0.00|0.01|-0.05|-0.00|-0.05|-48710.00|3414.00|-22524.00|-298.00
62.47189950942993|0.08|0.00|0.00|-0.00|-0.00|0.00|-0.00|-0.00|-0.00|-0.00|0.00|0.00|-0.00|0.00|0.00|0.00|0.00|0.01|-0.05|-0.00|-0.05|-48710.00|3414.00|-22524.00|-298.00
62.62748456001282|0.07|0.00|-0.00|-0.00|0.00|0.00|-0.00|-0.00|-0.00|-0.00|0.00|0.00|-0.00|0.00|0.00|0.00|0.00|0.01|-0.05|-0.00|-0.05|-48710.00|3414.00|-22524.00|-298.00
62.78706622123718|0.08|0.00|-0.00|0.00|-0.00|0.00|-0.00|-0.00|-0.00|-0.00|-0.00|0.00|-0.00|0.00|0.00|0.00|0.00|0.01|-0.05|-0.00|-0.05|-48710.00|3414.00|-22524.00|-298.00
62.946640729904175|0.08|0.00|-0.00|-0.00|-0.00|0.00|-0.00|-0.00|-0.00|-0.00|-0.00|0.00|-0.00|0.00|0.00|0.00|0.00|0.01|-0.05|-0.00|-0.05|-48710.00|3414.00|-22524.00|-298.00
63.102222204208374|0.08|0.00|0.00|-0.00|0.00|0.00|-0.00|-0.00|-0.00|-0.00|-0.00|0.00|-0.00|0.00|0.00|0.00|0.00|0.01|-0.05|-0.00|-0.05|-48710.00|3414.00|-22524.00|-298.00
63.26179766654968|0.08|-0.00|-0.00|0.00|-0.00|0.00|-0.00|-0.00|-0.00|-0.00|-0.00|0.00|-0.00|0.00|0.00|0.00|0.00|0.01|-0.05|-0.00|-0.05|-48710.00|3414.00|-22524.00|-298.00
63.421375036239624|0.07|-0.00|-0.00|-0.00|0.00|0.00|-0.00|-0.00|-0.00|-0.00|-0.00|0.00|-0.00|0.00|0.00|0.00|0.00|0.01|-0.05|-0.00|-0.05|-48710.00|3414.00|-22524.00|-298.00
63.581932067871094|0.08|-0.00|0.00|0.00|-0.00|0.00|-0.00|-0.00|-0.00|-0.00|-0.00|0.00|-0.00|0.00|0.00|0.00|0.00|0.01|-0.05|-0.00|-0.05|-48710.00|3414.00|-22524.00|-298.00
63.73748230934143|0.08|-0.00|0.00|0.00|-0.00|0.00|-0.00|-0.00|-0.00|-0.00|0.00|0.00|-0.00|0.00|0.00|0.00|0.00|0.01|-0.05|-0.00|-0.05|-48710.00|3414.00|-22524.00|-298.00
63.89310669898987|0.08|0.00|-0.00|0.00|0.00|0.00|-0.00|-0.00|-0.00|-0.00|-0.00|0.00|-0.00|0.00|0.00|0.00|0.00|0.01|-0.05|-0.00|-0.05|-48710.00|3414.00|-22524.00|-298.00
64.04870247840881|0.08|0.00|0.00|-0.00|0.00|0.00|-0.00|-0.00|-0.00|-0.00|0.00|0.00|0.00|0.00|0.00|0.00|0.00|0.01|-0.05|-0.00|-0.05|-48710.00|3414.00|-22524.00|-298.00
64.20827555656433|0.08|-0.00|-0.00|0.00|-0.00|0.00|-0.00|-0.00|-0.00|-0.00|-0.00|0.00|-0.00|0.00|0.00|0.00|0.00|0.01|-0.05|-0.00|-0.05|-48710.00|3414.00|-22524.00|-298.00
64.36389923095703|0.08|0.00|0.00|-0.00|0.00|0.00|-0.00|-0.00|-0.00|-0.00|-0.00|0.00|-0.00|0.00|0.00|0.00|0.00|0.01|-0.05|-0.00|-0.05|-48710.00|3414.00|-22524.00|-298.00
64.5234363079071|0.08|-0.00|-0.00|0.00|-0.00|0.00|-0.00|-0.00|-0.00|-0.00|-0.00|0.00|-0.00|0.00|0.00|0.00|0.00|0.01|-0.05|-0.00|-0.05|-48710.00|3414.00|-22524.00|-298.00
64.68301224708557|0.08|0.00|0.00|-0.00|0.00|0.00|-0.00|-0.00|-0.00|-0.00|-0.00|0.00|-0.00|0.00|0.00|0.00|0.00|0.01|-0.05|-0.00|-0.05|-48710.00|3414.00|-22524.00|-298.00
64.8435263633728|0.08|-0.00|-0.00|-0.00|-0.00|0.00|-0.00|-0.00|-0.00|-0.00|-0.00|0.00|-0.00|0.00|0.00|0.00|0.00|0.01|-0.05|-0.00|-0.05|-48710.00|3414.00|-22524.00|-298.00
64.99911522865295|0.08|0.00|0.00|0.00|0.00|0.00|-0.00|-0.00|-0.00|-0.00|-0.00|0.00|-0.00|0.00|0.00|0.00|0.00|0.01|-0.05|-0.00|-0.05|-48710.00|3414.00|-22524.00|-298.00
65.15880966186523|0.07|-0.00|0.00|0.00|-0.00|0.00|-0.00|-0.00|-0.00|-0.00|-0.00|0.00|-0.00|0.00|0.00|0.00|0.00|0.01|-0.05|-0.00|-0.05|-48710.00|3414.00|-22524.00|-298.00
65.31839990615845|0.08|-0.00|-0.00|-0.00|0.00|0.00|-0.00|-0.00|-0.00|-0.00|-0.00|0.00|-0.00|0.00|0.00|0.00|0.00|0.01|-0.05|-0.00|-0.05|-48710.00|3414.00|-22524.00|-298.00
65.473876953125|0.08|0.00|0.00|0.00|-0.00|0.00|-0.00|-0.00|-0.00|-0.00|-0.00|0.00|-0.00|0.00|0.00|0.00|0.00|0.01|-0.05|-0.00|-0.05|-48710.00|3414.00|-22524.00|-298.00
65.63345122337341|0.08|-0.00|0.00|-0.00|0.00|0.00|-0.00|-0.00|-0.00|-0.00|-0.00|0.00|-0.00|0.00|0.00|0.00|0.00|0.01|-0.05|-0.00|-0.05|-48710.00|3414.00|-22524.00|-298.00
65.78904700279236|0.08|0.00|0.00|-0.00|0.00|0.00|-0.00|-0.00|-0.00|-0.00|0.00|0.00|-0.00|0.00|0.00|0.00|0.00|0.01|-0.05|-0.00|-0.05|-48710.00|3414.00|-22524.00|-298.00
65.94511461257935|0.08|0.00|-0.00|-0.00|0.00|0.00|-0.00|-0.00|-0.00|-0.00|-0.00|0.00|-0.00|0.00|0.00|0.00|0.00|0.01|-0.05|-0.00|-0.05|-48710.00|3414.00|-22524.00|-298.00
66.10469126701355|0.08|0.00|-0.00|0.00|0.00|0.00|-0.00|-0.00|-0.00|-0.00|-0.00|0.00|0.00|0.00|0.00|0.00|0.00|0.01|-0.05|-0.00|-0.05|-48710.00|3414.00|-22524.00|-298.00
66.2602767944336|0.08|-0.00|0.00|-0.00|-0.00|0.00|-0.00|-0.00|-0.00|-0.00|-0.00|0.00|-0.00|0.00|0.00|0.00|0.00|0.01|-0.05|-0.00|-0.05|-48710.00|3414.00|-22524.00|-298.00
66.41985273361206|0.08|0.00|-0.00|-0.00|0.00|0.00|-0.00|-0.00|-0.00|-0.00|-0.00|0.00|-0.00|0.00|0.00|0.00|0.00|0.01|-0.05|-0.00|-0.05|-48710.00|3414.00|-22524.00|-298.00
66.57544422149658|0.07|0.00|0.00|0.00|0.00|0.00|-0.00|-0.00|-0.00|-0.00|0.00|0.00|-0.00|0.00|0.00|0.00|0.00|0.01|-0.05|-0.00|-0.05|-48710.00|3414.00|-22524.00|-298.00
66.735027551651|0.09|-0.00|-0.00|0.00|-0.00|0.00|-0.00|-0.00|-0.00|-0.00|-0.00|0.00|-0.00|0.00|0.00|0.00|0.00|0.01|-0.05|-0.00|-0.05|-48710.00|3414.00|-22524.00|-298.00
66.89066886901855|0.08|-0.00|-0.00|0.00|0.00|0.00|-0.00|-0.00|-0.00|-0.00|-0.00|0.00|-0.00|0.00|0.00|0.00|0.00|0.01|-0.05|-0.00|-0.05|-48710.00|3414.00|-22524.00|-298.00
67.0502507686615|0.08|0.00|0.00|-0.00|0.00|0.00|-0.00|-0.00|-0.00|-0.00|-0.00|0.00|0.00|0.00|0.00|0.00|0.00|0.01|-0.05|-0.00|-0.05|-48710.00|3414.00|-22524.00|-298.00
67.21081900596619|0.08|-0.00|-0.00|-0.00|-0.00|0.00|-0.00|-0.00|-0.00|-0.00|-0.00|0.00|-0.00|0.00|0.00|0.00|0.00|0.00|-0.05|-0.00|-0.05|-48710.00|3414.00|-22524.00|-298.00
67.36630535125732|0.08|0.00|0.00|-0.00|0.00|0.00|-0.00|-0.00|-0.00|-0.00|0.00|0.00|-0.00|0.00|0.00|0.00|0.00|0.00|-0.05|-0.00|-0.05|-48710.00|3414.00|-22524.00|-298.00
67.52584791183472|0.07|-0.00|-0.00|0.00|-0.00|0.00|-0.00|-0.00|-0.00|-0.00|-0.00|0.00|-0.00|0.00|0.00|0.00|0.00|0.00|-0.05|-0.00|-0.05|-48710.00|3414.00|-22524.00|-298.00
67.6856005191803|0.08|-0.00|-0.00|-0.00|0.00|0.00|-0.00|-0.00|-0.00|-0.00|-0.00|0.00|-0.00|0.00|0.00|0.00|0.00|0.00|-0.05|-0.00|-0.05|-48710.00|3414.00|-22524.00|-298.00
67.8411922454834|0.08|0.00|-0.00|0.00|-0.00|0.00|-0.00|-0.00|-0.00|-0.00|-0.00|0.00|-0.00|0.00|0.00|0.00|0.00|0.00|-0.05|-0.00|-0.05|-48710.00|3414.00|-22524.00|-298.00
68.00077271461487|0.07|-0.00|-0.00|-0.00|-0.00|0.00|-0.00|-0.00|-0.00|-0.00|-0.00|0.00|-0.00|0.00|0.00|0.00|0.00|0.00|-0.05|-0.00|-0.05|-48710.00|3414.00|-22524.00|-298.00
68.16033744812012|0.08|0.00|-0.00|-0.00|-0.00|0.00|-0.00|-0.00|-0.00|-0.00|-0.00|0.00|-0.00|0.00|0.00|0.00|0.00|0.00|-0.05|-0.00|-0.05|-48710.00|3414.00|-22524.00|-298.00
68.31991410255432|0.08|0.00|0.00|0.00|-0.00|0.00|-0.00|-0.00|-0.00|-0.00|0.00|0.00|-0.00|0.00|0.00|0.00|0.00|0.00|-0.05|-0.00|-0.05|-48710.00|3414.00|-22524.00|-298.00
68.47650361061096|0.08|-0.00|-0.00|-0.00|0.00|0.00|-0.00|-0.00|-0.00|-0.00|-0.00|0.00|-0.00|0.00|0.00|0.00|0.00|0.00|-0.05|-0.00|-0.05|-48710.00|3414.00|-22524.00|-298.00
68.63606834411621|0.08|0.00|0.00|0.00|-0.00|0.00|-0.00|-0.00|-0.00|-0.00|0.00|0.00|-0.00|0.00|0.00|0.00|0.00|0.00|-0.05|-0.00|-0.05|-48710.00|3414.00|-22524.00|-298.00
68.79166030883789|0.07|0.00|-0.00|-0.00|-0.00|0.00|-0.00|-0.00|-0.00|-0.00|-0.00|0.00|-0.00|0.00|0.00|0.00|0.00|0.00|-0.05|-0.00|-0.05|-48710.00|3414.00|-22524.00|-298.00
68.94724774360657|0.08|0.00|0.00|0.00|0.00|0.00|-0.00|-0.00|-0.00|-0.00|0.00|0.00|0.00|0.00|0.00|0.00|0.00|0.00|-0.05|-0.00|-0.05|-48710.00|3414.00|-22524.00|-298.00
69.10682010650635|0.08|0.00|-0.00|0.00|-0.00|0.00|-0.00|-0.00|-0.00|-0.00|-0.00|0.00|-0.00|0.00|0.00|0.00|0.00|0.00|-0.05|-0.00|-0.05|-48710.00|3414.00|-22524.00|-298.00
69.26236033439636|0.08|-0.00|0.00|-0.00|0.00|0.00|-0.00|-0.00|-0.00|-0.00|0.00|0.00|-0.00|0.00|0.00|0.00|0.00|0.00|-0.05|-0.00|-0.05|-48710.00|3414.00|-22524.00|-298.00
69.42197942733765|0.08|0.00|-0.00|-0.00|-0.00|0.00|-0.00|-0.00|-0.00|-0.00|-0.00|0.00|-0.00|0.00|0.00|0.00|0.00|0.00|-0.05|-0.00|-0.05|-48710.00|3414.00|-22524.00|-298.00
69.5778157711029|0.08|0.00|-0.00|-0.00|0.00|0.00|-0.00|-0.00|-0.00|-0.00|-0.00|0.00|0.00|0.00|0.00|0.00|0.00|0.00|-0.05|-0.00|-0.05|-48710.00|3414.00|-22524.00|-298.00
69.73738527297974|0.08|-0.00|-0.00|0.00|-0.00|0.00|-0.00|-0.00|-0.00|-0.00|-0.00|0.00|-0.00|0.00|0.00|0.00|0.00|0.00|-0.05|-0.00|-0.05|-48710.00|3414.00|-22524.00|-298.00
69.89691853523254|0.08|-0.00|0.00|-0.00|-0.00|0.00|-0.00|-0.00|-0.00|-0.00|0.00|0.00|-0.00|0.00|0.00|0.00|0.00|0.00|-0.05|-0.00|-0.05|-48710.00|3414.00|-22524.00|-298.00
70.05722379684448|0.08|-0.00|-0.00|0.00|-0.00|0.00|-0.00|-0.00|-0.00|-0.00|-0.00|0.00|-0.00|0.00|0.00|0.00|0.00|0.00|-0.05|-0.00|-0.05|-48710.00|3414.00|-22524.00|-298.00
70.21280884742737|0.08|0.00|0.00|-0.00|0.00|0.00|-0.00|-0.00|-0.00|-0.00|-0.00|0.00|-0.00|0.00|0.00|0.00|0.00|0.00|-0.05|-0.00|-0.05|-48710.00|3414.00|-22524.00|-298.00
70.37237548828125|0.09|-0.00|-0.00|-0.00|0.00|0.00|-0.00|-0.00|-0.00|-0.00|-0.00|0.00|-0.00|0.00|0.00|-0.04|0.01|0.00|-0.05|-0.00|-0.05|-48710.00|3414.00|-22531.00|-296.00
70.53195643424988|0.07|-0.00|0.00|0.00|-0.00|0.00|-0.00|0.00|-0.00|-0.00|-0.00|0.00|-0.00|0.00|0.00|0.00|0.01|0.00|-0.05|-0.00|-0.05|-48710.00|3414.00|-22531.00|-295.00
70.6875479221344|0.08|-0.00|-0.00|-0.00|0.00|0.00|-0.00|0.00|-0.00|-0.00|-0.00|0.00|0.00|0.00|0.00|0.00|0.00|0.00|-0.05|-0.00|-0.05|-48710.00|3414.00|-22531.00|-295.00
70.84318661689758|0.08|0.00|0.00|0.00|-0.00|0.00|-0.00|0.00|-0.00|-0.00|-0.00|0.00|-0.00|0.00|0.00|0.00|0.00|0.00|-0.05|-0.00|-0.05|-48710.00|3414.00|-22531.00|-295.00
71.00274443626404|0.08|0.00|0.00|-0.00|-0.00|0.00|-0.00|0.00|-0.00|-0.00|-0.00|0.00|-0.00|0.00|0.00|0.00|0.00|0.00|-0.05|-0.00|-0.05|-48710.00|3414.00|-22531.00|-295.00
71.15926361083984|0.08|-0.00|-0.00|0.00|0.00|0.00|-0.00|0.00|-0.00|-0.00|-0.00|0.00|-0.00|0.00|0.00|0.00|0.00|0.00|-0.05|-0.00|-0.05|-48710.00|3414.00|-22531.00|-295.00
71.31445693969727|0.08|0.00|0.00|-0.00|-0.00|0.00|-0.00|0.00|-0.00|-0.00|0.00|0.00|-0.00|0.00|0.00|0.00|0.00|0.00|-0.05|-0.00|-0.05|-48710.00|3414.00|-22531.00|-295.00
71.47004890441895|0.08|0.00|-0.00|0.00|0.00|0.00|-0.00|0.00|-0.00|-0.00|0.00|0.00|0.00|0.00|0.00|0.00|0.00|0.00|-0.05|-0.00|-0.05|-48710.00|3414.00|-22531.00|-295.00
71.6296136379242|0.08|-0.00|-0.00|-0.00|-0.00|0.00|-0.00|0.00|-0.00|-0.00|-0.00|0.00|-0.00|0.00|0.00|0.00|0.00|0.00|-0.05|-0.00|-0.05|-48710.00|3414.00|-22531.00|-295.00
71.78123092651367|0.07|0.00|0.00|0.00|-0.00|0.00|-0.00|0.00|-0.00|0.00|0.00|0.00|-0.00|0.00|0.00|0.00|0.00|0.00|-0.05|-0.00|-0.05|-48710.00|3414.00|-22531.00|-295.00
71.94080471992493|0.07|-0.00|-0.00|-0.00|0.00|0.00|-0.00|0.00|-0.00|-0.00|-0.00|0.00|-0.00|0.00|0.00|0.00|0.00|0.00|-0.05|-0.00|-0.05|-48710.00|3414.00|-22531.00|-295.00
72.09640717506409|0.08|-0.00|0.00|0.00|0.00|0.00|-0.00|0.00|-0.00|-0.00|-0.00|0.00|-0.00|0.00|0.00|0.00|0.00|0.00|-0.05|-0.00|-0.05|-48710.00|3414.00|-22531.00|-295.00
72.25291895866394|0.08|0.00|0.00|-0.00|-0.00|0.00|-0.00|0.00|-0.00|-0.00|-0.00|0.00|-0.00|0.00|0.00|0.00|0.00|0.00|-0.05|-0.00|-0.05|-48710.00|3414.00|-22531.00|-295.00
72.41253304481506|0.08|0.00|-0.00|0.00|-0.00|0.00|-0.00|0.00|-0.00|-0.00|-0.00|0.00|-0.00|0.00|0.00|0.00|0.00|0.00|-0.05|-0.00|-0.05|-48710.00|3414.00|-22531.00|-295.00
72.56814217567444|0.08|0.00|0.00|-0.00|-0.00|0.00|-0.00|0.00|-0.00|-0.00|-0.00|0.00|-0.00|0.00|0.00|0.00|0.00|0.00|-0.05|-0.00|-0.05|-48710.00|3414.00|-22531.00|-295.00
72.72325325012207|0.08|0.00|-0.00|-0.00|0.00|0.00|-0.00|0.00|-0.00|-0.00|-0.00|0.00|0.00|0.00|0.00|0.00|0.00|0.00|-0.05|-0.00|-0.05|-48710.00|3414.00|-22531.00|-295.00
72.88282251358032|0.08|-0.00|0.00|0.00|-0.00|0.00|-0.00|0.00|-0.00|-0.00|0.00|0.00|-0.00|0.00|0.00|0.00|0.00|0.00|-0.05|-0.00|-0.05|-48710.00|3414.00|-22531.00|-295.00
73.03942966461182|0.07|-0.00|-0.00|-0.00|0.00|0.00|-0.00|0.00|-0.00|-0.00|-0.00|0.00|-0.00|0.00|0.00|0.00|0.00|0.00|-0.05|-0.00|-0.05|-48710.00|3414.00|-22531.00|-295.00
73.19499731063843|0.08|-0.00|0.00|-0.00|0.00|0.00|-0.00|0.00|-0.00|-0.00|-0.00|0.00|0.00|0.00|0.00|0.00|0.00|0.00|-0.05|-0.00|-0.05|-48710.00|3414.00|-22531.00|-295.00
73.35059404373169|0.07|0.00|0.00|0.00|-0.00|0.00|-0.00|0.00|-0.00|-0.00|0.00|0.00|-0.00|0.00|0.00|0.00|0.00|0.00|-0.05|-0.00|-0.05|-48710.00|3414.00|-22531.00|-295.00
73.50617003440857|0.08|0.00|-0.00|0.00|0.00|0.00|-0.00|0.00|-0.00|-0.00|-0.00|0.00|-0.00|0.00|0.00|0.00|0.00|0.00|-0.05|-0.00|-0.05|-48710.00|3414.00|-22531.00|-295.00
73.66574740409851|0.08|-0.00|-0.00|-0.00|-0.00|0.00|-0.00|0.00|-0.00|-0.00|-0.00|0.00|-0.00|0.00|0.00|0.00|0.00|0.00|-0.05|-0.00|-0.05|-48710.00|3414.00|-22531.00|-295.00
73.82133293151855|0.08|-0.00|0.00|0.00|0.00|0.00|-0.00|0.00|-0.00|-0.00|-0.00|0.00|-0.00|0.00|0.00|0.00|0.00|0.00|-0.05|-0.00|-0.05|-48710.00|3414.00|-22531.00|-295.00
73.97691750526428|0.08|0.00|0.00|0.00|0.00|0.00|-0.00|0.00|-0.00|-0.00|-0.00|0.00|-0.00|0.00|0.00|0.00|0.00|0.00|-0.05|-0.00|-0.05|-48710.00|3414.00|-22531.00|-295.00
74.13649010658264|0.08|-0.00|-0.00|-0.00|-0.00|0.00|-0.00|0.00|-0.00|-0.00|-0.00|0.00|-0.00|0.00|0.00|0.00|0.00|0.00|-0.05|-0.00|-0.05|-48710.00|3414.00|-22531.00|-295.00
74.29606914520264|0.08|-0.00|-0.00|-0.00|0.00|0.00|-0.00|0.00|-0.00|-0.00|-0.00|0.00|-0.00|0.00|0.00|0.00|0.00|0.00|-0.05|-0.00|-0.05|-48710.00|3414.00|-22531.00|-295.00
74.44766759872437|0.09|0.00|0.00|0.00|0.00|0.00|-0.00|0.00|-0.00|-0.00|-0.00|0.00|0.00|0.00|0.00|0.00|0.00|0.00|-0.05|-0.00|-0.05|-48710.00|3414.00|-22531.00|-295.00
74.60780835151672|0.08|0.00|-0.00|-0.00|-0.00|0.00|-0.00|0.00|-0.00|-0.00|-0.00|0.00|0.00|0.00|0.00|0.00|0.00|0.00|-0.05|-0.00|-0.05|-48710.00|3414.00|-22531.00|-295.00
74.76341032981873|0.08|0.00|-0.00|0.00|-0.00|0.00|-0.00|0.00|-0.00|-0.00|-0.00|0.00|0.00|0.00|0.00|0.00|0.00|0.00|-0.05|-0.00|-0.05|-48710.00|3414.00|-22531.00|-295.00
74.91892671585083|0.09|-0.00|0.00|-0.00|-0.00|0.00|-0.00|0.00|-0.00|-0.00|0.00|0.00|-0.00|0.00|0.00|0.00|0.00|0.00|-0.05|-0.00|-0.05|-48710.00|3414.00|-22531.00|-295.00
75.07863736152649|0.08|0.00|-0.00|-0.00|0.00|0.00|-0.00|0.00|-0.00|-0.00|-0.00|0.00|-0.00|0.00|0.00|0.00|0.00|0.00|-0.05|-0.00|-0.05|-48710.00|3414.00|-22531.00|-295.00
75.23411583900452|0.07|-0.00|0.00|-0.00|0.00|0.00|-0.00|0.00|-0.00|-0.00|0.00|0.00|0.00|0.00|0.00|0.00|0.00|0.00|-0.05|-0.00|-0.05|-48710.00|3414.00|-22531.00|-295.00
75.38635802268982|0.08|0.00|0.00|0.00|-0.00|0.00|-0.00|0.00|-0.00|-0.00|0.00|0.00|-0.00|0.00|0.00|0.00|0.00|0.00|-0.05|-0.00|-0.05|-48710.00|3414.00|-22531.00|-295.00
75.54592943191528|0.08|-0.00|0.00|-0.00|0.00|0.00|-0.00|0.00|-0.00|-0.00|0.00|0.00|-0.00|0.00|0.00|0.00|0.00|0.00|-0.05|-0.00|-0.05|-48710.00|3414.00|-22531.00|-295.00
75.70080518722534|0.08|0.00|-0.00|-0.00|-0.00|0.00|-0.00|0.00|-0.00|-0.00|-0.00|0.00|-0.00|0.00|0.00|0.00|0.00|0.00|-0.05|-0.00|-0.05|-48710.00|3414.00|-22531.00|-295.00
75.85640954971313|0.08|0.00|-0.00|0.00|0.00|0.00|-0.00|0.00|-0.00|-0.00|-0.00|0.00|0.00|0.00|0.00|0.00|0.00|0.00|-0.05|-0.00|-0.05|-48710.00|3414.00|-22531.00|-295.00
76.01204776763916|0.08|-0.00|0.00|0.00|-0.00|0.00|-0.00|0.00|-0.00|-0.00|0.00|0.00|0.00|0.00|0.00|0.00|0.00|0.00|-0.05|-0.00|-0.05|-48710.00|3414.00|-22531.00|-295.00
76.16853189468384|0.08|0.00|-0.00|0.00|-0.00|0.00|-0.00|0.00|-0.00|-0.00|-0.00|0.00|-0.00|0.00|0.00|0.00|0.00|0.00|-0.05|-0.00|-0.05|-48710.00|3414.00|-22531.00|-295.00
76.32821774482727|0.08|-0.00|-0.00|-0.00|-0.00|0.00|-0.00|0.00|-0.00|-0.00|-0.00|0.00|-0.00|0.00|0.00|0.00|0.00|0.00|-0.05|-0.00|-0.05|-48710.00|3414.00|-22531.00|-295.00
