0.00299072265625|84|03942.00|-1487.00|0.70|-0.30|0.74|0.45|0.58|0.75
0.1985156536102295|0.09|2.89|14.13|2.27|-1.01|-0.00|0.00|-0.00|0.00|0.74|1.65|-1.12|-1.11|0.00|0.00|0.00|0.01|-13.93|-35.31|40.07|-17.82|-20732.00|-885.00|53942.00|-1485.00|0.70|-0.31|0.74|0.45|0.59|0.74
0.3949775695800781|0.10|-4.76|-11.33|-2.42|4.26|-0.00|0.00|-0.00|0.00|-0.18|-0.52|-1.59|-0.29|1.43|-0.02|-0.03|0.03|-13.97|-35.41|39.76|-17.88|-20458.00|-889.00|53936.00|-1479.00|0.69|-0.31|0.75|0.45|0.57|0.76
0.5954549312591553|0.08|-18.54|-19.15|-0.54|14.13|0.01|0.00|-0.00|-0.00|-3.87|-4.34|-1.70|2.52|3.61|0.03|-0.04|0.00|-14.74|-36.27|39.42|-17.37|-19740.00|-884.00|53929.00|-1479.00|0.70|-0.33|0.73|0.44|0.58|0.76
0.7919199466705322|0.09|32.41|120.47|3.46|-12.47|-0.00|-0.00|-0.00|-0.00|2.58|19.64|-1.01|0.04|3.14|-0.14|-0.05|0.00|-14.22|-32.37|39.22|-17.37|-19115.00|-911.00|53919.00|-1479.00|0.68|-0.34|0.75|0.43|0.58|0.74
0.9933860301971436|0.08|-23.96|-78.43|-12.08|8.64|0.03|-0.00|-0.02|-0.00|-2.19|4.03|-3.41|1.76|9.73|-0.25|-4.34|-0.11|-14.66|-31.56|38.54|-17.02|-17178.00|-961.00|53056.00|-1501.00|0.64|-0.34|0.81|0.44|0.58|0.74
1.1938414573669434|0.09|-5.41|-24.32|8.09|4.01|-0.01|0.00|-0.03|0.00|-3.28|-0.86|-1.79|2.56|7.40|-0.19|-9.40|0.12|-15.32|-31.74|38.18|-16.50|-15691.00|-1000.00|51167.00|-1477.00|0.64|-0.35|0.78|0.43|0.59|0.77
1.3903334140777588|0.10|1.70|1.73|1.28|-22.17|-0.04|0.00|0.04|-0.00|-2.94|-0.51|-1.53|-1.83|0.02|-0.03|-2.18|0.08|-15.90|-31.84|37.88|-16.86|-15688.00|-1005.00|50736.00|-1462.00|0.64|-0.35|0.78|0.42|0.58|0.75
1.5868041515350342|0.10|24.35|9.14|8.77|52.72|-0.00|0.00|-0.01|0.00|1.86|1.29|0.19|8.56|-0.01|-0.02|-4.49|0.26|-15.53|-31.58|37.92|-15.18|-15690.00|-1008.00|49852.00|-1411.00|0.63|-0.36|0.78|0.42|0.59|0.76
1.7872645854949951|0.09|-14.89|37.88|-11.88|42.03|-0.01|-0.00|0.02|0.00|-1.05|8.67|-2.12|16.76|-2.22|-0.29|-0.57|0.64|-15.74|-29.89|37.50|-11.91|-16122.00|-1065.00|49741.00|-1286.00|0.65|-0.36|0.78|0.34|0.62|0.78
1.9886870384216309|0.11|-68.37|69.47|9.19|78.85|-0.01|-0.00|0.01|-0.00|-14.86|22.71|-0.27|32.68|-3.75|-0.55|1.72|0.33|-18.74|-25.31|37.45|-5.31|-16880.00|-1177.00|50089.00|-1220.00|0.47|-0.40|0.85|0.38|0.72|0.77
2.193188190460205|0.12|100.23|-159.64|-15.92|-222.71|0.01|0.00|0.14|-0.00|5.19|-9.22|-3.45|-11.86|-1.99|0.21|29.82|-0.25|-17.70|-27.15|36.76|-7.68|-17278.00|-1135.00|56052.00|-1269.00|0.55|-0.44|0.80|0.27|0.59|0.83
2.3976683616638184|0.12|-3.06|65.16|-114.80|-27.78|-0.06|-0.00|-0.04|0.00|4.56|4.13|-26.98|-17.55|-14.93|-0.26|20.66|0.37|-16.76|-26.30|31.23|-11.28|-20339.00|-1188.00|60288.00|-1194.00|0.54|-0.45|0.81|0.27|0.59|0.84
2.6030917167663574|0.12|-54.17|35.23|76.81|70.03|0.02|0.00|-0.10|-0.00|-6.60|11.39|-11.16|-3.13|-11.38|0.32|-0.08|0.01|-18.12|-23.96|28.93|-11.92|-22683.00|-1123.00|60271.00|-1191.00|0.47|-0.45|0.82|0.37|0.48|0.84
2.807579517364502|0.10|-4.99|21.50|-81.38|-138.57|0.05|-0.00|0.01|0.00|-7.61|15.76|-27.68|-31.26|-0.40|0.27|1.47|0.55|-19.67|-20.76|23.31|-18.27|-22764.00|-1068.00|60570.00|-1080.00|0.49|-0.47|0.82|0.38|0.46|0.86
3.007997512817383|0.12|46.26|-113.25|135.76|148.20|-0.01|0.00|0.01|-0.00|1.78|-7.23|-0.12|-1.17|-2.01|1.21|3.91|0.05|-19.31|-22.23|23.29|-18.50|-23172.00|-823.00|61363.00|-1069.00|0.37|-0.56|0.84|0.41|0.43|0.87
3.208494186401367|0.10|78.55|22.12|-22.26|-80.23|-0.11|-0.01|-0.03|0.00|17.49|-2.81|-4.57|-17.22|-23.77|0.00|-2.44|0.49|-15.81|-22.79|22.37|-21.95|-27926.00|-823.00|60874.00|-972.00|0.44|-0.49|0.84|0.43|0.42|0.86
3.4098880290985107|0.11|-105.13|63.17|18.91|44.79|0.10|-0.01|0.01|-0.00|-3.85|10.02|-0.73|-8.13|-4.29|-0.02|-0.32|0.00|-16.59|-20.76|22.22|-23.60|-28797.00|-827.00|60810.00|-972.00|0.39|-0.49|0.86|0.49|0.39|0.85
3.6104257106781006|0.13|10.89|-70.11|49.09|36.58|0.02|0.00|-0.00|-0.00|-1.66|-4.08|9.13|-0.77|-0.05|0.09|-0.85|-0.01|-16.93|-21.58|24.06|-23.75|-28807.00|-809.00|60640.00|-975.00|0.44|-0.47|0.84|0.50|0.39|0.83
3.806865692138672|0.10|-55.19|-10.86|0.66|-5.82|0.00|0.00|-0.02|0.00|-12.59|-6.23|9.26|-1.93|-0.01|0.11|-4.60|0.09|-19.42|-22.81|25.89|-24.13|-28808.00|-788.00|59729.00|-957.00|0.40|-0.51|0.83|0.50|0.45|0.81
4.003302335739136|0.09|22.44|-8.34|-41.36|6.12|-0.00|-0.00|0.02|-0.00|-8.15|-7.88|1.07|-0.71|-0.02|0.07|-1.10|0.05|-21.03|-24.37|26.10|-24.28|-28812.00|-775.00|59511.00|-948.00|0.48|-0.50|0.82|0.51|0.45|0.82
4.203867435455322|0.12|23.98|-4.28|-15.62|14.32|0.01|0.00|-0.06|-0.00|-3.40|-8.73|-2.02|2.12|1.85|0.24|-12.42|-0.12|-21.71|-26.10|25.70|-23.86|-28446.00|-728.00|57051.00|-972.00|0.49|-0.53|0.77|0.50|0.44|0.80
4.396285533905029|0.11|9.37|45.14|-1.15|6.71|0.04|-0.00|0.04|0.00|-1.55|0.21|-2.25|3.45|10.25|-0.23|-4.22|0.23|-22.01|-26.06|25.26|-23.17|-26416.00|-774.00|56215.00|-927.00|0.54|-0.51|0.77|0.47|0.47|0.81
4.597763299942017|0.09|21.06|-25.85|-16.18|-11.95|-0.05|0.00|0.02|-0.00|2.54|-4.81|-5.39|1.13|1.01|-0.02|0.24|-0.07|-21.52|-26.99|24.21|-22.95|-26220.00|-778.00|56261.00|-941.00|0.53|-0.52|0.76|0.47|0.45|0.83
4.790257692337036|0.11|-28.12|8.96|36.47|9.07|-0.05|0.00|0.01|-0.00|-3.03|-3.03|1.83|2.92|-8.03|0.07|2.19|-0.09|-22.12|-27.59|24.58|-22.38|-27809.00|-765.00|56695.00|-959.00|0.54|-0.52|0.75|0.46|0.43|0.82
4.986725568771362|0.11|23.64|-11.46|-7.04|-19.17|0.04|0.00|-0.01|0.00|1.58|-5.27|0.46|-0.81|0.08|0.11|0.00|-0.01|-21.81|-28.62|24.67|-22.53|-27794.00|-744.00|56695.00|-961.00|0.55|-0.51|0.75|0.46|0.44|0.84
5.183204412460327|0.12|-12.26|27.56|5.70|16.35|-0.00|0.00|-0.01|-0.00|-0.82|0.14|1.58|2.39|-0.17|0.28|0.04|-0.05|-21.97|-28.59|24.97|-22.07|-27828.00|-689.00|56703.00|-970.00|0.59|-0.48|0.75|0.46|0.45|0.84
5.371704816818237|0.09|6.40|7.13|-4.51|-7.46|0.00|-0.00|-0.00|0.00|0.43|1.53|0.70|0.94|0.02|0.08|0.02|0.00|-21.89|-28.29|25.11|-21.88|-27825.00|-674.00|56706.00|-970.00|0.58|-0.48|0.75|0.45|0.46|0.83
5.56815767288208|0.09|-1.47|-8.06|18.35|-23.48|-0.00|-0.00|-0.00|0.00|0.15|0.00|4.16|-3.50|0.01|0.03|0.00|0.00|-21.86|-28.29|25.90|-22.54|-27823.00|-668.00|56706.00|-970.00|0.57|-0.49|0.75|0.45|0.45|0.83
5.764598369598389|0.12|-12.04|38.99|-7.74|17.68|-0.03|-0.00|-0.00|0.00|-2.19|7.57|2.66|-0.07|-6.10|-0.02|10.21|0.13|-22.28|-26.82|26.41|-22.56|-29007.00|-671.00|58686.00|-945.00|0.59|-0.51|0.76|0.46|0.47|0.83
5.9651007652282715|0.11|9.61|5.27|-12.72|-16.37|-0.11|-0.00|0.02|0.00|-0.27|8.62|0.13|-3.33|-27.03|-0.26|13.21|0.19|-22.34|-25.11|26.44|-23.22|-34386.00|-723.00|61314.00|-907.00|0.54|-0.50|0.76|0.46|0.46|0.82
6.1616833209991455|0.12|2.65|-51.11|19.27|9.83|0.05|0.00|0.06|-0.00|0.25|-1.45|3.93|-1.39|-17.89|-0.07|25.83|-0.16|-22.29|-25.39|27.21|-23.49|-37911.00|-737.00|66402.00|-939.00|0.50|-0.52|0.77|0.48|0.48|0.80
6.3550660610198975|0.10|2.12|26.13|16.75|39.96|-0.17|-0.00|-0.01|0.00|0.67|3.69|7.23|6.48|-51.94|-0.55|23.89|0.14|-22.16|-24.67|28.64|-22.22|-48143.00|-845.00|71108.00|-911.00|0.54|-0.49|0.77|0.46|0.48|0.80
6.551542282104492|0.11|-14.85|62.95|3.07|13.73|0.22|0.00|-0.04|0.00|-2.24|16.03|7.83|9.17|-9.51|-0.46|16.73|0.31|-22.60|-21.52|30.17|-20.42|-50006.00|-936.00|74387.00|-851.00|0.46|-0.53|0.80|0.44|0.51|0.80
6.748017311096191|0.12|3.17|-54.54|-9.09|-41.69|0.05|0.00|-0.06|-0.00|-1.63|5.40|6.05|1.04|0.01|0.14|5.62|0.14|-22.92|-20.47|31.35|-20.22|-50005.00|-909.00|75482.00|-823.00|0.43|-0.55|0.79|0.43|0.53|0.80
6.94449782371521|0.10|7.44|-36.12|-34.84|-17.88|0.00|-0.00|-0.03|-0.00|-0.18|-1.61|-0.71|-2.43|0.01|0.05|-0.03|0.05|-22.95|-20.78|31.22|-20.69|-50004.00|-900.00|75477.00|-814.00|0.43|-0.56|0.80|0.43|0.54|0.79
7.144963026046753|0.10|-0.78|-5.55|-2.91|8.84|-0.00|-0.00|-0.02|-0.00|-0.34|-2.71|-1.28|-0.67|0.01|0.00|-4.48|-0.15|-23.02|-21.32|30.96|-20.82|-50003.00|-900.00|74585.00|-844.00|0.44|-0.55|0.79|0.42|0.55|0.79
7.341444730758667|0.10|-1.13|27.14|6.16|16.04|-0.00|-0.00|-0.00|0.00|-0.56|2.69|-0.06|2.52|0.00|0.00|-4.66|-0.13|-23.13|-20.79|30.95|-20.32|-50003.00|-900.00|73658.00|-869.00|0.43|-0.56|0.79|0.41|0.55|0.79
7.537911891937256|0.10|2.16|-30.12|-0.96|6.61|-0.00|-0.00|-0.02|-0.00|-0.14|-3.22|-0.25|3.82|0.04|-0.29|-8.06|-0.33|-23.16|-21.42|30.90|-19.57|-49995.00|-957.00|72079.00|-934.00|0.43|-0.56|0.79|0.40|0.55|0.79
7.734471559524536|0.08|5.74|-8.10|-2.99|-15.37|-0.00|0.00|0.01|0.00|1.00|-4.82|-0.84|0.78|0.00|0.13|-6.63|-0.15|-22.96|-22.37|30.73|-19.42|-49995.00|-931.00|70767.00|-964.00|0.46|-0.55|0.79|0.40|0.55|0.80
7.930872201919556|0.09|-8.31|32.35|1.25|-4.59|-0.00|-0.00|0.01|0.00|-0.62|1.49|-0.60|-0.12|0.00|-0.09|-4.66|0.09|-23.08|-22.08|30.62|-19.44|-49995.00|-949.00|69859.00|-946.00|0.47|-0.55|0.79|0.40|0.55|0.80
8.120358943939209|0.10|4.22|-6.14|1.10|3.50|-0.00|0.00|0.00|-0.00|0.20|0.29|-0.38|0.56|0.07|-0.06|-3.93|0.01|-23.04|-22.03|30.54|-19.33|-49981.00|-960.00|69092.00|-945.00|0.45|-0.55|0.78|0.40|0.55|0.79
8.312827587127686|0.12|-2.90|-0.94|1.64|-1.57|0.04|0.00|0.01|0.00|-0.36|0.11|-0.07|0.26|8.59|0.13|-1.29|0.05|-23.11|-22.01|30.53|-19.28|-48332.00|-935.00|68844.00|-935.00|0.48|-0.53|0.78|0.40|0.55|0.80
8.509310483932495|0.09|-6.05|49.83|-2.84|5.68|-0.00|-0.00|-0.01|0.00|-1.51|9.63|-0.61|1.35|8.43|0.02|-3.94|0.08|-23.40|-20.17|30.41|-19.02|-46721.00|-932.00|68091.00|-920.00|0.43|-0.56|0.80|0.39|0.55|0.79
8.705744743347168|0.09|-2.19|-12.36|0.78|-12.30|-0.03|0.00|0.02|-0.00|-1.94|7.23|-0.46|-1.04|2.73|0.19|-0.14|-0.03|-23.77|-18.76|30.32|-19.22|-46192.00|-896.00|68064.00|-925.00|0.41|-0.57|0.80|0.40|0.55|0.80
8.902265548706055|0.12|2.55|5.55|-0.65|2.63|-0.01|-0.00|-0.00|-0.00|-1.43|8.33|-0.59|-0.52|0.17|0.00|-1.09|-0.05|-24.06|-17.12|30.21|-19.33|-46158.00|-896.00|67848.00|-934.00|0.38|-0.58|0.80|0.40|0.55|0.81
9.094797372817993|0.11|4.16|-28.36|0.31|2.69|0.01|-0.00|0.00|0.00|-0.62|2.80|-0.53|0.01|2.71|-0.08|-0.82|0.05|-24.18|-16.57|30.11|-19.33|-45629.00|-911.00|67689.00|-925.00|0.37|-0.58|0.82|0.40|0.55|0.80
9.291234493255615|0.12|-0.15|-7.78|4.64|-12.49|-0.00|0.00|-0.00|-0.00|-0.65|1.30|0.37|-2.40|2.68|-0.03|-0.95|0.04|-24.31|-16.32|30.18|-19.79|-45112.00|-917.00|67506.00|-917.00|0.35|-0.58|0.81|0.41|0.55|0.79
9.483712673187256|0.09|5.48|-43.16|-4.77|7.06|0.02|0.00|0.00|-0.00|0.42|-7.16|-0.57|-1.02|7.30|0.01|-0.26|0.03|-24.22|-17.72|30.07|-19.99|-43682.00|-916.00|67455.00|-911.00|0.38|-0.60|0.81|0.41|0.55|0.80
9.680292129516602|0.12|-3.00|-6.26|1.74|1.34|0.10|-0.00|0.00|-0.00|-0.16|-8.38|-0.23|-0.76|27.08|-0.05|-0.02|0.00|-24.25|-19.35|30.02|-20.14|-38428.00|-925.00|67451.00|-911.00|0.40|-0.60|0.80|0.42|0.54|0.78
9.87267541885376|0.10|1.04|33.10|-2.52|10.11|-0.07|0.00|0.00|-0.00|0.05|-1.89|-0.72|1.22|14.12|0.22|0.00|0.00|-24.24|-19.72|29.88|-19.90|-35660.00|-881.00|67451.00|-911.00|0.45|-0.54|0.79|0.41|0.55|0.78
10.069149255752563|0.09|-2.31|16.19|2.63|-9.88|-0.05|-0.00|0.00|-0.00|-0.40|1.25|-0.21|-0.69|4.91|0.05|0.00|0.00|-24.32|-19.47|29.84|-20.03|-34707.00|-871.00|67451.00|-911.00|0.45|-0.55|0.80|0.41|0.54|0.79
10.266618967056274|0.09|5.12|-21.34|-2.19|10.89|-0.01|-0.00|0.00|-0.00|0.60|-2.91|-0.64|1.43|3.86|-0.01|0.00|0.00|-24.21|-20.04|29.71|-19.75|-33955.00|-873.00|67451.00|-911.00|0.47|-0.55|0.80|0.41|0.55|0.80
10.462108135223389|0.10|10.90|-23.55|-0.32|-16.61|0.01|0.00|0.00|-0.00|2.72|-7.50|-0.70|-1.81|5.38|0.22|0.00|0.00|-23.68|-21.50|29.58|-20.10|-32905.00|-830.00|67451.00|-911.00|0.51|-0.51|0.77|0.41|0.55|0.79
10.65555477142334|0.12|-10.66|28.07|1.15|11.47|0.00|0.00|0.00|-0.00|0.63|-2.00|-0.48|0.44|6.18|0.22|0.00|0.00|-23.55|-21.90|29.48|-20.02|-31693.00|-786.00|67451.00|-911.00|0.53|-0.50|0.77|0.42|0.55|0.79
10.84705901145935|0.10|0.12|1.22|1.50|-4.78|-0.03|-0.00|0.00|-0.00|0.65|-1.76|-0.19|-0.48|0.27|0.11|0.00|0.00|-23.43|-22.23|29.45|-20.11|-31642.00|-764.00|67451.00|-911.00|0.53|-0.51|0.78|0.42|0.55|0.79
11.04057264328003|0.09|4.10|-18.29|-0.40|1.55|-0.00|-0.00|0.00|-0.00|1.45|-5.29|-0.27|-0.18|0.07|0.02|2.91|0.02|-23.15|-23.26|29.40|-20.14|-31628.00|-760.00|68013.00|-907.00|0.55|-0.51|0.75|0.42|0.55|0.80
11.233037233352661|0.11|-4.04|33.76|0.15|3.80|-0.00|0.00|0.01|0.00|0.66|1.26|-0.24|0.56|-0.07|0.05|4.23|0.04|-23.02|-23.01|29.35|-20.04|-31642.00|-750.00|68833.00|-899.00|0.54|-0.51|0.75|0.40|0.54|0.79
11.425507545471191|0.11|-2.29|13.04|3.56|-2.87|-0.00|-0.00|-0.02|-0.00|0.23|3.73|0.44|0.01|-0.17|0.00|0.18|-0.16|-22.98|-22.30|29.43|-20.03|-31674.00|-750.00|68867.00|-930.00|0.52|-0.52|0.77|0.41|0.55|0.79
11.6259925365448|0.12|-0.12|15.37|-4.55|-7.49|-0.07|-0.00|-0.00|0.00|0.20|6.72|-0.44|-1.44|-14.45|0.05|-0.08|0.05|-22.94|-21.00|29.35|-20.31|-34478.00|-740.00|68851.00|-920.00|0.49|-0.53|0.79|0.43|0.54|0.79
11.822473049163818|0.11|-3.28|-8.11|1.30|5.54|0.07|-0.00|0.00|-0.00|-0.44|5.11|-0.19|-0.35|-0.15|-0.14|-0.03|-0.01|-23.02|-19.99|29.31|-20.38|-34508.00|-767.00|68845.00|-921.00|0.48|-0.54|0.78|0.43|0.55|0.77
12.014955520629883|0.10|-1.64|-10.93|0.16|4.64|0.00|0.00|0.00|0.00|-0.77|2.96|-0.16|0.57|-0.10|-0.09|0.00|0.00|-23.18|-19.41|29.28|-20.27|-34527.00|-785.00|68845.00|-921.00|0.46|-0.54|0.79|0.42|0.54|0.78
12.20742654800415|0.09|4.14|-26.79|-1.41|-10.34|0.00|0.00|0.00|0.00|0.03|-2.19|-0.43|-1.42|0.00|0.01|-0.88|0.19|-23.17|-19.83|29.20|-20.54|-34527.00|-784.00|68676.00|-884.00|0.47|-0.54|0.78|0.42|0.54|0.78
12.400000095367432|0.10|0.34|11.61|-0.73|5.50|0.00|0.00|-0.01|0.00|0.09|0.08|-0.57|-0.34|-0.04|0.07|-2.44|0.30|-23.15|-19.81|29.09|-20.61|-34535.00|-770.00|68201.00|-826.00|0.47|-0.54|0.78|0.43|0.54|0.79
12.596394062042236|0.12|-1.02|-1.59|0.92|1.78|0.00|-0.00|0.00|-0.00|-0.10|-0.23|-0.39|-0.00|-0.01|0.00|-2.32|0.00|-23.17|-19.85|29.01|-20.61|-34537.00|-770.00|67755.00|-826.00|0.46|-0.54|0.79|0.42|0.55|0.79
12.788887023925781|0.09|-2.03|1.98|-0.06|3.86|0.00|-0.00|-0.01|-0.00|-0.50|0.16|-0.41|0.76|0.00|0.05|-3.53|0.00|-23.27|-19.82|28.93|-20.46|-34537.00|-760.00|67064.00|-826.00|0.47|-0.54|0.79|0.44|0.55|0.78
12.986353635787964|0.10|3.36|-6.48|-0.52|-4.23|0.00|-0.00|0.02|-0.00|0.15|-1.09|-0.51|-0.06|-0.01|0.01|-0.06|-0.01|-23.24|-20.03|28.83|-20.47|-34538.00|-759.00|67053.00|-827.00|0.48|-0.53|0.79|0.43|0.55|0.78
13.17786955833435|0.11|0.71|-7.30|2.17|-1.45|0.00|-0.00|0.00|0.00|0.29|-2.53|-0.08|-0.35|0.01|-0.05|0.01|0.00|-23.18|-20.53|28.82|-20.54|-34536.00|-768.00|67054.00|-827.00|0.48|-0.53|0.79|0.43|0.54|0.79
13.37035322189331|0.11|0.33|3.62|-2.76|2.70|-0.00|0.00|-0.00|0.00|0.35|-1.83|-0.61|0.17|0.00|0.00|-0.01|-0.02|-23.12|-20.88|28.70|-20.51|-34536.00|-768.00|67053.00|-830.00|0.50|-0.55|0.76|0.44|0.54|0.78
13.566792964935303|0.11|7.47|-32.76|0.31|-0.48|-0.00|0.00|0.01|-0.00|1.79|-8.12|-0.55|0.08|0.03|0.00|1.78|-0.12|-22.77|-22.44|28.60|-20.49|-34531.00|-768.00|67395.00|-853.00|0.53|-0.50|0.78|0.44|0.54|0.78
13.764328241348267|0.10|-4.28|24.12|-0.20|-10.45|-0.00|0.00|0.02|0.00|0.96|-3.47|-0.59|-1.94|-0.04|0.15|6.11|-0.01|-22.59|-23.11|28.48|-20.87|-34538.00|-739.00|68575.00|-855.00|0.54|-0.50|0.76|0.43|0.54|0.77
13.95672345161438|0.11|-3.21|12.10|1.81|10.45|0.00|-0.00|-0.02|0.00|0.33|-1.08|-0.23|0.12|-0.01|0.04|1.55|0.21|-22.52|-23.33|28.44|-20.84|-34540.00|-732.00|68880.00|-814.00|0.55|-0.50|0.76|0.41|0.55|0.78
14.157214403152466|0.11|0.25|12.16|-5.64|-15.74|-0.00|-0.00|-0.01|-0.00|0.38|1.27|-1.33|-2.93|-0.05|-0.04|0.48|-0.14|-22.45|-23.08|28.18|-21.41|-34550.00|-739.00|68974.00|-841.00|0.56|-0.50|0.76|0.44|0.55|0.77
14.349716901779175|0.10|0.09|32.22|3.10|10.01|-0.05|-0.00|0.05|0.00|0.40|7.65|-0.71|-0.95|-9.89|-0.06|10.54|-0.09|-22.37|-21.56|28.04|-21.60|-36509.00|-751.00|71061.00|-859.00|0.51|-0.51|0.76|0.44|0.54|0.78
14.546191930770874|0.12|-1.73|-33.92|8.70|-0.47|0.05|-0.00|-0.04|0.00|0.06|1.00|0.99|-1.04|-0.06|-0.06|2.01|0.07|-22.36|-21.37|28.23|-21.80|-36520.00|-763.00|71455.00|-845.00|0.50|-0.51|0.77|0.46|0.54|0.77
14.743431091308594|0.11|-1.68|-6.70|-7.39|-2.52|0.00|-0.00|-0.01|-0.00|-0.27|-0.29|-0.44|-1.53|0.01|-0.11|-0.01|0.02|-22.41|-21.42|28.15|-22.10|-36519.00|-785.00|71454.00|-842.00|0.49|-0.53|0.77|0.46|0.54|0.77
14.943927526473999|0.10|-1.08|14.56|0.58|-10.04|-0.00|-0.00|0.03|-0.00|-0.48|2.60|-0.32|-3.53|-0.10|-0.16|5.49|-0.09|-22.51|-20.91|28.08|-22.80|-36538.00|-817.00|72546.00|-860.00|0.50|-0.54|0.77|0.46|0.54|0.76
15.136409759521484|0.09|0.99|-8.62|1.05|13.98|0.00|0.00|-0.02|0.00|-0.29|0.89|-0.11|-0.75|0.00|-0.01|2.30|0.05|-22.56|-20.73|28.06|-22.95|-36538.00|-818.00|73004.00|-850.00|0.49|-0.53|0.78|0.47|0.53|0.76
15.332993268966675|0.10|-0.69|-28.56|-1.47|8.98|0.00|-0.00|-0.01|-0.00|-0.42|-4.60|-0.40|0.98|1.02|-0.09|0.05|0.02|-22.65|-21.61|27.98|-22.76|-36343.00|-836.00|73014.00|-846.00|0.48|-0.53|0.78|0.47|0.54|0.77
15.525442123413086|0.10|3.37|19.95|0.31|-4.80|0.02|0.00|0.01|-0.00|0.25|-0.67|-0.34|0.03|5.48|0.06|1.11|-0.03|-22.60|-21.74|27.92|-22.76|-35264.00|-825.00|73232.00|-851.00|0.50|-0.53|0.78|0.47|0.53|0.77
15.717867612838745|0.11|-0.78|8.06|2.32|10.48|-0.00|-0.00|-0.00|0.00|0.10|0.87|0.11|2.03|5.38|-0.04|0.67|-0.02|-22.58|-21.58|27.94|-22.37|-34237.00|-832.00|73360.00|-855.00|0.48|-0.53|0.78|0.46|0.54|0.77
15.914334058761597|0.12|8.44|-15.36|-5.97|-12.37|0.10|0.00|0.00|0.00|1.73|-2.09|-1.05|-0.36|24.85|-0.02|1.03|0.04|-22.25|-21.98|27.74|-22.44|-29441.00|-835.00|73558.00|-847.00|0.49|-0.53|0.75|0.45|0.54|0.78
16.110825061798096|0.12|-9.54|7.22|3.54|-2.15|-0.06|0.00|-0.01|-0.00|-0.13|-0.68|-0.36|-0.77|12.75|0.07|0.00|0.00|-22.27|-22.11|27.67|-22.59|-26954.00|-821.00|73558.00|-847.00|0.51|-0.53|0.76|0.47|0.54|0.78
16.303412437438965|0.11|0.32|3.99|-0.08|4.07|-0.06|-0.00|-0.01|-0.00|-0.07|0.10|-0.37|0.02|0.13|0.04|0.01|-0.01|-22.29|-22.09|27.59|-22.58|-26928.00|-813.00|73559.00|-848.00|0.51|-0.52|0.78|0.46|0.54|0.77
16.495795488357544|0.11|2.48|-11.65|-2.21|-9.41|0.00|0.00|-0.00|0.00|0.40|-2.14|-0.80|-1.78|0.53|0.05|0.00|0.00|-22.21|-22.50|27.44|-22.93|-26826.00|-803.00|73559.00|-848.00|0.51|-0.52|0.77|0.47|0.53|0.76
16.69236445426941|0.11|0.00|-0.93|-0.65|-0.57|-0.00|0.00|-0.00|0.00|0.40|-2.32|-0.92|-1.89|0.07|0.10|0.02|-0.01|-22.13|-22.95|27.26|-23.29|-26813.00|-784.00|73562.00|-849.00|0.52|-0.50|0.78|0.48|0.53|0.77
16.884798288345337|0.12|-0.92|8.40|6.09|3.97|-0.00|-0.00|0.02|0.00|0.23|-0.68|0.27|-1.12|-0.02|-0.09|3.56|0.07|-22.09|-23.09|27.31|-23.51|-26817.00|-802.00|74256.00|-835.00|0.57|-0.55|0.85|0.50|0.53|0.77
17.073253393173218|0.10|-0.37|3.74|-3.73|10.95|0.00|0.00|0.01|0.00|0.15|0.04|-0.45|0.98|0.00|0.01|5.91|0.24|-22.06|-23.08|27.23|-23.32|-26817.00|-801.00|75390.00|-788.00|0.54|-0.50|0.76|0.48|0.53|0.77
17.269726037979126|0.11|-0.04|-4.42|-0.18|-6.79|0.00|0.00|-0.03|-0.00|0.15|-0.80|-0.48|-0.31|-0.02|0.19|0.10|-0.01|-22.03|-23.23|27.14|-23.38|-26820.00|-764.00|75409.00|-789.00|0.54|-0.50|0.76|0.47|0.53|0.77
17.462218284606934|0.11|-0.62|9.28|-0.06|6.14|0.00|-0.00|-0.00|0.00|0.03|1.02|-0.50|0.89|0.01|0.09|0.00|0.00|-22.02|-23.03|27.04|-23.21|-26818.00|-747.00|75409.00|-789.00|0.53|-0.51|0.77|0.48|0.54|0.77
17.65871500968933|0.09|-1.20|-11.76|1.68|-3.69|-0.00|-0.00|-0.00|0.00|-0.20|-1.23|-0.18|0.19|0.00|-0.04|-0.01|-0.01|-22.06|-23.27|27.01|-23.17|-26818.00|-755.00|75407.00|-790.00|0.53|-0.51|0.76|0.48|0.53|0.77
17.856115102767944|0.12|9.11|-10.80|-1.80|-6.09|-0.00|-0.00|-0.00|0.00|1.60|-3.37|-0.53|-1.02|0.04|-0.45|-0.04|0.00|-21.74|-23.94|26.90|-23.37|-26811.00|-844.00|75400.00|-790.00|0.54|-0.50|0.76|0.47|0.53|0.77
18.04763650894165|0.09|-6.54|7.61|3.59|14.32|-0.00|0.00|-0.00|0.00|0.31|-1.86|0.18|1.82|0.02|-0.11|-0.13|0.01|-21.68|-24.30|26.94|-23.01|-26808.00|-865.00|75375.00|-788.00|0.56|-0.50|0.76|0.47|0.54|0.77
18.245129585266113|0.12|2.09|11.81|-2.95|-2.65|-0.00|0.00|0.00|-0.00|0.71|0.41|-0.39|1.31|-0.26|0.01|-0.06|0.00|-21.55|-24.23|26.86|-22.76|-26858.00|-864.00|75363.00|-788.00|0.56|-0.50|0.76|0.46|0.53|0.77
18.441587448120117|0.09|-2.03|0.24|1.96|-7.01|-0.02|-0.00|-0.00|-0.00|0.32|0.45|-0.01|-0.05|-4.83|-0.01|-0.40|-0.05|-21.49|-24.14|26.86|-22.77|-27795.00|-866.00|75286.00|-798.00|0.56|-0.48|0.75|0.47|0.54|0.77
18.63406991958618|0.11|-1.80|-1.25|-0.53|-0.19|0.01|0.00|0.00|0.00|-0.04|0.21|-0.11|-0.09|-2.33|0.01|0.29|0.10|-21.49|-24.10|26.84|-22.79|-28256.00|-864.00|75343.00|-779.00|0.56|-0.50|0.75|0.47|0.54|0.76
18.830559730529785|0.09|-1.42|2.70|-0.06|1.74|0.01|0.00|-0.00|-0.00|-0.31|0.72|-0.12|0.25|-0.26|0.06|-0.02|0.00|-21.55|-23.96|26.81|-22.74|-28305.00|-852.00|75339.00|-779.00|0.56|-0.50|0.75|0.47|0.54|0.77
19.027037382125854|0.11|1.53|-9.94|-1.49|-9.89|0.00|-0.00|0.00|-0.00|-0.02|-1.21|-0.41|-1.67|-0.21|0.05|-0.01|0.02|-21.56|-24.19|26.73|-23.07|-28346.00|-842.00|75337.00|-776.00|0.56|-0.50|0.75|0.47|0.54|0.77
19.219475746154785|0.09|-0.39|4.85|0.62|5.41|0.00|-0.00|0.00|-0.00|-0.09|-0.26|-0.29|-0.61|-0.03|-0.01|0.00|0.00|-21.58|-24.24|26.68|-23.19|-28351.00|-844.00|75337.00|-776.00|0.56|-0.49|0.75|0.47|0.54|0.77
19.416027784347534|0.11|1.16|-4.34|-3.98|-12.56|0.00|0.00|0.00|-0.00|0.13|-1.10|-1.07|-3.06|-0.02|0.00|0.00|0.00|-21.55|-24.46|26.47|-23.78|-28355.00|-844.00|75337.00|-776.00|0.56|-0.50|0.74|0.49|0.53|0.77
19.6084988117218|0.11|4.02|-3.89|4.22|32.51|-0.00|0.00|0.00|-0.00|0.91|-1.86|-0.25|3.24|-0.13|0.08|0.07|0.01|-21.37|-24.82|26.42|-23.16|-28381.00|-829.00|75350.00|-775.00|0.58|-0.49|0.74|0.49|0.52|0.77
19.804952144622803|0.12|-6.75|27.26|0.93|-14.37|-0.01|-0.00|-0.00|-0.00|-0.39|3.41|-0.07|0.47|-3.02|-0.06|0.00|0.00|-21.45|-24.16|26.41|-23.06|-28964.00|-841.00|75350.00|-775.00|0.66|-0.43|0.72|0.47|0.54|0.77
20.00238013267517|0.11|3.48|-10.21|-2.95|-4.79|0.01|0.00|-0.00|-0.00|0.29|1.39|-0.65|-0.47|-1.99|-0.04|-4.82|-0.19|-21.39|-23.89|26.28|-23.16|-29357.00|-849.00|74400.00|-812.00|0.55|-0.51|0.75|0.48|0.54|0.76
20.194917917251587|0.11|-2.51|0.68|2.06|6.85|0.01|0.00|0.02|0.00|-0.20|1.53|-0.24|0.88|-0.32|0.01|-1.12|-0.01|-21.43|-23.58|26.23|-22.98|-29420.00|-847.00|74178.00|-814.00|0.54|-0.51|0.76|0.47|0.53|0.77
20.39138412475586|0.12|-0.58|-0.72|-0.56|-3.71|0.00|0.00|0.01|-0.00|-0.31|1.39|-0.35|0.17|0.00|0.01|-0.12|-0.02|-21.49|-23.32|26.16|-22.95|-29420.00|-845.00|74155.00|-818.00|0.53|-0.51|0.76|0.48|0.53|0.77
20.583879947662354|0.10|0.06|-7.87|2.06|-0.72|0.00|-0.00|0.00|0.00|-0.30|-0.14|0.05|0.03|-0.02|-0.02|-0.02|-0.01|-21.55|-23.34|26.17|-22.94|-29423.00|-848.00|74152.00|-820.00|0.53|-0.51|0.76|0.47|0.53|0.76
20.776409149169922|0.11|1.85|1.48|-0.38|2.52|0.00|0.00|-0.00|0.00|0.06|0.15|-0.03|0.52|0.00|0.00|-0.19|-0.01|-21.54|-23.31|26.17|-22.84|-29423.00|-848.00|74114.00|-822.00|0.53|-0.51|0.77|0.47|0.54|0.77
20.968867540359497|0.09|0.21|-2.39|-0.11|-7.06|0.00|0.00|-0.01|-0.00|0.09|-0.30|-0.05|-0.82|0.00|0.00|-2.57|-0.06|-21.52|-23.37|26.16|-23.00|-29423.00|-848.00|73625.00|-834.00|0.54|-0.50|0.76|0.46|0.52|0.78
21.169299364089966|0.10|-0.87|-3.55|-1.69|-5.29|0.00|0.00|-0.01|0.00|-0.08|-1.00|-0.38|-1.86|0.00|0.00|-4.54|-0.06|-21.54|-23.57|26.08|-23.36|-29423.00|-848.00|72735.00|-846.00|0.54|-0.50|0.76|0.48|0.53|0.76
21.357789516448975|0.10|2.87|0.60|1.10|15.23|0.00|0.00|0.02|0.00|0.48|-0.88|-0.17|1.11|0.00|0.00|-0.03|0.01|-21.44|-23.74|26.05|-23.14|-29423.00|-848.00|72730.00|-845.00|0.53|-0.51|0.75|0.48|0.53|0.77
21.546308040618896|0.09|3.06|4.51|3.80|3.31|0.00|0.00|0.02|-0.00|1.06|-0.02|0.56|1.74|-0.01|-0.05|3.18|0.00|-21.24|-23.74|26.16|-22.81|-29424.00|-858.00|73334.00|-845.00|0.54|-0.52|0.77|0.47|0.56|0.75
21.74278450012207|0.11|-1.90|-5.43|-6.52|-15.99|-0.00|0.00|0.01|-0.00|0.71|-1.05|-0.68|-1.28|-0.01|-0.01|5.90|0.07|-21.11|-23.94|26.03|-23.05|-29425.00|-859.00|74450.00|-832.00|0.55|-0.50|0.76|0.49|0.52|0.76
21.93526792526245|0.11|1.31|2.34|6.64|0.00|0.00|0.00|0.01|-0.00|0.96|-0.59|0.64|-1.28|0.00|-0.01|7.07|-0.21|-20.92|-24.06|26.16|-23.31|-29425.00|-860.00|75850.00|-873.00|0.59|-0.47|0.75|0.50|0.54|0.76
22.127732515335083|0.11|-3.07|-0.07|-6.29|-4.83|0.00|0.00|0.01|0.00|0.38|-0.60|-0.56|-2.20|0.00|0.00|8.04|0.09|-20.84|-24.17|26.05|-23.72|-29425.00|-860.00|77377.00|-855.00|0.55|-0.50|0.75|0.48|0.55|0.76
22.32027244567871|0.12|2.82|11.43|3.91|13.71|0.00|0.00|-0.02|-0.00|0.93|1.60|0.20|0.45|-2.09|-0.05|4.24|-0.01|-20.66|-23.86|26.09|-23.64|-29829.00|-869.00|78196.00|-856.00|0.55|-0.53|0.77|0.47|0.53|0.76
22.51668095588684|0.12|-7.13|7.18|-3.34|-2.02|-0.05|-0.00|-0.02|0.00|-0.44|2.98|-0.44|0.06|-11.40|-0.19|0.00|0.00|-20.75|-23.29|26.00|-23.62|-32018.00|-905.00|78196.00|-856.00|0.56|-0.50|0.75|0.49|0.55|0.75
22.709184169769287|0.10|0.84|-12.10|3.16|4.38|0.06|0.00|-0.02|0.00|-0.28|0.60|0.18|0.93|-0.02|0.02|0.00|0.01|-20.80|-23.17|26.04|-23.44|-32021.00|-902.00|78196.00|-854.00|0.55|-0.51|0.77|0.48|0.54|0.74
22.901689529418945|0.11|2.54|-3.94|-2.51|-3.43|0.00|0.00|-0.02|0.00|0.20|-0.15|-0.30|0.28|0.04|0.09|-4.43|0.72|-20.76|-23.20|25.98|-23.39|-32014.00|-884.00|77355.00|-717.00|0.54|-0.50|0.77|0.48|0.54|0.76
23.094261407852173|0.10|-8.50|14.36|0.67|-0.47|0.02|0.00|-0.01|-0.00|-1.43|2.61|-0.17|0.19|3.97|0.15|-6.17|0.04|-21.04|-22.70|25.95|-23.35|-31251.00|-855.00|76170.00|-709.00|0.54|-0.50|0.75|0.49|0.55|0.75
23.290663957595825|0.10|5.52|-4.52|-0.51|-3.04|-0.01|-0.00|0.02|-0.00|-0.36|1.74|-0.27|-0.40|1.48|0.01|-1.86|0.01|-21.11|-22.36|25.90|-23.43|-30966.00|-854.00|75811.00|-707.00|0.54|-0.50|0.77|0.49|0.55|0.75
23.483128309249878|0.11|-5.40|19.14|1.50|8.47|-0.01|-0.00|0.01|-0.00|-1.42|5.49|0.03|1.26|0.06|-0.11|-0.05|-0.03|-21.39|-21.29|25.90|-23.18|-30955.00|-875.00|75802.00|-712.00|0.52|-0.52|0.77|0.48|0.55|0.75
23.679678916931152|0.11|5.44|-24.66|2.08|2.38|0.00|-0.00|-0.00|-0.00|-0.36|0.68|0.43|1.72|0.18|-0.23|-1.02|-0.70|-21.46|-21.16|25.99|-22.85|-30920.00|-920.00|75603.00|-848.00|0.50|-0.53|0.77|0.47|0.55|0.75
23.87708592414856|0.12|-1.59|6.10|-2.46|-7.39|-0.00|0.00|-0.05|0.00|-0.67|1.86|-0.05|0.29|0.14|-0.07|-10.58|-0.25|-21.59|-20.79|25.98|-22.79|-30892.00|-934.00|73550.00|-896.00|0.48|-0.54|0.78|0.47|0.55|0.76
24.06955122947693|0.09|-0.35|-12.51|0.62|-1.46|0.00|0.00|0.02|0.00|-0.74|-0.60|0.08|0.00|0.15|-0.05|-6.71|-0.04|-21.73|-20.91|25.99|-22.79|-30862.00|-944.00|72228.00|-903.00|0.48|-0.53|0.77|0.46|0.55|0.77
24.270185947418213|0.11|7.01|-15.58|-3.92|-7.94|-0.00|-0.00|0.03|0.00|0.62|-3.63|-0.68|-1.54|0.02|-0.08|-0.63|-0.02|-21.61|-21.62|25.86|-23.09|-30858.00|-959.00|72105.00|-906.00|0.49|-0.53|0.78|0.48|0.55|0.76
24.45864772796631|0.12|0.57|-8.16|1.52|8.29|0.00|0.01|0.02|0.00|0.73|-5.24|-0.38|0.10|0.11|1.10|2.49|0.05|-21.47|-22.65|25.78|-23.07|-30836.00|-742.00|72599.00|-897.00|0.52|-0.53|0.77|0.47|0.55|0.75
24.65113091468811|0.10|0.17|-0.35|3.12|-6.21|-0.00|-0.01|-0.01|-0.00|0.77|-5.31|0.20|-1.07|0.03|0.05|0.09|-0.03|-21.32|-23.65|25.82|-23.27|-30831.00|-733.00|72616.00|-903.00|0.55|-0.51|0.76|0.47|0.56|0.73
24.84364914894104|0.10|-5.89|23.51|8.15|0.90|-0.00|0.00|0.02|0.00|-0.38|-0.72|1.79|-0.89|0.01|0.08|3.63|0.06|-21.40|-23.79|26.17|-23.44|-30829.00|-717.00|73324.00|-891.00|0.53|-0.51|0.75|0.46|0.48|0.85
25.04020380973816|0.11|0.17|-4.70|-12.55|-0.10|-0.00|-0.00|0.03|0.00|-0.35|-1.62|-0.61|-0.91|-0.01|0.02|10.30|0.38|-21.46|-24.10|26.06|-23.62|-30830.00|-714.00|75291.00|-819.00|0.55|-0.50|0.75|0.46|0.56|0.76
25.232619524002075|0.11|2.36|4.41|2.53|4.67|0.00|-0.00|-0.04|-0.00|0.12|-0.75|-0.11|0.02|0.00|0.00|1.48|0.03|-21.44|-24.25|26.04|-23.61|-30830.00|-714.00|75584.00|-814.00|0.56|-0.50|0.76|0.47|0.55|0.76
25.420708656311035|0.10|1.13|4.42|-0.81|2.56|0.00|-0.00|-0.01|-0.00|0.33|0.09|-0.26|0.50|0.00|0.00|0.01|0.01|-21.38|-24.24|25.99|-23.52|-30830.00|-714.00|75586.00|-813.00|0.56|-0.50|0.76|0.46|0.55|0.77
25.613219261169434|0.12|-0.89|0.17|0.65|-1.81|0.00|-0.00|0.01|-0.00|0.16|0.12|-0.13|0.15|0.00|0.00|2.66|-0.01|-21.35|-24.21|25.96|-23.49|-30830.00|-714.00|76094.00|-814.00|0.57|-0.50|0.75|0.47|0.55|0.76
25.805697441101074|0.10|1.10|-2.51|0.04|0.36|0.00|-0.00|-0.01|0.00|0.37|-0.36|-0.13|0.22|0.01|0.04|0.81|0.04|-21.28|-24.28|25.94|-23.45|-30828.00|-707.00|76248.00|-806.00|0.56|-0.50|0.75|0.47|0.55|0.75
25.998135805130005|0.09|-0.85|4.36|-0.37|-2.83|-0.00|-0.00|-0.00|-0.00|0.21|0.47|-0.20|-0.32|0.01|0.00|0.70|-0.17|-21.24|-24.19|25.90|-23.51|-30827.00|-707.00|76382.00|-839.00|0.57|-0.49|0.76|0.47|0.55|0.75
26.194661617279053|0.09|-0.62|-4.46|5.20|-5.33|-0.00|-0.00|0.03|0.00|0.09|-0.40|0.82|-1.36|0.00|0.00|6.94|-0.03|-21.22|-24.27|26.06|-23.77|-30827.00|-707.00|77736.00|-845.00|0.57|-0.50|0.75|0.46|0.54|0.76
26.387149572372437|0.11|0.92|2.98|-4.70|1.78|-0.00|-0.00|-0.04|0.00|0.27|0.18|-0.10|-1.01|0.00|0.00|-0.71|0.01|-21.17|-24.23|26.04|-23.97|-30827.00|-707.00|77598.00|-844.00|0.57|-0.50|0.75|0.49|0.55|0.75
26.579638481140137|0.12|-1.25|1.22|-5.09|-7.71|-0.00|-0.00|0.00|-0.00|0.02|0.42|-1.08|-2.50|0.00|0.00|-0.44|0.00|-21.16|-24.15|25.83|-24.45|-30827.00|-707.00|77513.00|-844.00|0.56|-0.49|0.75|0.49|0.54|0.75
26.78011465072632|0.11|0.27|-2.79|-12.99|-13.83|-0.00|-0.00|-0.02|-0.00|0.08|-0.12|-3.60|-5.18|0.00|0.00|-3.95|1.06|-21.15|-24.18|25.13|-25.46|-30827.00|-707.00|76747.00|-639.00|0.57|-0.50|0.75|0.52|0.52|0.75
26.97313904762268|0.12|0.67|1.44|18.12|27.92|-0.00|-0.00|0.00|-0.01|0.21|0.16|0.01|0.37|-0.01|0.00|-3.88|-0.02|-21.11|-24.14|25.13|-25.38|-30828.00|-707.00|75975.00|-643.00|0.56|-0.49|0.75|0.52|0.52|0.75
27.165688276290894|0.11|-1.35|-0.39|9.68|8.65|0.00|-0.00|0.02|0.00|-0.05|0.09|1.88|2.04|0.00|0.00|-0.27|0.06|-21.12|-24.13|25.50|-24.99|-30828.00|-707.00|75922.00|-631.00|0.57|-0.50|0.75|0.52|0.53|0.74
27.36224365234375|0.10|0.75|-1.83|-12.06|-14.47|0.00|-0.00|0.00|-0.00|0.09|-0.26|-0.42|-0.71|0.00|0.00|-0.14|-0.01|-21.10|-24.18|25.42|-25.12|-30828.00|-707.00|75896.00|-633.00|0.57|-0.50|0.75|0.52|0.53|0.74
27.550642490386963|0.11|0.01|-2.95|3.41|4.00|0.00|-0.00|0.00|0.00|0.09|-0.84|0.26|0.08|0.00|0.00|-0.02|0.01|-21.08|-24.34|25.47|-25.11|-30828.00|-707.00|75893.00|-632.00|0.56|-0.49|0.76|0.51|0.53|0.74
27.747120141983032|0.11|0.96|-0.91|-4.01|-3.77|0.00|-0.00|0.00|-0.00|0.28|-1.01|-0.51|-0.64|0.01|0.01|-0.01|0.00|-21.03|-24.53|25.37|-25.23|-30827.00|-705.00|75892.00|-632.00|0.58|-0.49|0.75|0.51|0.52|0.74
27.93561363220215|0.12|0.25|6.34|2.02|11.99|0.00|0.00|0.00|-0.00|0.33|0.22|-0.11|1.69|0.02|0.04|0.00|0.00|-20.97|-24.49|25.35|-24.90|-30823.00|-698.00|75892.00|-632.00|0.56|-0.49|0.76|0.51|0.53|0.74
28.128084182739258|0.11|-0.64|3.68|1.77|-4.68|-0.00|-0.00|0.00|-0.00|0.21|0.91|0.22|0.81|0.01|-0.01|-1.39|0.04|-20.93|-24.32|25.39|-24.75|-30822.00|-699.00|75629.00|-624.00|0.57|-0.49|0.75|0.52|0.54|0.75
28.324497938156128|0.11|0.65|-3.59|-1.84|-3.25|0.01|-0.00|-0.01|-0.00|0.33|0.22|-0.13|0.18|1.58|-0.12|-3.47|-0.08|-20.86|-24.28|25.36|-24.71|-30518.00|-722.00|74963.00|-640.00|0.58|-0.48|0.74|0.50|0.54|0.76
28.5168399810791|0.11|-4.10|-5.64|-0.35|-1.15|0.01|0.00|0.02|0.00|-0.47|-0.88|-0.20|-0.04|4.05|-0.02|-0.05|0.01|-20.96|-24.45|25.33|-24.72|-29724.00|-726.00|74954.00|-639.00|0.57|-0.49|0.76|0.50|0.54|0.74
28.709367752075195|0.10|2.43|12.70|-0.05|1.05|-0.00|0.00|0.00|-0.00|-0.00|1.59|-0.21|0.16|3.93|0.01|0.01|-0.01|-20.96|-24.14|25.28|-24.69|-28958.00|-725.00|74955.00|-640.00|0.55|-0.50|0.75|0.50|0.53|0.74
28.90185284614563|0.11|1.25|-13.25|45.45|39.82|0.03|0.00|0.00|0.00|0.24|-0.96|8.56|7.85|10.21|0.10|0.01|0.01|-20.91|-24.32|26.94|-23.17|-26988.00|-705.00|74956.00|-638.00|0.58|-0.44|0.75|0.57|0.59|0.80
29.098366737365723|0.10|0.46|3.68|-45.69|-39.37|-0.03|-0.00|0.00|-0.00|0.33|-0.26|-0.17|0.33|3.91|0.01|0.61|-0.02|-20.85|-24.37|26.90|-23.11|-26241.00|-703.00|75072.00|-641.00|0.54|-0.50|0.75|0.51|0.53|0.74
29.291765451431274|0.10|-1.00|-1.65|-1.67|-0.36|-0.02|-0.00|0.00|0.00|0.13|-0.58|-0.49|0.26|0.32|0.00|1.16|0.05|-20.82|-24.49|26.81|-23.06|-26178.00|-703.00|75299.00|-632.00|0.55|-0.50|0.75|0.51|0.54|0.75
29.488275289535522|0.11|4.28|-9.88|0.82|-1.69|0.00|-0.00|0.02|-0.00|0.96|-2.50|-0.33|-0.07|0.77|-0.10|4.26|-0.03|-20.64|-24.97|26.74|-23.07|-26028.00|-722.00|76126.00|-638.00|0.56|-0.49|0.76|0.50|0.54|0.75
29.68062114715576|0.12|-4.61|6.79|-0.59|0.70|0.01|0.00|-0.01|0.00|0.07|-1.18|-0.45|0.06|1.78|0.10|2.58|-0.01|-20.62|-25.20|26.66|-23.06|-25683.00|-703.00|76626.00|-640.00|0.57|-0.48|0.74|0.50|0.54|0.75
29.869051694869995|0.13|2.39|0.73|0.44|1.08|0.00|0.00|-0.00|-0.00|0.53|-1.04|-0.36|0.27|2.18|0.11|2.27|-0.03|-20.52|-25.40|26.59|-23.01|-25264.00|-682.00|77061.00|-645.00|0.58|-0.48|0.75|0.50|0.54|0.75
30.061545848846436|0.10|-1.04|6.35|0.07|-0.72|-0.01|-0.00|-0.01|-0.00|0.33|0.16|-0.35|0.14|0.21|0.00|0.66|-0.09|-20.46|-25.37|26.52|-22.98|-25224.00|-682.00|77187.00|-662.00|0.58|-0.49|0.75|0.50|0.54|0.74
30.258070945739746|0.10|-4.95|8.67|-2.00|-1.57|0.02|-0.00|-0.00|0.00|-0.63|1.85|-0.74|-0.17|4.53|0.13|0.26|-0.05|-20.58|-25.01|26.38|-23.02|-24346.00|-657.00|77237.00|-671.00|0.57|-0.50|0.75|0.52|0.53|0.73
30.450651168823242|0.09|1.38|-8.41|2.12|-0.47|0.04|-0.00|0.00|0.00|-0.36|0.22|-0.33|-0.26|11.40|0.09|1.02|0.02|-20.65|-24.97|26.31|-23.07|-22135.00|-639.00|77435.00|-668.00|0.59|-0.49|0.73|0.50|0.55|0.74
30.643110990524292|0.10|-1.63|7.90|1.58|-0.80|-0.05|-0.00|0.00|0.00|-0.68|1.74|-0.02|-0.42|1.87|0.05|1.74|0.06|-20.78|-24.63|26.31|-23.15|-21774.00|-629.00|77770.00|-657.00|0.57|-0.49|0.75|0.51|0.54|0.73
30.839510440826416|0.11|3.80|-8.65|-1.12|1.30|-0.01|-0.00|-0.00|-0.00|0.05|0.08|-0.24|-0.17|-0.05|-0.01|1.32|0.02|-20.77|-24.62|26.26|-23.18|-21783.00|-630.00|78023.00|-654.00|0.57|-0.49|0.75|0.51|0.55|0.74
31.035698175430298|0.09|-5.04|30.37|0.17|-2.86|-0.00|-0.00|-0.01|-0.00|-0.93|6.03|-0.20|-0.73|-0.15|-0.20|0.20|0.01|-20.95|-23.44|26.22|-23.32|-21812.00|-670.00|78063.00|-653.00|0.55|-0.50|0.76|0.51|0.54|0.74
31.233173370361328|0.09|4.17|-33.93|-0.37|6.51|0.00|0.00|-0.00|-0.00|-0.11|-0.65|-0.28|0.56|-0.03|-0.09|0.03|0.00|-20.98|-23.57|26.17|-23.21|-21817.00|-687.00|78069.00|-653.00|0.54|-0.51|0.76|0.51|0.54|0.73
31.425641298294067|0.11|3.04|-12.98|0.33|0.23|0.00|0.00|-0.00|-0.00|0.48|-3.18|-0.21|0.60|-0.02|0.02|0.01|0.00|-20.88|-24.19|26.13|-23.09|-21820.00|-684.00|78070.00|-653.00|0.55|-0.51|0.76|0.50|0.54|0.75
31.62213158607483|0.09|-4.96|17.11|1.20|-6.21|-0.00|-0.00|-0.00|-0.00|-0.47|0.10|0.02|-0.59|-0.44|0.00|0.00|0.00|-20.97|-24.17|26.13|-23.21|-21904.00|-684.00|78070.00|-653.00|0.56|-0.50|0.75|0.50|0.53|0.74
31.814661741256714|0.09|3.60|-0.72|7.00|4.57|-0.06|-0.00|-0.00|-0.00|0.23|-0.04|1.39|0.31|-11.31|0.00|2.01|-0.01|-20.93|-24.17|26.40|-23.15|-24121.00|-684.00|78464.00|-655.00|0.55|-0.49|0.77|0.52|0.53|0.74
32.015029191970825|0.10|4.60|-19.40|24.32|9.96|-0.02|-0.00|-0.01|-0.00|1.13|-3.82|6.13|2.25|-15.49|-0.09|1.02|-0.10|-20.71|-24.92|27.60|-22.71|-27142.00|-701.00|78663.00|-674.00|0.53|-0.57|0.70|0.50|0.54|0.67
32.212090730667114|0.13|-9.40|32.52|-33.98|-12.65|0.05|0.00|-0.00|0.00|-0.72|2.58|-0.56|-0.24|-6.03|-0.03|0.05|-0.01|-20.85|-24.41|27.49|-22.76|-28330.00|-706.00|78672.00|-676.00|0.55|-0.51|0.76|0.51|0.54|0.75
32.40449786186218|0.09|3.96|-16.95|1.82|2.98|0.03|0.00|-0.00|0.00|0.06|-0.79|-0.20|0.35|-0.01|0.02|-0.01|-0.01|-20.84|-24.57|27.45|-22.69|-28331.00|-703.00|78671.00|-678.00|0.53|-0.51|0.76|0.50|0.54|0.75
32.60098099708557|0.11|-0.21|13.84|0.45|-8.46|-0.02|-0.00|-0.00|0.00|0.02|1.88|-0.12|-1.28|-3.69|0.00|-0.02|-0.01|-20.83|-24.20|27.42|-22.93|-29043.00|-703.00|78668.00|-679.00|0.52|-0.52|0.76|0.47|0.59|0.74
32.79744625091553|0.11|0.94|-5.16|-3.50|2.28|-0.06|-0.00|0.00|0.00|0.21|0.86|-0.81|-0.83|-15.17|-0.13|0.65|0.08|-20.79|-24.03|27.27|-23.10|-32031.00|-728.00|78797.00|-664.00|0.56|-0.53|0.75|0.51|0.53|0.73
32.989951848983765|0.07|-2.16|-6.93|2.69|4.71|0.06|0.00|-0.00|-0.00|-0.21|-0.49|-0.28|0.08|-3.35|0.03|0.00|0.01|-20.83|-24.13|27.21|-23.08|-32685.00|-722.00|78797.00|-663.00|0.54|-0.50|0.77|0.50|0.54|0.74
33.194390058517456|0.09|-12.17|0.12|-21.94|-29.06|-0.02|-0.00|-0.00|-0.00|-2.56|-0.46|-4.51|-5.52|-7.67|-0.14|0.34|-0.01|-21.33|-24.22|26.34|-24.15|-34165.00|-749.00|78862.00|-665.00|0.52|-0.55|0.71|0.63|0.43|0.72
33.38689208030701|0.10|10.81|0.45|19.66|25.08|0.01|0.00|-0.00|0.00|-0.36|-0.37|-0.52|-0.43|-5.38|0.02|0.13|0.00|-21.40|-24.29|26.23|-24.24|-35258.00|-745.00|78888.00|-665.00|0.56|-0.50|0.75|0.51|0.54|0.74
33.58331537246704|0.12|1.38|4.13|1.63|-0.98|0.02|-0.00|-0.00|0.00|-0.10|0.43|-0.21|-0.62|-1.17|-0.01|0.01|0.00|-21.42|-24.21|26.19|-24.36|-35485.00|-746.00|78889.00|-665.00|0.56|-0.51|0.75|0.50|0.54|0.75
33.7758526802063|0.10|2.80|-16.34|-1.04|1.71|0.01|0.00|-0.00|0.00|0.45|-2.74|-0.41|-0.29|-0.01|0.04|0.00|0.00|-21.33|-24.74|26.11|-24.41|-35486.00|-738.00|78889.00|-665.00|0.56|-0.50|0.76|0.50|0.55|0.75
33.96831965446472|0.09|-1.84|19.04|0.01|1.55|-0.00|-0.00|-0.00|0.00|0.09|0.95|-0.41|0.01|-0.26|0.03|0.00|0.00|-21.31|-24.56|26.04|-24.41|-35537.00|-733.00|78889.00|-665.00|0.55|-0.49|0.74|0.50|0.54|0.75
34.16176986694336|0.11|-1.85|-3.52|0.76|2.32|0.00|-0.00|-0.00|0.00|-0.27|0.28|-0.26|0.45|0.01|0.01|-1.27|-0.06|-21.37|-24.51|25.99|-24.32|-35536.00|-732.00|78646.00|-677.00|0.56|-0.50|0.75|0.50|0.54|0.75
34.35349178314209|0.10|1.30|1.76|0.33|-6.44|0.00|0.00|-0.01|0.00|-0.02|0.62|-0.20|-0.79|0.03|0.04|-3.81|0.02|-21.37|-24.39|25.95|-24.48|-35531.00|-725.00|77910.00|-673.00|0.57|-0.50|0.75|0.50|0.54|0.75
34.54597878456116|0.09|-3.34|17.16|-1.25|9.03|0.00|0.00|0.02|-0.00|-0.65|3.89|-0.44|0.94|0.03|0.04|-0.12|0.00|-21.49|-23.64|25.86|-24.30|-35525.00|-717.00|77887.00|-673.00|0.55|-0.50|0.75|0.49|0.54|0.74
34.743404150009155|0.11|2.56|-14.53|1.11|-4.95|-0.00|-0.00|-0.04|-0.00|-0.16|1.09|-0.22|-0.02|0.00|0.00|-6.92|0.08|-21.53|-23.43|25.82|-24.30|-35525.00|-717.00|76551.00|-658.00|0.55|-0.51|0.76|0.50|0.54|0.75
34.93988561630249|0.11|-0.49|-0.56|0.41|-0.10|-0.00|-0.00|0.03|-0.00|-0.26|0.98|-0.14|-0.04|0.01|-0.01|-1.53|-0.05|-21.58|-23.24|25.79|-24.31|-35523.00|-718.00|76252.00|-668.00|0.54|-0.51|0.77|0.50|0.55|0.75
35.13640260696411|0.10|-0.73|2.32|-0.31|1.96|-0.00|-0.00|0.01|0.00|-0.40|1.44|-0.20|0.35|0.00|-0.02|-0.09|-0.01|-21.65|-22.96|25.75|-24.24|-35523.00|-722.00|76234.00|-670.00|0.52|-0.53|0.77|0.50|0.54|0.74
35.33295464515686|0.11|1.20|-4.04|-0.38|-4.07|-0.00|0.00|-0.00|-0.00|-0.17|0.65|-0.28|-0.44|0.01|0.01|-0.68|-0.02|-21.69|-22.83|25.70|-24.33|-35522.00|-720.00|76102.00|-673.00|0.52|-0.52|0.76|0.49|0.54|0.74
35.52542495727539|0.09|2.01|-12.84|1.09|0.18|0.00|-0.00|0.00|0.00|0.23|-1.87|-0.06|-0.40|0.08|-0.01|-0.28|0.02|-21.64|-23.20|25.69|-24.41|-35507.00|-722.00|76046.00|-669.00|0.53|-0.52|0.77|0.50|0.54|0.74
35.72179579734802|0.10|4.46|-10.32|-3.56|-4.68|0.00|-0.00|0.00|-0.00|1.09|-3.87|-0.75|-1.31|0.08|-0.01|-0.01|0.00|-21.43|-23.95|25.54|-24.66|-35492.00|-724.00|76045.00|-669.00|0.53|-0.51|0.78|0.50|0.54|0.75
35.914308309555054|0.12|-2.48|3.24|4.29|3.82|-0.00|0.00|0.02|-0.00|0.60|-3.23|0.10|-0.56|0.01|0.08|3.26|0.11|-21.32|-24.58|25.56|-24.77|-35490.00|-708.00|76687.00|-648.00|0.59|-0.48|0.74|0.49|0.54|0.74
36.10680961608887|0.10|-3.19|21.84|-1.92|6.54|0.00|-0.00|-0.01|-0.00|-0.01|0.94|-0.27|0.69|0.02|0.02|0.58|-0.01|-21.32|-24.40|25.51|-24.63|-35487.00|-705.00|76797.00|-650.00|0.58|-0.49|0.74|0.50|0.54|0.74
36.30290913581848|0.12|1.42|-5.01|-0.54|-8.94|0.00|-0.00|-0.00|0.00|0.26|-0.03|-0.38|-1.04|0.03|-0.03|-0.03|-0.01|-21.27|-24.41|25.44|-24.84|-35481.00|-711.00|76791.00|-652.00|0.56|-0.49|0.74|0.50|0.53|0.75
36.496394634246826|0.11|-1.40|-0.65|0.66|5.99|-0.00|0.00|0.00|0.00|-0.01|-0.16|-0.24|0.14|0.01|0.00|0.52|0.00|-21.27|-24.44|25.39|-24.81|-35479.00|-711.00|76893.00|-652.00|0.57|-0.49|0.74|0.50|0.53|0.74
36.69212055206299|0.11|-0.30|-1.55|-0.33|-2.43|-0.00|0.00|-0.00|0.00|-0.07|-0.45|-0.31|-0.32|0.00|0.00|-0.01|0.04|-21.28|-24.52|25.33|-24.87|-35479.00|-711.00|76892.00|-644.00|0.57|-0.49|0.75|0.52|0.54|0.74
36.88454341888428|0.11|-0.07|9.53|-2.03|3.60|-0.00|0.00|0.00|-0.00|-0.08|1.43|-0.71|0.39|0.00|0.01|0.04|0.01|-21.30|-24.24|25.19|-24.79|-35479.00|-710.00|76900.00|-643.00|0.57|-0.49|0.75|0.51|0.54|0.74
37.08203434944153|0.10|1.54|-7.50|6.77|5.09|-0.00|-0.00|-0.01|-0.00|0.21|-0.01|0.59|1.36|0.09|-0.02|-2.19|-0.06|-21.26|-24.24|25.30|-24.54|-35462.00|-713.00|76482.00|-655.00|0.57|-0.50|0.76|0.51|0.54|0.74
37.27787518501282|0.12|-2.35|11.23|-4.12|-5.61|0.00|-0.00|-0.00|0.00|-0.25|2.18|-0.22|0.26|0.10|-0.03|-2.57|-0.04|-21.31|-23.82|25.26|-24.48|-35442.00|-718.00|75980.00|-663.00|0.56|-0.50|0.75|0.50|0.54|0.74
37.46638488769531|0.11|-1.93|18.29|1.24|0.31|0.01|-0.00|0.01|0.00|-0.62|5.77|0.03|0.32|1.44|-0.10|-0.28|0.04|-21.43|-22.69|25.27|-24.42|-35160.00|-737.00|75925.00|-656.00|0.55|-0.50|0.75|0.49|0.54|0.74
37.66779613494873|0.12|1.36|-31.89|-0.48|-2.42|0.01|0.00|-0.00|-0.00|-0.36|-0.36|-0.06|-0.14|3.52|-0.06|-0.28|-0.01|-21.50|-22.76|25.25|-24.45|-34484.00|-748.00|75871.00|-658.00|0.51|-0.52|0.77|0.50|0.55|0.75
37.85995864868164|0.10|3.07|0.21|-1.34|-0.55|0.03|0.00|0.00|0.00|0.25|-0.31|-0.33|-0.25|10.46|0.08|-0.04|0.01|-21.45|-22.82|25.19|-24.50|-32402.00|-733.00|75863.00|-657.00|0.52|-0.53|0.76|0.51|0.54|0.74
