0.003995656967163086|.00|9.00|63.00
0.01894521713256836|0.11|0.00|-0.00|0.02|0.00|0.00|0.00||-0.00|-0.00|-0.00|-0.00|0.00|0.00|-0.12|0.84|0.00|-0.05|-0.00|-0.05|0.00|0.00|-19.00|63.00
0.051851749420166016|0.11|0.00|-0.00|0.02|0.00|0.00|0.00|0-0.00|-0.00|-0.00|-0.00|0.00|0.00|-0.12|0.84|0.00|-0.05|-0.00|-0.05|0.00|0.00|-19.00|63.00
0.1067197322845459|0.11|0.00|-0.00|0.02|0.00|0.00|0.00|0.00|-0.00|0.00|-0.00|0.00|-0.00|0.00|0.00|0.01|0.76|0.00|-0.05|0.00|-0.05|0.00|0.00|-17.00|173.00
0.24536371231079102|0.10|-0.00|0.00|0.00|0.00|0.00|0.00|0.00|-0.01|0.00|-0.00|0.00|-0.00|0.00|0.00|0.05|-0.45|0.00|-0.05|0.00|-0.05|0.00|0.00|-10.00|110.00
0.39296627044677734|0.10|-0.00|0.00|-0.01|0.00|0.00|0.00|-0.00|-0.00|-0.00|0.00|0.00|-0.00|0.00|0.00|-0.01|-0.55|0.00|-0.05|0.00|-0.05|0.00|0.00|-12.00|32.00
0.5326886177062988|0.12|0.00|0.00|-0.00|0.00|0.00|0.00|-0.00|0.01|-0.00|0.00|0.00|-0.00|0.00|0.00|-0.03|0.17|0.00|-0.05|0.00|-0.05|0.00|0.00|-17.00|56.00
0.6712527275085449|0.10|0.00|-0.00|0.00|0.00|0.00|0.00|-0.00|0.00|-0.00|0.00|0.00|-0.00|0.00|0.00|-0.05|0.21|0.00|-0.05|0.00|-0.05|0.00|0.00|-24.00|85.00
0.810854434967041|0.12|-0.00|0.00|0.00|0.00|0.00|0.00|0.00|-0.00|-0.00|0.00|0.00|0.00|0.00|0.00|0.01|-0.06|0.00|-0.05|0.00|-0.05|0.00|0.00|-23.00|76.00
0.9544696807861328|0.10|0.00|-0.00|-0.00|-0.00|0.00|0.00|-0.00|0.00|-0.00|0.00|0.00|0.00|0.00|0.00|0.00|0.00|0.00|-0.05|0.00|-0.05|0.00|0.00|-23.00|76.00
1.0930848121643066|0.11|0.00|-0.00|-0.00|-0.00|0.00|0.00|-0.00|0.00|0.00|0.00|0.00|-0.00|0.00|0.00|0.00|0.00|0.00|-0.05|0.00|-0.05|0.00|0.00|-23.00|76.00
1.232764482498169|0.10|0.00|-0.00|0.00|0.00|0.00|0.00|-0.00|0.00|0.00|-0.00|0.00|0.00|0.00|0.00|0.00|0.00|0.00|-0.05|0.00|-0.05|0.00|0.00|-23.00|76.00
1.3723604679107666|0.11|0.00|-0.00|0.00|-0.00|0.00|0.00|-0.00|0.00|0.00|-0.00|0.00|-0.00|0.00|0.00|0.00|0.00|0.00|-0.05|0.00|-0.05|0.00|0.00|-23.00|76.00
1.5109329223632812|0.11|-0.00|0.00|-0.00|0.00|0.00|0.00|-0.00|0.00|0.00|-0.00|0.00|0.00|0.00|0.00|0.00|0.00|0.00|-0.05|0.00|-0.05|0.00|0.00|-23.00|76.00
1.6505939960479736|0.10|0.00|-0.00|0.00|-0.00|0.00|0.00|-0.00|0.00|0.00|-0.00|0.00|-0.00|0.00|0.00|0.00|0.00|0.00|-0.05|0.00|-0.05|0.00|0.00|-23.00|76.00
1.7898485660552979|0.11|-0.00|0.00|-0.00|0.00|0.00|0.00|-0.00|0.00|0.00|0.00|0.00|0.00|0.00|0.00|0.00|0.00|0.00|-0.05|0.00|-0.05|0.00|0.00|-23.00|76.00
1.9294300079345703|0.10|-0.00|-0.00|0.00|0.00|0.00|0.00|-0.00|0.00|-0.00|0.00|0.00|0.00|0.00|0.00|0.00|0.00|0.00|-0.05|0.00|-0.05|0.00|0.00|-23.00|76.00
2.072092056274414|0.11|0.00|-0.00|-0.00|-0.00|0.00|0.00|-0.00|0.00|0.00|0.00|0.00|-0.00|0.00|0.00|0.00|0.00|0.00|-0.05|0.00|-0.05|0.00|0.00|-23.00|76.00
2.2077226638793945|0.11|-0.00|0.00|0.00|0.00|0.00|0.00|-0.00|0.00|-0.00|0.00|0.00|0.00|0.00|0.00|0.00|0.00|0.00|-0.05|0.00|-0.05|0.00|0.00|-23.00|76.00
2.3510448932647705|0.11|0.00|-0.00|-0.00|-0.00|0.00|0.00|-0.00|0.00|-0.00|0.00|0.00|-0.00|0.00|0.00|0.00|0.00|0.00|-0.05|0.00|-0.05|0.00|0.00|-23.00|76.00
2.4946045875549316|0.11|-0.00|-0.00|-0.00|0.00|0.00|0.00|-0.00|0.00|-0.00|-0.00|0.00|0.00|0.00|0.00|0.00|0.00|0.00|-0.05|0.00|-0.05|0.00|0.00|-23.00|76.00
2.6292433738708496|0.11|0.00|0.00|0.00|-0.00|0.00|0.00|-0.00|0.00|0.00|0.00|0.00|-0.00|0.00|0.00|0.00|0.00|0.00|-0.05|0.00|-0.05|0.00|0.00|-23.00|76.00
2.772846221923828|0.10|-0.00|-0.00|-0.00|0.00|0.00|0.00|-0.00|0.00|0.00|-0.00|-0.00|0.00|0.00|0.00|0.00|0.00|0.00|-0.05|0.00|-0.05|0.00|0.00|-23.00|76.00
2.9124948978424072|0.11|0.00|0.00|0.00|-0.00|0.00|0.00|-0.00|0.00|0.00|0.00|0.00|0.00|0.00|0.00|0.00|0.00|0.00|-0.05|0.00|-0.05|0.00|0.00|-23.00|76.00
3.0511178970336914|0.11|-0.00|-0.00|0.00|0.00|0.00|0.00|-0.00|0.00|-0.00|0.00|0.00|0.00|0.00|0.00|0.00|0.00|0.00|-0.05|0.00|-0.05|0.00|0.00|-23.00|76.00
3.1905763149261475|0.10|0.00|-0.00|-0.00|-0.00|0.00|0.00|-0.00|0.00|0.00|-0.00|-0.00|0.00|0.00|0.00|0.00|0.00|0.00|-0.05|0.00|-0.05|0.00|0.00|-23.00|76.00
3.330185890197754|0.11|0.00|0.00|0.00|0.00|0.00|0.00|-0.00|0.00|0.00|0.00|0.00|0.00|0.00|0.00|0.00|0.00|0.00|-0.05|0.00|-0.05|0.00|0.00|-23.00|76.00
3.4689178466796875|0.10|-0.00|0.00|-0.00|-0.00|0.00|0.00|-0.00|0.00|-0.00|0.00|0.00|0.00|0.00|0.00|0.00|0.00|0.00|-0.05|0.00|-0.05|0.00|0.00|-23.00|76.00
3.6084609031677246|0.12|0.00|-0.00|0.00|0.00|0.00|0.00|-0.00|0.00|-0.00|0.00|0.00|0.00|0.00|0.00|0.00|0.00|0.00|-0.05|0.00|-0.05|0.00|0.00|-23.00|76.00
3.7470388412475586|0.11|0.00|-0.00|-0.00|-0.00|0.00|0.00|-0.00|0.00|0.00|-0.00|0.00|0.00|0.00|0.00|0.00|0.00|0.00|-0.05|0.00|-0.05|0.00|0.00|-23.00|76.00
3.8867087364196777|0.10|-0.00|-0.00|0.00|0.00|0.00|0.00|-0.00|0.00|-0.00|-0.00|0.00|0.00|0.00|0.00|0.00|0.00|0.00|-0.05|0.00|-0.05|0.00|0.00|-23.00|76.00
4.030332803726196|0.11|0.00|-0.00|-0.00|-0.00|0.00|0.00|-0.00|0.00|0.00|-0.00|0.00|-0.00|0.00|0.00|0.00|0.00|0.00|-0.05|0.00|-0.05|0.00|0.00|-23.00|76.00
4.165239572525024|0.12|-0.00|0.00|0.00|0.00|0.00|0.00|-0.00|0.00|0.00|0.00|0.00|0.00|0.00|0.00|0.00|0.00|0.00|-0.05|0.00|-0.05|0.00|0.00|-23.00|76.00
4.30487322807312|0.11|0.00|-0.00|0.00|-0.00|0.00|0.00|-0.00|0.00|0.00|-0.00|0.00|0.00|0.00|0.00|0.00|0.00|0.00|-0.05|0.00|-0.05|0.00|0.00|-23.00|76.00
4.44748067855835|0.10|-0.00|0.00|-0.00|-0.00|0.00|0.00|-0.00|0.00|0.00|0.00|0.00|0.00|0.00|0.00|0.00|0.00|0.00|-0.05|0.00|-0.05|0.00|0.00|-23.00|76.00
4.583149433135986|0.11|-0.00|-0.00|0.00|0.00|0.00|0.00|-0.00|0.00|0.00|0.00|0.00|0.00|0.00|0.00|0.00|0.00|0.00|-0.05|0.00|-0.05|0.00|0.00|-23.00|76.00
4.726831436157227|0.11|0.00|-0.00|-0.00|-0.00|0.00|0.00|-0.00|0.00|0.00|-0.00|0.00|0.00|0.00|0.00|0.00|0.00|0.00|-0.05|0.00|-0.05|0.00|0.00|-23.00|76.00
4.865355491638184|0.11|-0.00|0.00|-0.00|-0.00|0.00|0.00|-0.00|0.00|-0.00|0.00|0.00|-0.00|0.00|0.00|0.00|0.00|0.00|-0.05|0.00|-0.05|0.00|0.00|-23.00|76.00
5.012964725494385|0.11|-0.00|-0.00|-0.00|-0.00|0.00|0.00|-0.00|0.00|-0.00|-0.00|-0.00|-0.00|0.00|0.00|0.00|0.00|0.00|-0.05|0.00|-0.05|0.00|0.00|-23.00|76.00
5.14861798286438|0.10|0.00|0.00|0.00|0.00|0.00|0.00|-0.00|0.00|-0.00|0.00|0.00|-0.00|0.00|0.00|0.00|0.00|0.00|-0.05|0.00|-0.05|0.00|0.00|-23.00|76.00
5.287243604660034|0.11|0.00|-0.00|0.00|-0.00|0.00|0.00|-0.00|0.00|0.00|0.00|0.00|-0.00|0.00|0.00|0.00|0.00|0.00|-0.05|0.00|-0.05|0.00|0.00|-23.00|76.00
5.430859088897705|0.11|0.00|-0.00|-0.00|-0.00|0.00|0.00|-0.00|0.00|0.00|-0.00|0.00|-0.00|0.00|0.00|0.00|0.00|0.00|-0.05|0.00|-0.05|0.00|0.00|-23.00|76.00
5.570477485656738|0.11|0.00|0.00|-0.00|0.05|0.00|0.00|-0.00|0.00|0.00|0.00|-0.00|0.01|0.00|0.00|0.00|0.00|0.00|-0.05|0.00|-0.05|0.00|0.00|-23.00|76.00
5.714057207107544|0.10|-0.02|0.00|-0.02|-0.07|0.00|0.00|-0.00|0.00|-0.00|0.00|-0.00|-0.00|0.00|0.00|0.01|0.49|0.00|-0.05|0.00|-0.05|0.00|0.00|-21.00|143.00
5.8567187786102295|0.11|0.10|0.02|-0.04|0.03|0.00|0.00|-0.00|0.00|0.01|0.00|-0.01|0.00|0.00|0.00|-0.08|0.77|0.00|-0.05|-0.00|-0.05|0.00|0.00|-32.00|254.00
6.000340938568115|0.10|-0.09|-0.01|0.02|0.01|0.00|0.00|0.00|-0.00|-0.00|0.00|-0.01|0.00|0.00|0.00|-0.07|0.62|0.00|-0.05|-0.00|-0.05|0.00|0.00|-42.00|341.00
6.139923572540283|0.11|0.01|-0.02|0.17|0.00|0.00|0.00|0.00|-0.01|0.00|-0.00|0.02|0.00|0.00|0.00|0.15|-0.51|0.00|-0.05|0.00|-0.05|0.00|0.00|-20.00|268.00
6.282588481903076|0.11|-0.34|0.01|0.07|0.04|0.00|0.00|0.34|-0.00|-0.05|0.00|0.03|0.01|0.00|0.00|48.59|-0.70|-0.00|-0.05|0.01|-0.05|0.00|0.00|6831.00|169.00
6.42589545249939|0.10|0.20|0.06|-0.17|-0.05|0.00|0.00|0.38|0.01|-0.02|0.01|0.00|0.00|0.00|0.00|102.87|0.39|-0.01|-0.05|0.01|-0.05|0.00|0.00|21644.00|225.00
6.569495677947998|0.10|0.09|-0.05|0.22|0.07|0.00|0.00|-0.04|0.00|-0.01|0.00|0.04|0.01|0.00|0.00|96.93|0.94|-0.01|-0.05|0.01|-0.05|0.00|0.00|35602.00|360.00
6.717097997665405|0.12|0.04|-0.04|0.04|0.05|0.00|0.00|0.05|-0.00|0.00|-0.00|0.04|0.02|0.00|0.00|104.24|0.79|-0.01|-0.05|0.02|-0.05|0.00|0.00|50613.00|474.00
6.860668659210205|0.12|-0.01|0.05|-0.05|0.04|0.00|0.00|0.10|-0.00|-0.00|0.00|0.03|0.02|0.00|0.00|119.07|0.23|-0.01|-0.05|0.02|-0.04|0.00|0.00|67759.00|507.00
7.007445335388184|0.11|0.07|0.04|-0.25|-0.01|0.00|0.00|-0.20|0.00|0.01|0.01|-0.00|0.02|0.00|0.00|90.58|0.79|-0.01|-0.05|0.02|-0.04|0.00|0.00|80984.00|622.00
7.155012369155884|0.12|-0.14|0.10|-0.07|0.03|0.00|0.00|-0.23|-0.01|-0.01|0.02|-0.01|0.03|0.00|0.00|57.56|-0.01|-0.01|-0.05|0.02|-0.04|0.00|0.00|89272.00|620.00
7.298632860183716|0.12|-0.15|0.15|0.10|-0.07|0.00|0.00|0.03|-0.00|-0.03|0.05|0.00|0.02|0.00|0.00|61.63|-0.05|-0.01|-0.04|0.02|-0.03|0.00|0.00|98393.00|612.00
7.4462809562683105|0.11|0.06|-0.07|-0.02|-0.02|0.00|0.00|-0.14|0.00|-0.02|0.04|-0.00|0.01|0.00|0.00|41.19|0.12|-0.02|-0.03|0.02|-0.03|0.00|0.00|104407.00|630.00
7.597870111465454|0.11|0.10|-0.12|-0.01|-0.04|0.00|0.00|-0.15|0.00|-0.01|0.02|-0.00|0.01|0.00|0.00|18.58|0.46|-0.02|-0.03|0.02|-0.03|0.00|0.00|107138.00|697.00
7.741510629653931|0.12|0.04|-0.08|0.00|-0.03|0.00|0.00|-0.12|-0.00|-0.00|0.00|-0.00|0.00|0.00|0.00|0.34|0.01|-0.02|-0.03|0.02|-0.03|0.00|0.00|107188.00|698.00
7.888083219528198|0.11|0.03|-0.01|0.04|0.01|0.00|0.00|-0.00|-0.00|0.00|0.00|0.00|0.00|0.00|0.00|-0.08|-0.01|-0.02|-0.03|0.02|-0.03|0.00|0.00|107177.00|696.00
8.035720109939575|0.11|-0.00|0.01|-0.02|-0.02|0.00|0.00|-0.08|0.00|0.00|0.01|0.00|-0.00|0.00|0.00|-11.60|0.17|-0.02|-0.03|0.02|-0.03|0.00|0.00|105472.00|721.00
8.187395334243774|0.11|-0.04|-0.01|-0.02|-0.00|0.00|0.00|-0.07|-0.00|-0.00|0.00|-0.00|-0.00|0.00|0.00|-21.36|-0.12|-0.02|-0.03|0.02|-0.03|0.00|0.00|102332.00|704.00
8.338890552520752|0.11|0.04|-0.07|0.02|-0.02|0.00|0.00|0.03|-0.00|0.00|-0.01|0.00|-0.00|0.00|0.00|-17.49|-0.30|-0.02|-0.03|0.02|-0.03|0.00|0.00|99656.00|658.00
8.486506223678589|0.12|0.01|0.01|-0.05|-0.02|0.00|0.00|-0.13|-0.00|0.00|-0.00|-0.01|-0.01|0.00|0.00|-37.31|-0.49|-0.02|-0.03|0.02|-0.03|0.00|0.00|94171.00|586.00
8.638096570968628|0.10|0.17|-0.17|-0.06|-0.07|0.00|0.00|-0.04|0.01|0.03|-0.03|-0.02|-0.02|0.00|0.00|-43.81|0.43|-0.01|-0.03|0.02|-0.03|0.00|0.00|87556.00|651.00
8.781725645065308|0.12|0.00|0.02|0.12|0.12|0.00|0.00|0.18|-0.01|0.03|-0.03|0.00|0.00|0.00|0.00|-16.99|-0.37|-0.01|-0.04|0.02|-0.03|0.00|0.00|85042.00|596.00
8.924330472946167|0.11|-0.11|0.16|0.02|0.08|0.00|0.00|0.11|0.00|0.01|-0.00|0.01|0.01|0.00|0.00|-1.35|0.34|-0.01|-0.04|0.02|-0.03|0.00|0.00|84848.00|645.00
9.068007230758667|0.11|-0.14|0.08|-0.01|-0.07|0.00|0.00|0.00|-0.00|-0.01|0.01|0.00|0.00|0.00|0.00|-1.28|0.17|-0.01|-0.04|0.02|-0.03|0.00|0.00|84665.00|669.00
9.215550899505615|0.12|0.01|-0.01|-0.02|-0.01|0.00|0.00|-0.05|-0.00|-0.00|0.01|0.00|0.00|0.00|0.00|-9.06|0.11|-0.01|-0.04|0.02|-0.03|0.00|0.00|83352.00|685.00
9.363163948059082|0.10|0.03|-0.08|0.02|-0.00|0.00|0.00|-0.02|0.00|0.00|-0.01|0.00|-0.00|0.00|0.00|-12.16|0.15|-0.01|-0.04|0.02|-0.03|0.00|0.00|81553.00|707.00
9.506768226623535|0.12|-0.01|0.06|-0.00|0.00|0.00|0.00|0.08|0.00|-0.00|0.00|0.00|0.00|0.00|0.00|-0.11|0.24|-0.01|-0.04|0.02|-0.03|0.00|0.00|81537.00|742.00
9.649386644363403|0.11|0.00|0.01|0.07|0.04|0.00|0.00|-0.00|-0.00|-0.00|0.00|0.01|0.01|0.00|0.00|-0.73|0.21|-0.01|-0.04|0.02|-0.03|0.00|0.00|81432.00|772.00
9.797004222869873|0.10|-0.00|-0.01|-0.06|-0.00|0.00|0.00|-0.00|0.00|-0.00|0.00|0.00|0.01|0.00|0.00|-1.30|0.25|-0.01|-0.04|0.02|-0.03|0.00|0.00|81245.00|808.00
9.94460153579712|0.12|0.01|-0.01|-0.06|-0.01|0.00|0.00|-0.01|-0.00|0.00|0.00|-0.01|0.00|0.00|0.00|-3.34|-0.03|-0.01|-0.04|0.02|-0.03|0.00|0.00|80758.00|804.00
10.092211484909058|0.10|0.00|-0.03|0.01|-0.02|0.00|0.00|0.01|-0.00|0.00|-0.00|-0.00|0.00|0.00|0.00|-1.76|-0.11|-0.01|-0.04|0.02|-0.03|0.00|0.00|80496.00|787.00
10.235828161239624|0.11|-0.00|0.02|0.05|0.07|0.00|0.00|0.09|0.00|-0.00|-0.00|0.00|0.01|0.00|0.00|11.92|0.32|-0.01|-0.04|0.02|-0.03|0.00|0.00|82237.00|834.00
10.378408432006836|0.11|-0.00|0.00|0.06|0.00|0.00|0.00|0.05|0.00|-0.00|0.00|0.01|0.01|0.00|0.00|19.05|0.49|-0.01|-0.04|0.02|-0.03|0.00|0.00|84980.00|904.00
10.526047945022583|0.11|0.00|-0.00|-0.14|-0.08|0.00|0.00|-0.13|-0.00|-0.00|-0.00|-0.01|0.00|0.00|0.00|0.58|-0.03|-0.01|-0.04|0.02|-0.03|0.00|0.00|85062.00|900.00
10.673694133758545|0.12|0.01|0.01|0.05|-0.02|0.00|0.00|-0.00|-0.00|0.00|0.00|0.00|-0.00|0.00|0.00|-0.11|-0.07|-0.01|-0.04|0.02|-0.03|0.00|0.00|85045.00|890.00
10.817276000976562|0.11|-0.01|0.01|-0.06|0.04|0.00|0.00|0.00|0.00|-0.00|0.00|-0.01|0.00|0.00|0.00|0.00|-0.01|-0.01|-0.04|0.02|-0.03|0.00|0.00|85045.00|888.00
10.964882373809814|0.11|0.00|-0.01|0.04|-0.01|0.00|0.00|0.00|-0.00|-0.00|0.00|-0.00|0.00|0.00|0.00|0.03|-0.03|-0.01|-0.04|0.02|-0.03|0.00|0.00|85049.00|884.00
11.107510566711426|0.11|0.01|-0.01|-0.01|-0.01|0.00|0.00|-0.00|0.00|0.00|0.00|-0.00|0.00|0.00|0.00|0.00|-0.01|-0.01|-0.04|0.02|-0.03|0.00|0.00|85049.00|883.00
11.25911259651184|0.12|-0.00|0.00|-0.03|-0.04|0.00|0.00|-0.00|-0.00|0.00|0.00|-0.01|-0.00|0.00|0.00|-0.29|-0.08|-0.01|-0.04|0.02|-0.03|0.00|0.00|85007.00|871.00
11.402719497680664|0.09|-0.00|0.01|0.09|0.03|0.00|0.00|0.00|0.00|-0.00|0.00|0.01|-0.00|0.00|0.00|-0.07|0.03|-0.01|-0.04|0.02|-0.03|0.00|0.00|84997.00|875.00
11.550332069396973|0.11|-0.01|-0.00|-0.08|0.03|0.00|0.00|0.00|-0.00|-0.00|0.00|-0.01|0.00|0.00|0.00|0.00|-0.01|-0.01|-0.04|0.02|-0.03|0.00|0.00|84997.00|873.00
11.697924375534058|0.12|0.01|-0.01|0.03|-0.04|0.00|0.00|0.00|-0.00|-0.00|-0.00|-0.00|-0.00|0.00|0.00|-0.07|-0.10|-0.01|-0.04|0.02|-0.03|0.00|0.00|84986.00|859.00
11.845533847808838|0.10|0.00|0.01|-0.01|0.00|0.00|0.00|-0.01|-0.00|-0.00|0.00|-0.00|-0.00|0.00|0.00|-1.46|-0.11|-0.01|-0.04|0.02|-0.03|0.00|0.00|84768.00|842.00
11.984180212020874|0.12|0.00|0.00|0.05|0.02|0.00|0.00|0.01|0.00|0.00|0.00|0.00|0.00|0.00|0.00|-0.73|0.08|-0.01|-0.04|0.02|-0.03|0.00|0.00|84661.00|854.00
12.131765365600586|0.12|0.00|-0.01|-0.04|-0.00|0.00|0.00|0.00|-0.00|0.00|0.00|-0.00|0.00|0.00|0.00|-0.39|-0.11|-0.01|-0.04|0.02|-0.03|0.00|0.00|84606.00|839.00
12.279385805130005|0.11|-0.01|0.00|0.00|-0.01|0.00|0.00|-0.02|0.00|-0.00|0.00|-0.00|-0.00|0.00|0.00|-2.63|-0.01|-0.01|-0.04|0.02|-0.03|0.00|0.00|84222.00|837.00
12.431014060974121|0.11|-0.00|0.01|-0.01|-0.01|0.00|0.00|-0.11|-0.00|-0.00|0.00|-0.00|-0.00|0.00|0.00|-18.26|-0.47|-0.01|-0.04|0.02|-0.03|0.00|0.00|81519.00|768.00
12.574599266052246|0.12|-0.01|0.00|0.02|0.03|0.00|0.00|0.08|0.00|-0.00|0.00|0.00|0.00|0.00|0.00|-6.18|-0.30|-0.01|-0.04|0.02|-0.03|0.00|0.00|80586.00|723.00
12.722195148468018|0.11|0.02|-0.01|-0.02|-0.02|0.00|0.00|0.02|0.00|0.00|0.00|-0.00|-0.00|0.00|0.00|-3.61|-0.19|-0.01|-0.04|0.02|-0.03|0.00|0.00|80070.00|696.00
12.868807554244995|0.10|-0.01|0.00|-0.01|0.02|0.00|0.00|-0.07|0.00|-0.00|0.00|-0.00|0.00|0.00|0.00|-14.40|0.17|-0.01|-0.04|0.02|-0.03|0.00|0.00|77953.00|721.00
13.01240348815918|0.12|0.01|0.01|0.02|0.01|0.00|0.00|0.07|-0.00|-0.00|0.00|-0.00|0.00|0.00|0.00|-3.65|0.01|-0.01|-0.03|0.02|-0.03|0.00|0.00|77420.00|723.00
13.156052589416504|0.12|0.00|-0.00|0.00|0.01|0.00|0.00|0.02|0.00|0.00|0.00|0.00|0.00|0.00|0.00|-0.17|0.03|-0.01|-0.03|0.02|-0.03|0.00|0.00|77396.00|727.00
13.299649000167847|0.11|-0.00|-0.01|-0.01|-0.01|0.00|0.00|0.00|0.00|0.00|0.00|-0.00|0.00|0.00|0.00|-0.06|0.04|-0.01|-0.03|0.02|-0.02|0.00|0.00|77387.00|733.00
13.446265935897827|0.10|0.00|0.00|-0.01|0.00|0.00|0.00|0.00|-0.00|0.00|0.00|-0.00|0.00|0.00|0.00|-0.05|-0.01|-0.01|-0.03|0.02|-0.02|0.00|0.00|77380.00|732.00
13.589887857437134|0.11|-0.00|0.00|0.02|-0.02|0.00|0.00|0.00|0.00|-0.00|0.00|0.00|-0.00|0.00|0.00|0.00|0.00|-0.01|-0.03|0.02|-0.02|0.00|0.00|77380.00|732.00
13.737586259841919|0.10|-0.00|-0.01|-0.02|0.00|0.00|0.00|0.00|0.00|-0.00|0.00|-0.00|-0.00|0.00|0.00|-0.11|0.06|-0.01|-0.03|0.02|-0.02|0.00|0.00|77364.00|740.00
13.881109237670898|0.12|-0.01|-0.01|0.02|0.01|0.00|0.00|0.00|-0.00|-0.00|-0.00|0.00|0.00|0.00|0.00|-0.01|0.01|-0.01|-0.03|0.02|-0.02|0.00|0.00|77363.00|741.00
14.032710552215576|0.11|-0.00|-0.00|-0.09|-0.05|0.00|0.00|-0.00|0.00|-0.00|-0.00|-0.01|-0.01|0.00|0.00|-0.01|0.05|-0.01|-0.03|0.02|-0.03|0.00|0.00|77361.00|748.00
14.175313711166382|0.11|0.00|0.00|0.10|0.03|0.00|0.00|0.00|-0.00|-0.00|0.00|0.00|-0.00|0.00|0.00|0.00|0.00|-0.01|-0.03|0.02|-0.03|0.00|0.00|77361.00|748.00
14.318936824798584|0.11|0.00|0.00|-0.05|-0.01|0.00|0.00|0.00|-0.00|-0.00|0.00|-0.01|-0.00|0.00|0.00|0.00|0.00|-0.01|-0.03|0.02|-0.03|0.00|0.00|77361.00|748.00
14.466496706008911|0.12|-0.01|0.01|0.03|0.02|0.00|0.00|0.00|-0.00|-0.00|0.00|-0.00|-0.00|0.00|0.00|-0.06|0.00|-0.01|-0.03|0.02|-0.03|0.00|0.00|77353.00|748.00
14.61422085762024|0.09|0.01|-0.01|-0.02|-0.02|0.00|0.00|0.00|-0.00|-0.00|0.00|-0.00|-0.00|0.00|0.00|-0.01|-0.01|-0.01|-0.03|0.01|-0.03|0.00|0.00|77351.00|747.00
14.752806186676025|0.10|0.00|0.01|0.03|0.01|0.00|0.00|0.00|0.00|0.00|0.00|0.00|-0.00|0.00|0.00|0.00|0.00|-0.01|-0.03|0.02|-0.03|0.00|0.00|77351.00|747.00
14.900378465652466|0.12|-0.00|-0.00|0.02|0.02|0.00|0.00|0.00|0.00|-0.00|0.00|0.00|0.00|0.00|0.00|-2.84|-0.15|-0.01|-0.03|0.02|-0.03|0.00|0.00|76954.00|726.00
15.047990083694458|0.10|-0.00|-0.02|-0.01|0.00|0.00|0.00|-0.06|0.00|-0.00|-0.00|0.00|0.00|0.00|0.00|-10.99|0.08|-0.01|-0.03|0.02|-0.03|0.00|0.00|75361.00|737.00
15.195595026016235|0.12|-0.01|0.00|-0.03|-0.01|0.00|0.00|-0.01|0.00|-0.00|-0.00|-0.00|0.00|0.00|0.00|-12.73|0.44|-0.01|-0.03|0.02|-0.03|0.00|0.00|73490.00|802.00
15.339164972305298|0.12|0.02|0.02|-0.00|0.01|0.00|0.00|0.02|-0.00|0.00|0.00|-0.00|0.00|0.00|0.00|-9.80|0.15|-0.01|-0.03|0.02|-0.03|0.00|0.00|72030.00|824.00
15.486812829971313|0.11|-0.01|-0.01|0.05|0.00|0.00|0.00|0.06|-0.00|0.00|0.00|0.00|0.00|0.00|0.00|-1.15|-0.08|-0.01|-0.03|0.02|-0.02|0.00|0.00|71866.00|813.00
15.629500150680542|0.10|0.01|-0.00|-0.05|-0.01|0.00|0.00|0.01|0.00|0.00|0.00|-0.00|0.00|0.00|0.00|-0.10|0.09|-0.01|-0.03|0.02|-0.02|0.00|0.00|71851.00|826.00
15.773008823394775|0.11|0.00|-0.00|0.03|-0.01|0.00|0.00|-0.02|-0.00|0.00|0.00|0.00|0.00|0.00|0.00|-2.51|0.06|-0.01|-0.03|0.02|-0.02|0.00|0.00|71487.00|834.00
15.92066216468811|0.11|-0.02|0.01|-0.08|-0.01|0.00|0.00|-0.04|0.00|-0.00|0.00|-0.01|-0.00|0.00|0.00|-8.51|0.35|-0.01|-0.03|0.01|-0.02|0.00|0.00|70262.00|885.00
16.06827139854431|0.12|0.01|-0.02|0.09|0.02|0.00|0.00|0.01|-0.00|0.00|-0.00|0.00|0.00|0.00|0.00|-6.72|-0.35|-0.01|-0.03|0.02|-0.02|0.00|0.00|69268.00|833.00
16.215866565704346|0.11|-0.01|-0.00|-0.12|-0.04|0.00|0.00|0.05|0.00|-0.00|-0.00|-0.01|-0.01|0.00|0.00|-0.01|0.01|-0.01|-0.03|0.01|-0.03|0.00|0.00|69267.00|834.00
16.362484455108643|0.11|0.01|-0.01|0.05|-0.03|0.00|0.00|0.00|-0.00|0.00|-0.00|-0.01|-0.01|0.00|0.00|0.14|-0.16|-0.01|-0.03|0.01|-0.03|0.00|0.00|69288.00|810.00
16.50613260269165|0.12|-0.03|0.02|0.06|0.04|0.00|0.00|0.00|0.00|-0.00|0.00|0.00|-0.00|0.00|0.00|0.70|0.18|-0.01|-0.03|0.01|-0.03|0.00|0.00|69390.00|836.00
16.649714469909668|0.12|0.00|-0.02|-0.03|0.04|0.00|0.00|0.00|0.00|-0.00|-0.00|-0.00|0.00|0.00|0.00|0.82|0.37|-0.01|-0.03|0.01|-0.03|0.00|0.00|69507.00|888.00
16.797320127487183|0.12|0.01|0.01|-0.05|-0.01|0.00|0.00|-0.01|-0.00|-0.00|0.00|-0.01|0.00|0.00|0.00|0.03|0.01|-0.01|-0.03|0.01|-0.03|0.00|0.00|69511.00|890.00
16.94088888168335|0.10|0.01|0.02|-0.01|0.05|0.00|0.00|-0.00|-0.00|0.00|0.00|-0.01|0.01|0.00|0.00|0.01|-0.03|-0.01|-0.03|0.01|-0.03|0.00|0.00|69512.00|885.00
17.08753538131714|0.10|-0.07|0.02|0.07|-0.04|0.00|0.00|-0.00|0.00|-0.01|0.01|0.00|0.00|0.00|0.00|-0.03|-0.01|-0.01|-0.03|0.01|-0.03|0.00|0.00|69508.00|883.00
17.23123526573181|0.12|0.07|-0.06|-0.00|-0.01|0.00|0.00|0.00|0.00|-0.00|-0.00|-0.00|0.00|0.00|0.00|0.21|-0.01|-0.01|-0.03|0.01|-0.03|0.00|0.00|69539.00|881.00
17.382736206054688|0.11|-0.01|0.00|-0.02|-0.02|0.00|0.00|-0.00|0.00|-0.00|-0.00|-0.00|-0.00|0.00|0.00|0.00|0.00|-0.01|-0.03|0.01|-0.03|0.00|0.00|69539.00|881.00
17.522337436676025|0.11|0.02|0.01|-0.01|0.05|0.00|0.00|-0.00|0.00|0.00|0.00|-0.01|0.01|0.00|0.00|0.00|0.00|-0.01|-0.03|0.01|-0.02|0.00|0.00|69539.00|881.00
17.669944524765015|0.12|-0.01|0.00|0.00|-0.04|0.00|0.00|-0.00|0.00|-0.00|0.00|-0.00|0.00|0.00|0.00|-1.44|-0.13|-0.01|-0.03|0.01|-0.02|0.00|0.00|69334.00|863.00
17.816591262817383|0.14|0.01|0.00|0.08|-0.00|0.00|0.00|-0.01|0.00|0.00|0.00|0.01|-0.00|0.00|0.00|-3.20|-0.12|-0.01|-0.03|0.01|-0.02|0.00|0.00|68863.00|845.00
17.96021795272827|0.11|-0.01|-0.00|-0.04|0.01|0.00|0.00|0.00|0.00|0.00|0.00|0.00|0.00|0.00|0.00|-3.19|0.10|-0.01|-0.03|0.01|-0.02|0.00|0.00|68401.00|860.00
18.10788106918335|0.12|-0.00|0.00|0.00|-0.02|0.00|0.00|-0.04|-0.00|-0.00|0.00|0.00|-0.00|0.00|0.00|-9.34|0.08|-0.01|-0.03|0.01|-0.02|0.00|0.00|67066.00|872.00
18.24745488166809|0.14|0.00|0.00|0.06|0.02|0.00|0.00|0.02|0.00|0.00|0.00|0.01|0.00|0.00|0.00|-7.10|0.31|-0.01|-0.03|0.01|-0.02|0.00|0.00|66022.00|918.00
18.39007043838501|0.13|0.00|-0.01|-0.04|-0.01|0.00|0.00|0.05|-0.00|0.00|0.00|0.00|0.00|0.00|0.00|-0.06|-0.01|-0.01|-0.03|0.01|-0.02|0.00|0.00|66013.00|916.00
18.537692308425903|0.11|-0.00|0.00|0.07|-0.04|0.00|0.00|-0.01|0.00|0.00|0.00|0.01|-0.01|0.00|0.00|-1.08|0.01|-0.01|-0.03|0.01|-0.02|0.00|0.00|65856.00|918.00
18.68129277229309|0.13|0.01|0.01|-0.05|0.03|0.00|0.00|-0.02|0.00|0.00|0.00|0.01|-0.00|0.00|0.00|-4.41|0.28|-0.01|-0.03|0.02|-0.03|0.00|0.00|65216.00|958.00
18.82900094985962|0.11|-0.01|-0.01|-0.03|-0.00|0.00|0.00|-0.01|-0.00|0.00|0.00|0.00|-0.00|0.00|0.00|-5.78|0.07|-0.01|-0.03|0.02|-0.03|0.00|0.00|64384.00|968.00
18.976500988006592|0.10|-0.01|-0.01|-0.03|0.01|0.00|0.00|-0.04|0.00|-0.00|-0.00|-0.00|0.00|0.00|0.00|-11.98|0.14|-0.01|-0.03|0.02|-0.02|0.00|0.00|62611.00|989.00
19.1230685710907|0.11|-0.00|0.01|0.01|0.01|0.00|0.00|0.00|0.00|-0.00|-0.00|-0.00|0.00|0.00|0.00|-11.67|0.18|-0.01|-0.03|0.02|-0.02|0.00|0.00|60884.00|1016.00
19.27071785926819|0.19|0.01|0.01|-0.00|-0.02|0.00|0.00|0.07|-0.00|0.00|0.00|-0.00|-0.00|0.00|0.00|-1.95|-0.07|-0.01|-0.03|0.02|-0.02|0.00|0.00|60598.00|1005.00
19.418407440185547|0.15|-0.01|-0.00|0.03|0.00|0.00|0.00|0.01|0.00|-0.00|0.00|0.00|-0.00|0.00|0.00|-0.02|0.05|-0.01|-0.03|0.02|-0.02|0.00|0.00|60595.00|1013.00
19.565924406051636|0.20|0.00|-0.01|-0.03|0.00|0.00|0.00|0.00|-0.00|-0.00|-0.00|-0.00|-0.00|0.00|0.00|-0.01|-0.09|-0.01|-0.03|0.02|-0.02|0.00|0.00|60593.00|1000.00
19.713564157485962|0.14|0.01|0.01|0.01|-0.00|0.00|0.00|0.00|0.00|0.00|0.00|-0.00|-0.00|0.00|0.00|0.04|-0.06|-0.01|-0.03|0.02|-0.02|0.00|0.00|60599.00|991.00
19.85715389251709|0.14|0.00|-0.00|-0.04|0.01|0.00|0.00|0.05|-0.00|0.00|0.00|-0.01|0.00|0.00|0.00|6.70|-0.19|-0.01|-0.03|0.01|-0.02|0.00|0.00|61557.00|964.00
20.003762006759644|0.13|-0.01|-0.00|-0.03|-0.02|0.00|0.00|-0.00|0.00|-0.00|0.00|-0.01|-0.00|0.00|0.00|6.54|0.04|-0.01|-0.03|0.01|-0.02|0.00|0.00|62506.00|970.00
20.147379636764526|0.14|0.00|0.00|0.07|0.01|0.00|0.00|0.03|-0.00|0.00|0.00|0.00|0.00|0.00|0.00|10.67|0.03|-0.01|-0.03|0.01|-0.02|0.00|0.00|64074.00|975.00
20.295056581497192|0.13|-0.00|0.02|-0.01|-0.03|0.00|0.00|0.06|-0.00|-0.00|0.00|-0.00|-0.00|0.00|0.00|19.69|-0.17|-0.01|-0.03|0.01|-0.03|0.00|0.00|66889.00|950.00
20.438599586486816|0.12|0.00|-0.02|0.04|0.00|0.00|0.00|-0.07|0.00|-0.00|-0.00|0.01|-0.00|0.00|0.00|9.97|0.06|-0.01|-0.03|0.01|-0.03|0.00|0.00|68365.00|959.00
20.585203886032104|0.12|-0.01|-0.00|-0.04|0.02|0.00|0.00|-0.04|0.00|-0.00|-0.00|-0.00|0.00|0.00|0.00|4.90|0.15|-0.01|-0.03|0.01|-0.03|0.00|0.00|69071.00|980.00
20.728826999664307|0.12|-0.00|0.01|0.03|0.01|0.00|0.00|-0.02|-0.00|-0.00|0.00|0.00|0.00|0.00|0.00|1.31|0.10|-0.01|-0.03|0.01|-0.03|0.00|0.00|69263.00|994.00
20.876436710357666|0.12|0.01|0.00|-0.02|-0.03|0.00|0.00|-0.01|0.00|-0.00|0.00|0.00|-0.00|0.00|0.00|-0.11|0.10|-0.01|-0.03|0.01|-0.03|0.00|0.00|69247.00|1008.00
21.023993015289307|0.13|0.00|0.00|0.03|-0.01|0.00|0.00|-0.01|-0.00|-0.00|0.00|0.01|-0.00|0.00|0.00|-0.87|-0.04|-0.01|-0.03|0.02|-0.03|0.00|0.00|69118.00|1002.00
21.167651414871216|0.12|0.00|-0.00|-0.03|0.02|0.00|0.00|-0.01|0.00|0.00|0.00|0.00|0.00|0.00|0.00|-1.94|0.05|-0.01|-0.03|0.02|-0.03|0.00|0.00|68833.00|1010.00
21.315212726593018|0.11|-0.01|-0.00|0.00|0.00|0.00|0.00|-0.02|0.00|-0.00|-0.00|0.00|0.00|0.00|0.00|-5.42|0.17|-0.01|-0.03|0.02|-0.03|0.00|0.00|68053.00|1034.00
21.46680760383606|0.12|-0.00|0.00|-0.05|-0.01|0.00|0.00|-0.00|0.00|-0.00|-0.00|-0.01|-0.00|0.00|0.00|-5.92|0.18|-0.01|-0.03|0.01|-0.03|0.00|0.00|67183.00|1061.00
21.60947608947754|0.13|0.00|0.00|0.02|-0.01|0.00|0.00|0.00|0.00|0.00|0.00|-0.00|-0.00|0.00|0.00|-5.89|0.27|-0.01|-0.03|0.01|-0.03|0.00|0.00|66305.00|1101.00
21.757036209106445|0.11|0.00|-0.00|-0.02|0.03|0.00|0.00|-0.01|-0.00|0.00|0.00|-0.01|0.00|0.00|0.00|-7.27|0.03|-0.01|-0.03|0.01|-0.03|0.00|0.00|65243.00|1106.00
21.908679008483887|0.11|-0.00|-0.00|0.02|-0.01|0.00|0.00|0.02|-0.00|-0.00|-0.00|-0.00|0.00|0.00|0.00|-4.53|-0.02|-0.01|-0.03|0.01|-0.03|0.00|0.00|64581.00|1103.00
22.05637502670288|0.11|0.00|0.00|-0.02|-0.03|0.00|0.00|0.03|-0.00|-0.00|0.00|-0.01|-0.00|0.00|0.00|-0.55|-0.03|-0.01|-0.03|0.01|-0.03|0.00|0.00|64499.00|1098.00
22.20384383201599|0.13|0.00|0.00|-0.06|-0.02|0.00|0.00|-0.01|0.00|0.00|0.00|-0.01|-0.01|0.00|0.00|-1.40|0.06|-0.01|-0.03|0.01|-0.03|0.00|0.00|64292.00|1107.00
22.350544452667236|0.13|0.00|-0.00|0.13|0.02|0.00|0.00|-0.00|-0.00|0.00|0.00|0.00|-0.00|0.00|0.00|-1.96|-0.01|-0.01|-0.03|0.01|-0.03|0.00|0.00|64004.00|1106.00
22.49809980392456|0.21|-0.01|-0.01|-0.04|0.01|0.00|0.00|-0.03|0.00|-0.00|-0.00|-0.00|-0.00|0.00|0.00|-6.39|0.13|-0.01|-0.03|0.01|-0.03|0.00|0.00|63065.00|1125.00
22.649654865264893|0.10|0.00|-0.00|-0.02|-0.03|0.00|0.00|0.02|-0.00|-0.00|-0.00|-0.00|-0.00|0.00|0.00|-2.93|0.01|-0.01|-0.03|0.01|-0.03|0.00|0.00|62626.00|1126.00
22.78932785987854|0.11|0.01|0.01|0.05|0.03|0.00|0.00|0.02|0.00|0.00|0.00|0.00|0.00|0.00|0.00|0.30|0.10|-0.01|-0.03|0.01|-0.03|0.00|0.00|62670.00|1141.00
22.9370334148407|0.14|-0.01|-0.00|-0.01|0.01|0.00|0.00|-0.00|0.00|-0.00|-0.00|0.00|0.00|0.00|0.00|0.03|0.23|-0.01|-0.03|0.01|-0.03|0.00|0.00|62674.00|1173.00
23.084528923034668|0.21|0.00|0.01|-0.01|0.01|0.00|0.00|-0.00|-0.00|-0.00|0.00|0.00|0.00|0.00|0.00|-0.01|0.01|-0.01|-0.03|0.01|-0.03|0.00|0.00|62672.00|1174.00
23.231215715408325|0.32|0.00|0.00|0.01|-0.01|0.00|0.00|-0.00|-0.00|-0.00|0.00|0.00|0.00|0.00|0.00|-0.01|-0.09|-0.01|-0.03|0.01|-0.03|0.00|0.00|62670.00|1161.00
23.37475824356079|0.35|0.00|0.00|-0.02|-0.02|0.00|0.00|-0.00|0.00|0.00|0.00|0.00|0.00|0.00|0.00|-0.02|0.21|-0.01|-0.03|0.01|-0.03|0.00|0.00|62667.00|1192.00
23.518331289291382|0.13|0.00|0.00|-0.00|0.03|0.00|0.00|0.02|-0.00|0.00|0.00|-0.00|0.00|0.00|0.00|2.84|-0.16|-0.01|-0.03|0.01|-0.03|0.00|0.00|63076.00|1169.00
23.662092447280884|0.12|-0.00|-0.00|0.09|0.01|0.00|0.00|0.07|0.00|0.00|0.00|0.01|0.01|0.00|0.00|13.38|0.05|-0.01|-0.03|0.01|-0.02|0.00|0.00|65003.00|1176.00
23.809553861618042|0.10|0.00|-0.00|-0.08|-0.02|0.00|0.00|-0.07|-0.00|0.00|-0.00|0.00|0.00|0.00|0.00|3.32|-0.21|-0.01|-0.03|0.01|-0.02|0.00|0.00|65481.00|1146.00
23.956166982650757|0.11|0.00|0.01|-0.01|-0.03|0.00|0.00|-0.06|0.00|0.00|0.00|-0.00|-0.00|0.00|0.00|-5.33|0.27|-0.01|-0.03|0.01|-0.02|0.00|0.00|64692.00|1186.00
24.10377073287964|0.10|0.01|-0.01|0.02|0.07|0.00|0.00|-0.02|-0.00|0.00|-0.00|0.00|0.01|0.00|0.00|-7.94|-0.12|-0.01|-0.03|0.01|-0.02|0.00|0.00|63525.00|1169.00
24.2474365234375|0.34|0.00|0.01|0.06|-0.01|0.00|0.00|0.01|0.00|0.00|0.00|0.01|0.01|0.00|0.00|-7.19|0.10|-0.01|-0.03|0.02|-0.02|0.00|0.00|62475.00|1184.00
24.394994974136353|0.31|-0.01|-0.00|-0.07|-0.04|0.00|0.00|0.04|0.00|0.00|0.00|0.00|0.00|0.00|0.00|-1.94|0.13|-0.01|-0.03|0.02|-0.02|0.00|0.00|62198.00|1203.00
24.546735763549805|0.30|-0.01|-0.01|-0.10|-0.08|0.00|0.00|0.01|-0.00|-0.00|-0.00|-0.01|-0.01|0.00|0.00|-0.88|-0.20|-0.01|-0.03|0.01|-0.02|0.00|0.00|62070.00|1174.00
24.694228649139404|0.24|-0.00|-0.01|0.03|0.00|0.00|0.00|-0.01|0.00|-0.00|-0.00|-0.01|-0.01|0.00|0.00|-3.13|0.11|-0.01|-0.03|0.01|-0.03|0.00|0.00|61591.00|1191.00
24.84180521965027|0.20|0.00|0.00|-0.05|0.07|0.00|0.00|0.02|-0.00|-0.00|-0.00|-0.02|0.00|0.00|0.00|0.20|-0.18|-0.01|-0.03|0.01|-0.03|0.00|0.00|61620.00|1164.00
24.98444890975952|0.12|0.00|0.01|0.15|-0.10|0.00|0.00|0.01|0.00|-0.00|-0.00|0.01|-0.01|0.00|0.00|1.19|0.25|-0.01|-0.03|0.01|-0.03|0.00|0.00|61794.00|1201.00
25.13216733932495|0.09|0.01|0.01|-0.05|0.12|0.00|0.00|0.15|-0.00|0.00|0.00|-0.00|0.00|0.00|0.00|22.78|-0.19|-0.01|-0.03|0.01|-0.03|0.00|0.00|65097.00|1174.00
25.279682636260986|0.13|-0.00|-0.02|0.02|-0.04|0.00|0.00|-0.07|-0.00|0.00|-0.00|0.00|-0.00|0.00|0.00|12.05|-0.42|-0.01|-0.03|0.01|-0.03|0.00|0.00|66844.00|1113.00
25.42723798751831|0.13|-0.00|0.00|-0.01|0.03|0.00|0.00|-0.07|0.00|0.00|-0.00|0.00|0.00|0.00|0.00|1.36|0.02|-0.01|-0.03|0.01|-0.03|0.00|0.00|67050.00|1116.00
25.57898259162903|0.13|-0.00|-0.00|-0.01|-0.01|0.00|0.00|-0.03|-0.00|-0.00|-0.00|-0.00|0.00|0.00|0.00|-2.48|-0.09|-0.01|-0.03|0.01|-0.03|0.00|0.00|66693.00|1103.00
25.72649383544922|0.12|0.01|-0.00|-0.01|-0.01|0.00|0.00|-0.02|0.00|0.00|-0.00|-0.00|-0.00|0.00|0.00|-5.64|0.19|-0.01|-0.03|0.01|-0.03|0.00|0.00|65835.00|1132.00
25.86919927597046|0.09|0.00|0.01|0.01|0.02|0.00|0.00|0.04|-0.00|0.00|0.00|0.00|0.00|0.00|0.00|0.01|0.00|-0.01|-0.03|0.01|-0.03|0.00|0.00|65836.00|1132.00
26.016716718673706|0.15|-0.00|-0.01|0.00|-0.01|0.00|0.00|-0.00|-0.00|0.00|0.00|0.00|0.00|0.00|0.00|-0.45|-0.06|-0.01|-0.03|0.01|-0.03|0.00|0.00|65773.00|1124.00
26.160332918167114|0.13|0.00|0.00|0.00|0.00|0.00|0.00|-0.03|-0.00|0.00|0.00|0.00|0.00|0.00|0.00|-4.44|-0.26|-0.01|-0.03|0.01|-0.03|0.00|0.00|65111.00|1086.00
26.30794358253479|0.14|-0.01|-0.01|-0.01|0.03|0.00|0.00|0.03|0.00|-0.00|-0.00|-0.00|0.01|0.00|0.00|-0.46|0.02|-0.01|-0.03|0.01|-0.03|0.00|0.00|65045.00|1089.00
26.45552396774292|0.14|0.00|0.01|-0.01|-0.04|0.00|0.00|-0.04|0.00|-0.00|0.00|-0.00|0.00|0.00|0.00|-6.77|0.04|-0.01|-0.03|0.01|-0.03|0.00|0.00|64043.00|1095.00
26.602150201797485|0.10|-0.01|-0.00|0.01|-0.00|0.00|0.00|0.02|0.00|-0.00|-0.00|0.00|0.00|0.00|0.00|-3.71|0.10|-0.01|-0.03|0.01|-0.03|0.00|0.00|63501.00|1110.00
26.74579691886902|0.12|0.01|0.01|0.01|0.00|0.00|0.00|0.00|-0.00|-0.00|0.00|0.00|0.00|0.00|0.00|-3.24|0.01|-0.01|-0.03|0.01|-0.03|0.00|0.00|63024.00|1111.00
26.893927097320557|0.13|-0.00|-0.00|-0.01|0.01|0.00|0.00|-0.01|0.00|-0.00|0.00|-0.00|0.00|0.00|0.00|-4.99|0.18|-0.01|-0.03|0.01|-0.03|0.00|0.00|62306.00|1137.00
27.04519820213318|0.14|0.00|-0.01|-0.01|-0.02|0.00|0.00|0.03|-0.00|-0.00|-0.00|-0.00|-0.00|0.00|0.00|-1.03|0.03|-0.01|-0.03|0.01|-0.03|0.00|0.00|62155.00|1142.00
27.191805362701416|0.15|0.00|0.00|-0.02|0.00|0.00|0.00|0.00|-0.00|0.00|0.00|-0.00|-0.00|0.00|0.00|-0.99|-0.03|-0.01|-0.03|0.01|-0.03|0.00|0.00|62006.00|1137.00
27.339490175247192|0.18|-0.00|-0.00|0.02|0.02|0.00|0.00|0.01|-0.00|-0.00|0.00|-0.00|0.00|0.00|0.00|-0.07|-0.10|-0.01|-0.03|0.01|-0.03|0.00|0.00|61996.00|1122.00
27.487014055252075|0.14|0.00|-0.01|-0.01|-0.01|0.00|0.00|0.00|0.00|-0.00|-0.00|-0.00|0.00|0.00|0.00|-0.07|-0.03|-0.01|-0.03|0.01|-0.03|0.00|0.00|61986.00|1118.00
27.63463068008423|0.16|0.00|0.00|0.01|-0.01|0.00|0.00|-0.00|-0.00|0.00|-0.00|-0.00|-0.00|0.00|0.00|-0.09|-0.05|-0.01|-0.03|0.01|-0.03|0.00|0.00|61972.00|1111.00
27.786174774169922|0.16|-0.00|-0.00|0.01|-0.01|0.00|0.00|0.00|-0.00|0.00|-0.00|0.00|-0.00|0.00|0.00|-0.01|-0.06|-0.01|-0.03|0.01|-0.03|0.00|0.00|61970.00|1102.00
27.929837226867676|0.15|0.01|0.01|-0.02|0.01|0.00|0.00|0.00|0.00|0.00|0.00|-0.00|-0.00|0.00|0.00|0.20|0.04|-0.01|-0.03|0.01|-0.03|0.00|0.00|62000.00|1108.00
28.077439308166504|0.14|-0.00|0.00|-0.01|-0.05|0.00|0.00|0.03|-0.00|0.00|0.00|-0.00|-0.01|0.00|0.00|4.40|-0.16|-0.01|-0.03|0.01|-0.03|0.00|0.00|62634.00|1085.00
28.22010636329651|0.10|0.01|-0.00|0.07|-0.01|0.00|0.00|0.01|0.00|0.00|0.00|0.01|-0.01|0.00|0.00|5.93|-0.03|-0.01|-0.03|0.01|-0.03|0.00|0.00|63511.00|1080.00
28.367659091949463|0.21|-0.02|0.01|0.07|-0.02|0.00|0.00|0.25|0.01|-0.00|0.00|0.02|-0.01|0.00|0.00|42.68|1.01|-0.01|-0.03|0.01|-0.03|0.00|0.00|69699.00|1226.00
28.515340089797974|0.14|-0.00|0.00|0.01|0.02|0.00|0.00|0.09|-0.01|-0.00|0.00|0.02|-0.01|0.00|0.00|55.39|-0.96|-0.01|-0.03|0.02|-0.03|0.00|0.00|77730.00|1087.00
28.662911891937256|0.14|-0.02|-0.01|-0.03|-0.08|0.00|0.00|-0.14|0.01|-0.00|0.00|0.01|-0.02|0.00|0.00|34.25|0.71|-0.01|-0.03|0.02|-0.03|0.00|0.00|82731.00|1191.00
28.810547351837158|0.18|-0.12|0.05|0.05|0.08|0.00|0.00|0.02|-0.01|-0.02|0.01|0.02|-0.01|0.00|0.00|36.82|-0.89|-0.02|-0.03|0.02|-0.04|0.00|0.00|88217.00|1058.00
28.958102464675903|0.11|-0.19|0.17|0.08|0.02|0.00|0.00|-0.09|0.00|-0.05|0.03|0.03|-0.01|0.00|0.00|23.61|-0.54|-0.02|-0.02|0.03|-0.04|0.00|0.00|91687.00|979.00
29.10087823867798|0.12|0.22|-0.10|-0.15|0.09|0.00|0.00|-0.15|0.01|-0.02|0.02|0.01|0.01|0.00|0.00|1.22|0.60|-0.03|-0.02|0.03|-0.04|0.00|0.00|91865.00|1066.00
29.248421907424927|0.12|-0.07|0.05|-0.03|0.00|0.00|0.00|-0.01|-0.01|-0.03|0.02|0.01|0.01|0.00|0.00|-0.36|-0.15|-0.03|-0.02|0.03|-0.03|0.00|0.00|91813.00|1045.00
29.396042585372925|0.13|0.19|-0.16|-0.05|-0.03|0.00|0.00|-0.00|-0.00|0.00|0.00|-0.00|0.00|0.00|0.00|-1.00|-0.22|-0.03|-0.02|0.03|-0.03|0.00|0.00|91665.00|1012.00
29.543596744537354|0.13|-0.01|-0.08|0.05|0.05|0.00|0.00|-0.01|-0.00|-0.00|-0.01|0.01|0.01|0.00|0.00|-2.09|-0.29|-0.03|-0.02|0.03|-0.03|0.00|0.00|91356.00|969.00
29.69124126434326|0.11|0.04|-0.09|-0.04|-0.03|0.00|0.00|-0.02|0.00|0.01|-0.03|0.00|0.01|0.00|0.00|-4.68|-0.08|-0.03|-0.02|0.03|-0.03|0.00|0.00|90658.00|957.00
29.837806940078735|0.11|0.03|-0.04|0.05|0.09|0.00|0.00|-0.05|0.00|0.01|-0.03|0.01|0.02|0.00|0.00|-11.64|0.00|-0.03|-0.03|0.03|-0.03|0.00|0.00|88959.00|957.00
29.98541283607483|0.11|-0.07|0.25|-0.07|0.01|0.00|0.00|-0.18|0.00|-0.00|0.00|-0.00|0.02|0.00|0.00|-37.13|1.06|-0.03|-0.03|0.03|-0.03|0.00|0.00|83613.00|1110.00
30.13302206993103|0.13|-0.01|0.03|-0.01|-0.11|0.00|0.00|-0.08|-0.01|-0.00|0.01|-0.00|0.01|0.00|0.00|-49.01|0.07|-0.03|-0.02|0.03|-0.02|0.00|0.00|76359.00|1120.00
30.280625104904175|0.12|0.09|-0.16|0.01|-0.02|0.00|0.00|0.15|-0.00|0.01|-0.02|-0.00|0.00|0.00|0.00|-26.78|0.04|-0.03|-0.03|0.03|-0.02|0.00|0.00|72369.00|1126.00
30.42823100090027|0.12|-0.12|0.15|-0.02|0.03|0.00|0.00|0.13|0.00|-0.01|0.01|-0.00|0.01|0.00|0.00|-8.03|0.23|-0.03|-0.03|0.03|-0.02|0.00|0.00|71172.00|1161.00
30.575836181640625|0.11|0.02|-0.01|0.02|-0.05|0.00|0.00|-0.12|-0.00|-0.00|0.01|-0.00|0.00|0.00|0.00|-25.83|0.00|-0.03|-0.02|0.03|-0.02|0.00|0.00|67426.00|1161.00
30.722445726394653|0.10|0.02|0.04|0.01|-0.04|0.00|0.00|0.10|-0.00|-0.00|0.01|0.00|-0.01|0.00|0.00|-10.84|0.18|-0.03|-0.02|0.03|-0.02|0.00|0.00|65811.00|1188.00
30.870142221450806|0.12|0.00|-0.03|-0.05|0.00|0.00|0.00|0.09|-0.00|-0.00|0.01|-0.01|-0.00|0.00|0.00|2.91|-0.23|-0.03|-0.02|0.03|-0.02|0.00|0.00|66236.00|1154.00
31.017744541168213|0.13|-0.00|-0.03|0.04|0.05|0.00|0.00|-0.00|0.00|-0.00|0.00|-0.00|0.00|0.00|0.00|2.23|-0.20|-0.03|-0.02|0.03|-0.02|0.00|0.00|66569.00|1124.00
31.16534972190857|0.13|0.00|0.01|0.02|-0.03|0.00|0.00|-0.02|0.00|0.00|0.00|0.00|-0.00|0.00|0.00|-0.25|0.04|-0.03|-0.02|0.03|-0.02|0.00|0.00|66533.00|1130.00
31.31295657157898|0.13|0.01|-0.03|-0.01|0.01|0.00|0.00|0.00|-0.00|0.00|-0.00|-0.00|-0.00|0.00|0.00|-0.05|0.01|-0.03|-0.02|0.03|-0.02|0.00|0.00|66526.00|1131.00
31.459748029708862|0.11|0.01|-0.06|-0.00|0.00|0.00|0.00|0.02|-0.00|0.00|-0.01|-0.00|-0.00|0.00|0.00|2.62|-0.08|-0.03|-0.02|0.03|-0.03|0.00|0.00|66914.00|1119.00
31.603360414505005|0.11|-0.01|-0.00|0.01|0.01|0.00|0.00|-0.00|0.00|0.00|-0.01|0.00|-0.00|0.00|0.00|2.19|0.05|-0.03|-0.02|0.03|-0.03|0.00|0.00|67236.00|1126.00
31.751168251037598|0.11|-0.01|0.04|-0.01|0.02|0.00|0.00|-0.02|0.00|0.00|-0.00|-0.00|0.00|0.00|0.00|-0.84|0.10|-0.03|-0.02|0.03|-0.03|0.00|0.00|67113.00|1141.00
31.902771711349487|0.10|0.02|-0.02|-0.01|-0.03|0.00|0.00|-0.04|0.00|0.00|-0.01|-0.00|-0.00|0.00|0.00|-7.10|0.28|-0.03|-0.03|0.03|-0.03|0.00|0.00|66077.00|1182.00
32.04938054084778|0.10|-0.00|0.03|-0.04|-0.03|0.00|0.00|0.04|-0.00|0.00|-0.00|-0.01|-0.01|0.00|0.00|-0.61|0.06|-0.03|-0.03|0.03|-0.03|0.00|0.00|65986.00|1191.00
32.1929931640625|0.11|-0.02|0.02|0.08|0.08|0.00|0.00|0.01|-0.00|-0.00|-0.00|0.00|0.00|0.00|0.00|1.02|-0.05|-0.03|-0.03|0.03|-0.03|0.00|0.00|66137.00|1183.00
32.34060311317444|0.12|0.01|0.00|-0.03|-0.03|0.00|0.00|-0.01|0.00|0.00|0.00|-0.00|0.00|0.00|0.00|0.01|0.05|-0.03|-0.03|0.03|-0.03|0.00|0.00|66138.00|1191.00
32.48820924758911|0.12|-0.00|0.00|0.01|-0.01|0.00|0.00|-0.00|-0.00|0.00|0.00|-0.00|-0.00|0.00|0.00|-0.03|0.03|-0.03|-0.03|0.03|-0.03|0.00|0.00|66133.00|1196.00
32.63581204414368|0.12|0.01|-0.01|-0.00|0.01|0.00|0.00|0.00|-0.00|0.00|-0.00|-0.00|0.00|0.00|0.00|0.01|-0.08|-0.02|-0.03|0.03|-0.03|0.00|0.00|66135.00|1184.00
32.78342127799988|0.12|-0.01|0.00|0.00|0.02|0.00|0.00|-0.00|0.00|-0.00|-0.00|-0.00|0.00|0.00|0.00|0.00|-0.01|-0.02|-0.03|0.03|-0.02|0.00|0.00|66135.00|1182.00
32.92603588104248|0.12|0.00|0.01|-0.00|-0.02|0.00|0.00|-0.00|0.00|0.00|0.00|-0.00|0.00|0.00|0.00|-1.12|0.08|-0.02|-0.03|0.03|-0.02|0.00|0.00|65971.00|1193.00
33.073671102523804|0.10|0.01|-0.01|0.00|-0.01|0.00|0.00|-0.03|-0.00|0.00|-0.00|-0.00|0.00|0.00|0.00|-5.66|0.06|-0.02|-0.03|0.03|-0.02|0.00|0.00|65145.00|1202.00
33.2212769985199|0.10|0.01|-0.02|0.01|-0.01|0.00|0.00|-0.03|-0.00|0.00|-0.00|0.00|-0.00|0.00|0.00|-9.70|0.05|-0.02|-0.03|0.03|-0.02|0.00|0.00|63709.00|1209.00
33.368879079818726|0.11|0.02|-0.02|-0.00|0.01|0.00|0.00|0.05|0.00|0.01|-0.01|0.00|-0.00|0.00|0.00|-1.62|0.11|-0.02|-0.03|0.03|-0.02|0.00|0.00|63469.00|1226.00
33.516489028930664|0.11|-0.05|0.07|-0.00|0.00|0.00|0.00|0.01|-0.00|-0.00|0.00|-0.00|0.00|0.00|0.00|-0.01|0.00|-0.02|-0.03|0.03|-0.02|0.00|0.00|63467.00|1226.00
33.664095878601074|0.11|0.02|-0.03|-0.00|0.00|0.00|0.00|0.00|-0.00|0.00|-0.00|-0.00|0.00|0.00|0.00|0.00|-0.01|-0.02|-0.03|0.03|-0.02|0.00|0.00|63467.00|1225.00
33.80671954154968|0.11|-0.00|0.01|0.01|-0.01|0.00|0.00|0.00|0.00|0.00|-0.00|0.00|-0.00|0.00|0.00|0.00|0.00|-0.02|-0.03|0.03|-0.02|0.00|0.00|63467.00|1225.00
33.95034074783325|0.11|0.00|0.00|0.00|0.01|0.00|0.00|0.00|0.00|0.00|-0.00|0.00|0.00|0.00|0.00|0.00|0.00|-0.02|-0.03|0.03|-0.02|0.00|0.00|63467.00|1225.00
34.093952894210815|0.11|-0.01|0.01|-0.01|-0.00|0.00|0.00|0.00|0.00|-0.00|0.00|-0.00|0.00|0.00|0.00|0.00|0.00|-0.02|-0.03|0.03|-0.02|0.00|0.00|63467.00|1225.00
34.24156308174133|0.11|0.01|-0.01|0.00|-0.00|0.00|0.00|0.00|0.00|0.00|-0.00|-0.00|0.00|0.00|0.00|0.00|0.00|-0.02|-0.03|0.03|-0.02|0.00|0.00|63467.00|1225.00
34.38816809654236|0.11|-0.00|-0.01|-0.00|-0.00|0.00|0.00|0.00|0.00|0.00|-0.00|-0.00|-0.00|0.00|0.00|4.51|0.13|-0.02|-0.03|0.03|-0.02|0.00|0.00|64116.00|1244.00
34.53178858757019|0.13|0.00|0.00|-0.01|0.01|0.00|0.00|0.05|-0.00|0.00|-0.00|-0.00|0.00|0.00|0.00|12.37|-0.33|-0.02|-0.03|0.03|-0.02|0.00|0.00|65947.00|1195.00
34.67939376831055|0.12|-0.02|0.02|0.01|0.01|0.00|0.00|-0.06|0.00|-0.00|0.00|-0.00|0.00|0.00|0.00|3.14|-0.23|-0.02|-0.03|0.03|-0.02|0.00|0.00|66405.00|1162.00
34.82706665992737|0.11|0.00|0.01|0.00|-0.01|0.00|0.00|-0.02|0.00|-0.00|0.00|-0.00|0.00|0.00|0.00|-0.01|0.03|-0.02|-0.03|0.03|-0.02|0.00|0.00|66404.00|1167.00
34.970664501190186|0.11|-0.00|0.01|-0.01|0.00|0.00|0.00|0.00|-0.00|-0.00|0.00|-0.00|0.00|0.00|0.00|0.00|-0.09|-0.02|-0.03|0.03|-0.02|0.00|0.00|66404.00|1154.00
35.122212648391724|0.11|-0.00|-0.00|0.00|-0.01|0.00|0.00|0.00|-0.00|-0.00|0.00|-0.00|-0.00|0.00|0.00|-0.31|-0.19|-0.02|-0.03|0.03|-0.02|0.00|0.00|66358.00|1126.00
35.26886749267578|0.12|0.02|-0.04|0.00|0.00|0.00|0.00|0.00|0.00|0.00|-0.00|-0.00|0.00|0.00|0.00|-0.05|-0.09|-0.02|-0.03|0.03|-0.02|0.00|0.00|66350.00|1112.00
35.416568756103516|0.13|-0.02|0.04|-0.00|0.00|0.00|0.00|0.00|0.00|-0.00|0.00|-0.00|0.00|0.00|0.00|-0.03|-0.04|-0.02|-0.03|0.03|-0.02|0.00|0.00|66345.00|1106.00
35.56008720397949|0.12|0.01|-0.02|0.00|-0.02|0.00|0.00|0.00|0.00|0.00|0.00|-0.00|-0.00|0.00|0.00|-0.02|0.01|-0.02|-0.03|0.03|-0.02|0.00|0.00|66342.00|1108.00
35.70369338989258|0.11|0.01|-0.01|-0.01|0.01|0.00|0.00|0.00|0.00|0.00|-0.00|-0.00|0.00|0.00|0.00|0.02|0.03|-0.02|-0.03|0.03|-0.02|0.00|0.00|66345.00|1112.00
35.851330041885376|0.12|0.00|-0.00|0.00|0.01|0.00|0.00|-0.00|-0.00|0.00|-0.00|-0.00|0.00|0.00|0.00|0.00|0.00|-0.02|-0.03|0.03|-0.02|0.00|0.00|66345.00|1112.00
35.99893879890442|0.12|0.02|-0.02|-0.00|-0.02|0.00|0.00|-0.00|-0.00|0.00|-0.00|-0.00|-0.00|0.00|0.00|0.00|0.00|-0.02|-0.03|0.03|-0.02|0.00|0.00|66345.00|1112.00
36.14556121826172|0.10|-0.01|0.02|0.00|0.02|0.00|0.00|-0.00|-0.00|0.00|-0.00|-0.00|0.00|0.00|0.00|0.00|0.00|-0.02|-0.03|0.03|-0.02|0.00|0.00|66345.00|1112.00
36.29319500923157|0.13|0.01|-0.03|0.00|-0.00|0.00|0.00|-0.00|-0.00|0.00|-0.01|-0.00|0.00|0.00|0.00|0.00|0.00|-0.02|-0.03|0.03|-0.02|0.00|0.00|66345.00|1112.00
36.44071412086487|0.12|-0.03|0.04|-0.00|-0.01|0.00|0.00|-0.00|-0.00|0.00|-0.00|-0.00|0.00|0.00|0.00|0.00|0.00|-0.02|-0.03|0.03|-0.02|0.00|0.00|66345.00|1112.00
36.58799362182617|0.11|0.01|0.00|0.00|-0.00|0.00|0.00|-0.00|-0.00|0.00|-0.00|-0.00|0.00|0.00|0.00|0.00|0.00|-0.02|-0.03|0.03|-0.02|0.00|0.00|66345.00|1112.00
36.73551344871521|0.12|0.01|-0.01|-0.00|-0.00|0.00|0.00|-0.00|-0.00|0.00|-0.00|-0.00|0.00|0.00|0.00|0.00|0.00|-0.02|-0.03|0.03|-0.02|0.00|0.00|66345.00|1112.00
36.88312554359436|0.13|-0.02|0.02|0.00|-0.00|0.00|0.00|-0.00|-0.00|-0.00|0.00|-0.00|-0.00|0.00|0.00|0.00|0.00|-0.02|-0.03|0.03|-0.02|0.00|0.00|66345.00|1112.00
37.026750326156616|0.11|0.00|-0.00|0.00|0.01|0.00|0.00|-0.00|-0.00|0.00|0.00|-0.00|0.00|0.00|0.00|0.00|0.00|-0.02|-0.03|0.03|-0.02|0.00|0.00|66345.00|1112.00
37.17375659942627|0.12|-0.02|0.03|-0.00|0.01|0.00|0.00|-0.00|-0.00|-0.00|0.00|-0.00|0.00|0.00|0.00|0.00|0.00|-0.02|-0.03|0.03|-0.02|0.00|0.00|66345.00|1112.00
37.32138538360596|0.12|0.02|-0.03|-0.00|-0.01|0.00|0.00|-0.00|-0.00|0.00|-0.00|-0.00|0.00|0.00|0.00|0.00|0.00|-0.02|-0.03|0.03|-0.02|0.00|0.00|66345.00|1112.00
37.464985370635986|0.12|-0.02|0.04|0.00|0.00|0.00|0.00|-0.00|-0.00|-0.00|0.01|0.00|0.00|0.00|0.00|0.00|0.00|-0.02|-0.03|0.03|-0.02|0.00|0.00|66345.00|1112.00
37.612553358078|0.11|-0.02|0.01|-0.01|0.03|0.00|0.00|-0.00|-0.00|-0.01|0.01|-0.00|0.00|0.00|0.00|-0.66|0.13|-0.02|-0.03|0.02|-0.02|0.00|0.00|66250.00|1130.00
37.759161949157715|0.11|0.08|-0.04|-0.00|-0.03|0.00|0.00|-0.02|0.00|0.01|0.00|-0.00|0.00|0.00|0.00|-3.02|0.18|-0.02|-0.02|0.02|-0.02|0.00|0.00|65803.00|1157.00
37.911765575408936|0.11|-0.01|-0.04|0.01|-0.01|0.00|0.00|-0.01|-0.00|0.00|-0.00|-0.00|-0.00|0.00|0.00|-3.79|0.05|-0.02|-0.03|0.02|-0.02|0.00|0.00|65246.00|1165.00
38.06242370605469|0.12|-0.00|-0.04|0.00|-0.01|0.00|0.00|-0.00|-0.00|0.00|-0.01|0.00|-0.00|0.00|0.00|-4.28|-0.06|-0.02|-0.03|0.02|-0.02|0.00|0.00|64608.00|1156.00
38.21000361442566|0.11|0.01|-0.02|-0.01|0.00|0.00|0.00|0.00|-0.00|0.01|-0.01|-0.00|-0.00|0.00|0.00|-3.96|-0.33|-0.02|-0.03|0.02|-0.02|0.00|0.00|64014.00|1107.00
38.357616901397705|0.12|-0.03|0.07|0.00|0.02|0.00|0.00|-0.01|0.00|0.00|-0.00|-0.00|0.00|0.00|0.00|-5.32|-0.09|-0.02|-0.03|0.02|-0.02|0.00|0.00|63221.00|1094.00
38.5051748752594|0.12|-0.03|0.03|-0.00|-0.01|0.00|0.00|0.03|0.00|-0.00|0.00|-0.00|-0.00|0.00|0.00|-0.99|-0.01|-0.02|-0.03|0.02|-0.02|0.00|0.00|63076.00|1093.00
38.652820348739624|0.13|0.00|-0.01|-0.00|0.00|0.00|0.00|0.01|0.00|-0.00|0.00|-0.00|-0.00|0.00|0.00|0.00|0.03|-0.02|-0.03|0.02|-0.02|0.00|0.00|63076.00|1098.00
38.79639911651611|0.11|0.01|-0.01|-0.00|0.01|0.00|0.00|0.01|0.00|0.00|-0.00|-0.00|0.00|0.00|0.00|-0.21|0.20|-0.02|-0.03|0.02|-0.02|0.00|0.00|63045.00|1127.00
38.94305610656738|0.11|-0.00|0.03|0.00|-0.00|0.00|0.00|-0.01|-0.00|0.00|0.00|-0.00|0.00|0.00|0.00|-1.43|0.14|-0.02|-0.03|0.02|-0.02|0.00|0.00|62838.00|1148.00
39.090646266937256|0.12|-0.01|-0.02|-0.00|0.00|0.00|0.00|0.00|-0.00|-0.00|0.00|-0.00|0.00|0.00|0.00|-1.16|0.00|-0.02|-0.03|0.02|-0.02|0.00|0.00|62667.00|1148.00
39.23793172836304|0.12|-0.01|0.01|0.01|0.01|0.00|0.00|0.01|-0.00|-0.00|0.00|-0.00|0.00|0.00|0.00|-0.19|0.01|-0.02|-0.03|0.02|-0.02|0.00|0.00|62639.00|1150.00
39.38153100013733|0.13|0.01|-0.00|-0.01|0.01|0.00|0.00|0.00|0.00|-0.00|0.00|-0.00|0.00|0.00|0.00|-0.06|0.04|-0.02|-0.03|0.02|-0.02|0.00|0.00|62631.00|1156.00
39.52912974357605|0.11|0.01|-0.01|0.01|-0.00|0.00|0.00|0.00|-0.00|0.00|0.00|-0.00|0.00|0.00|0.00|-0.01|-0.03|-0.02|-0.03|0.02|-0.02|0.00|0.00|62629.00|1152.00
39.680745363235474|0.12|-0.00|-0.01|-0.01|-0.01|0.00|0.00|0.00|0.00|-0.00|-0.00|-0.00|0.00|0.00|0.00|0.00|-0.01|-0.02|-0.03|0.02|-0.02|0.00|0.00|62629.00|1151.00
39.82435417175293|0.13|0.00|0.01|0.01|-0.03|0.00|0.00|0.00|-0.00|-0.00|0.00|-0.00|-0.00|0.00|0.00|0.00|-0.06|-0.02|-0.03|0.02|-0.02|0.00|0.00|62629.00|1142.00
39.97196102142334|0.13|0.01|-0.01|-0.02|0.02|0.00|0.00|0.00|0.00|0.00|-0.00|-0.00|-0.00|0.00|0.00|0.01|-0.02|-0.02|-0.03|0.02|-0.02|0.00|0.00|62631.00|1139.00
40.11853075027466|0.11|-0.01|0.01|0.03|-0.01|0.00|0.00|0.00|-0.00|0.00|-0.00|0.00|-0.00|0.00|0.00|0.14|-0.26|-0.02|-0.03|0.02|-0.02|0.00|0.00|62651.00|1101.00
40.26613688468933|0.10|-0.00|0.00|-0.02|-0.02|0.00|0.00|0.01|0.00|0.00|-0.00|-0.00|-0.01|0.00|0.00|1.77|-0.13|-0.02|-0.03|0.02|-0.02|0.00|0.00|62909.00|1082.00
40.413743019104004|0.11|0.01|-0.01|0.01|-0.04|0.00|0.00|-0.01|0.00|0.00|-0.00|-0.00|-0.01|0.00|0.00|0.88|0.01|-0.02|-0.03|0.02|-0.03|0.00|0.00|63040.00|1084.00
40.56533432006836|0.12|-0.07|-0.02|-0.02|0.02|0.00|0.00|0.06|-0.00|-0.01|-0.00|-0.00|-0.01|0.00|0.00|8.91|-0.02|-0.02|-0.03|0.02|-0.03|0.00|0.00|64341.00|1081.00
40.712989807128906|0.12|0.02|0.04|-0.03|0.01|0.00|0.00|0.16|-0.00|-0.01|0.00|-0.01|-0.01|0.00|0.00|32.87|-0.29|-0.02|-0.03|0.02|-0.03|0.00|0.00|69239.00|1038.00
40.8606641292572|0.12|0.04|-0.03|0.06|-0.03|0.00|0.00|-0.13|-0.00|-0.00|-0.00|0.00|-0.01|0.00|0.00|13.47|-0.82|-0.02|-0.03|0.02|-0.03|0.00|0.00|71233.00|916.00
41.003214836120605|0.14|0.00|0.02|-0.02|0.10|0.00|0.00|-0.08|0.01|0.00|-0.00|-0.00|0.00|0.00|0.00|1.54|-0.05|-0.02|-0.03|0.02|-0.03|0.00|0.00|71461.00|909.00
41.15077543258667|0.13|-0.01|0.02|0.02|0.02|0.00|0.00|-0.02|0.00|-0.00|0.00|0.00|0.00|0.00|0.00|-1.61|0.00|-0.02|-0.03|0.02|-0.03|0.00|0.00|71226.00|909.00
41.294432401657104|0.13|0.00|-0.01|-0.01|-0.04|0.00|0.00|0.01|0.00|-0.00|0.00|-0.00|-0.00|0.00|0.00|-0.13|0.47|-0.02|-0.03|0.02|-0.03|0.00|0.00|71208.00|976.00
41.44204354286194|0.13|-0.00|0.00|-0.02|0.05|0.00|0.00|0.01|-0.00|-0.00|0.00|-0.00|0.01|0.00|0.00|1.67|0.15|-0.02|-0.03|0.02|-0.03|0.00|0.00|71454.00|998.00
41.58963894844055|0.12|0.00|-0.01|0.03|-0.06|0.00|0.00|-0.01|-0.00|-0.00|0.00|0.00|-0.00|0.00|0.00|0.01|0.02|-0.02|-0.03|0.02|-0.03|0.00|0.00|71456.00|1001.00
41.73722505569458|0.12|0.00|-0.01|-0.01|-0.01|0.00|0.00|0.01|-0.00|-0.00|-0.00|-0.00|-0.00|0.00|0.00|2.10|-0.01|-0.02|-0.03|0.02|-0.03|0.00|0.00|71762.00|999.00
41.88393497467041|0.11|-0.02|0.02|-0.01|0.02|0.00|0.00|0.04|-0.00|-0.00|0.00|-0.00|-0.00|0.00|0.00|8.59|-0.18|-0.02|-0.03|0.02|-0.03|0.00|0.00|73050.00|972.00
42.02752685546875|0.12|0.01|-0.01|0.01|0.05|0.00|0.00|0.07|-0.00|-0.00|0.00|0.00|0.01|0.00|0.00|18.42|-0.22|-0.02|-0.03|0.02|-0.03|0.00|0.00|75739.00|940.00
42.17109751701355|0.10|0.56|0.18|0.18|-0.65|0.00|0.00|-0.12|0.00|0.08|0.03|0.03|-0.09|0.00|0.00|0.70|0.07|-0.01|-0.02|0.02|-0.04|0.00|0.00|75841.00|950.00
42.31871008872986|0.12|-0.59|-0.17|-0.25|0.66|0.00|0.00|0.28|-0.00|-0.00|0.00|-0.01|0.01|0.00|0.00|41.00|-0.56|-0.01|-0.02|0.02|-0.04|0.00|0.00|81663.00|870.00
42.466262102127075|0.11|0.01|-0.03|0.10|-0.09|0.00|0.00|-0.06|0.01|-0.00|-0.00|0.00|-0.01|0.00|0.00|31.99|0.73|-0.01|-0.02|0.02|-0.04|0.00|0.00|86398.00|978.00
42.61290216445923|0.11|0.00|-0.00|-0.02|0.05|0.00|0.00|-0.02|-0.01|-0.00|-0.00|0.00|-0.00|0.00|0.00|28.88|-0.73|-0.01|-0.02|0.02|-0.04|0.00|0.00|90615.00|871.00
42.760526180267334|0.12|-0.00|0.00|0.02|0.03|0.00|0.00|0.03|-0.00|-0.00|-0.00|0.00|0.00|0.00|0.00|32.80|-0.99|-0.01|-0.02|0.02|-0.04|0.00|0.00|95502.00|724.00
42.908225536346436|0.12|0.01|-0.00|-0.04|-0.02|0.00|0.00|0.01|-0.00|-0.00|-0.00|-0.00|0.00|0.00|0.00|34.65|-0.99|-0.01|-0.02|0.02|-0.04|0.00|0.00|100561.00|579.00
43.05971598625183|0.12|0.02|-0.03|-0.02|-0.03|0.00|0.00|-0.14|0.01|0.00|-0.01|-0.01|-0.00|0.00|0.00|13.47|-0.22|-0.01|-0.02|0.02|-0.04|0.00|0.00|102568.00|546.00
43.2073335647583|0.12|-0.01|0.02|0.03|0.02|0.00|0.00|-0.14|0.00|0.00|-0.00|-0.00|-0.00|0.00|0.00|-7.15|-0.01|-0.01|-0.02|0.02|-0.04|0.00|0.00|101496.00|544.00
43.35488963127136|0.12|0.01|-0.01|-0.00|0.01|0.00|0.00|0.05|0.00|0.00|-0.00|-0.00|0.00|0.00|0.00|-0.41|0.03|-0.01|-0.03|0.02|-0.04|0.00|0.00|101435.00|548.00
43.50249528884888|0.12|0.04|-0.04|-0.05|-0.05|0.00|0.00|-0.09|0.00|0.01|-0.01|-0.01|-0.01|0.00|0.00|-13.51|0.45|-0.01|-0.03|0.02|-0.04|0.00|0.00|99462.00|614.00
43.649139642715454|0.11|0.03|0.04|0.02|0.01|0.00|0.00|-0.13|-0.01|0.01|-0.00|-0.01|-0.01|0.00|0.00|-32.97|-0.55|-0.01|-0.03|0.02|-0.04|0.00|0.00|94582.00|533.00
43.800745248794556|0.11|-0.03|-0.00|-0.07|-0.08|0.00|0.00|0.01|0.01|0.01|-0.01|-0.02|-0.02|0.00|0.00|-31.55|0.34|-0.01|-0.03|0.02|-0.05|0.00|0.00|89913.00|584.00
43.94434666633606|0.11|0.09|-0.02|0.11|0.14|0.00|0.00|0.00|-0.01|0.02|-0.01|-0.00|0.00|0.00|0.00|-31.13|-0.64|-0.00|-0.03|0.02|-0.05|0.00|0.00|85274.00|489.00
44.09192204475403|0.11|-0.21|0.02|0.00|-0.01|0.00|0.00|0.21|0.00|-0.01|-0.00|0.00|-0.00|0.00|0.00|-0.77|-0.62|-0.00|-0.03|0.02|-0.05|0.00|0.00|85161.00|398.00
44.23553776741028|0.11|0.09|0.03|-0.00|0.02|0.00|0.00|0.02|0.01|0.00|-0.00|-0.00|0.00|0.00|0.00|2.60|0.29|-0.00|-0.03|0.02|-0.05|0.00|0.00|85541.00|441.00
44.38215088844299|0.13|-0.03|0.00|-0.00|0.00|0.00|0.00|-0.01|-0.00|0.00|0.00|-0.00|0.00|0.00|0.00|1.33|-0.02|-0.00|-0.03|0.02|-0.05|0.00|0.00|85730.00|438.00
44.52975153923035|0.12|-0.02|-0.01|-0.00|-0.01|0.00|0.00|-0.00|0.00|-0.00|-0.00|-0.00|0.00|0.00|0.00|0.86|-0.02|-0.00|-0.03|0.02|-0.04|0.00|0.00|85855.00|435.00
44.673442125320435|0.12|-0.01|-0.00|0.01|0.01|0.00|0.00|0.05|0.00|-0.00|-0.00|0.00|0.00|0.00|0.00|7.86|-0.02|-0.00|-0.03|0.02|-0.04|0.00|0.00|87019.00|432.00
44.817028284072876|0.12|0.01|0.02|-0.01|0.00|0.00|0.00|0.03|0.00|-0.00|0.00|-0.00|0.00|0.00|0.00|11.84|0.29|-0.00|-0.03|0.02|-0.04|0.00|0.00|88747.00|475.00
44.96463704109192|0.12|0.15|-0.04|0.01|-0.00|0.00|0.00|-0.03|-0.00|0.02|-0.00|-0.00|0.00|0.00|0.00|8.12|0.20|0.00|-0.03|0.02|-0.04|0.00|0.00|89908.00|503.00
45.10726618766785|0.11|-0.10|-0.01|0.01|-0.00|0.00|0.00|-0.04|-0.00|0.01|-0.00|0.00|0.00|0.00|0.00|2.13|-0.03|0.00|-0.03|0.02|-0.04|0.00|0.00|90215.00|499.00
45.2549262046814|0.11|0.02|0.05|-0.00|-0.01|0.00|0.00|-0.01|-0.00|0.01|0.00|-0.00|0.00|0.00|0.00|0.36|-0.12|0.00|-0.03|0.02|-0.04|0.00|0.00|90267.00|481.00
45.39843726158142|0.11|0.04|-0.02|-0.01|0.00|0.00|0.00|0.04|0.00|0.01|-0.00|-0.00|0.00|0.00|0.00|5.90|0.26|0.00|-0.03|0.02|-0.04|0.00|0.00|91116.00|519.00
45.54212689399719|0.13|-0.02|-0.02|0.00|-0.01|0.00|0.00|-0.02|-0.00|0.01|-0.00|-0.00|0.00|0.00|0.00|3.41|0.20|0.01|-0.03|0.02|-0.04|0.00|0.00|91604.00|548.00
45.685717821121216|0.13|-0.09|0.03|0.01|0.01|0.00|0.00|-0.05|-0.00|-0.00|0.00|0.00|0.00|0.00|0.00|-3.45|-0.40|0.00|-0.03|0.02|-0.04|0.00|0.00|91101.00|489.00
45.82833981513977|0.12|0.01|0.00|0.00|0.06|0.00|0.00|0.01|0.00|-0.00|0.00|0.00|0.01|0.00|0.00|-1.44|0.06|0.00|-0.03|0.02|-0.04|0.00|0.00|90893.00|497.00
45.97193479537964|0.12|-0.00|0.01|-0.02|-0.07|0.00|0.00|0.02|-0.00|-0.00|0.00|-0.00|0.00|0.00|0.00|1.68|-0.09|0.00|-0.03|0.02|-0.04|0.00|0.00|91130.00|484.00
46.11956071853638|0.12|0.01|-0.01|0.00|-0.00|0.00|0.00|-0.04|0.00|-0.00|0.00|-0.00|0.00|0.00|0.00|-4.08|0.21|0.00|-0.03|0.02|-0.04|0.00|0.00|90539.00|515.00
46.263161420822144|0.11|-0.03|0.00|0.02|-0.00|0.00|0.00|-0.03|-0.00|-0.00|0.00|0.00|0.00|0.00|0.00|-8.53|-0.15|0.00|-0.03|0.02|-0.04|0.00|0.00|89311.00|493.00
46.40579533576965|0.11|0.00|0.01|-0.01|0.01|0.00|0.00|0.04|0.00|-0.00|0.00|0.00|0.00|0.00|0.00|-2.62|0.01|0.00|-0.03|0.02|-0.04|0.00|0.00|88929.00|494.00
46.553399324417114|0.11|0.01|-0.01|-0.01|0.00|0.00|0.00|-0.02|-0.00|-0.00|0.00|-0.00|0.00|0.00|0.00|-4.84|-0.24|0.00|-0.03|0.02|-0.04|0.00|0.00|88242.00|460.00
46.69697117805481|0.13|0.01|0.00|-0.01|0.00|0.00|0.00|0.03|0.00|-0.00|0.00|-0.00|0.00|0.00|0.00|-0.20|-0.14|0.00|-0.03|0.02|-0.04|0.00|0.00|88212.00|440.00
46.84062480926514|0.16|-0.02|0.01|-0.01|0.01|0.00|0.00|0.02|0.00|-0.00|0.00|-0.00|0.00|0.00|0.00|1.96|-0.04|0.00|-0.03|0.02|-0.04|0.00|0.00|88492.00|434.00
46.98324370384216|0.16|0.02|-0.01|0.00|0.00|0.00|0.00|0.00|-0.00|-0.00|0.00|-0.00|0.00|0.00|0.00|2.48|-0.15|0.00|-0.03|0.02|-0.04|0.00|0.00|88846.00|412.00
47.126869678497314|0.07|0.01|0.02|-0.00|-0.01|0.00|0.00|0.02|0.00|-0.00|0.00|-0.00|0.00|0.00|0.00|5.13|-0.10|0.00|-0.03|0.02|-0.04|0.00|0.00|89584.00|397.00
47.26648139953613|0.08|0.01|0.02|0.02|0.01|0.00|0.00|0.02|0.00|0.00|0.01|-0.00|0.00|0.00|0.00|7.93|-0.10|0.00|-0.03|0.02|-0.04|0.00|0.00|90718.00|383.00
47.409093141555786|0.09|0.07|-0.04|0.03|-0.02|0.00|0.00|-0.01|-0.00|0.01|0.00|0.00|0.00|0.00|0.00|7.06|-0.49|0.00|-0.03|0.02|-0.04|0.00|0.00|91714.00|314.00
47.556721925735474|0.09|-0.08|-0.00|0.02|0.01|0.00|0.00|-0.05|0.00|-0.00|0.00|0.01|0.00|0.00|0.00|0.31|-0.04|0.00|-0.03|0.02|-0.04|0.00|0.00|91759.00|308.00
47.700379848480225|0.09|0.07|-0.01|-0.00|-0.01|0.00|0.00|-0.00|0.00|0.01|-0.00|0.01|0.00|0.00|0.00|0.08|0.00|0.00|-0.03|0.02|-0.04|0.00|0.00|91770.00|308.00
47.839959383010864|0.08|-0.08|0.02|-0.01|0.01|0.00|0.00|0.01|0.00|-0.00|0.00|0.00|0.00|0.00|0.00|1.85|-0.12|0.00|-0.03|0.02|-0.04|0.00|0.00|92034.00|291.00
47.982603311538696|0.08|0.05|0.03|-0.02|-0.01|0.00|0.00|-0.01|0.00|0.00|0.01|0.00|0.00|0.00|0.00|0.10|0.00|0.00|-0.03|0.02|-0.04|0.00|0.00|92048.00|291.00
48.12619376182556|0.09|-0.05|-0.15|-0.01|0.01|0.00|0.00|0.01|0.00|-0.00|-0.01|0.00|0.00|0.00|0.00|1.48|-0.02|0.00|-0.03|0.02|-0.04|0.00|0.00|92256.00|288.00
48.27382302284241|0.09|-0.02|0.08|-0.01|-0.00|0.00|0.00|-0.00|0.00|-0.01|-0.00|-0.00|0.00|0.00|0.00|1.37|0.12|0.00|-0.03|0.02|-0.04|0.00|0.00|92455.00|305.00
48.421403884887695|0.10|0.01|0.00|-0.01|-0.01|0.00|0.00|-0.01|-0.00|-0.01|-0.00|-0.00|0.00|0.00|0.00|0.12|-0.01|0.00|-0.03|0.02|-0.04|0.00|0.00|92473.00|304.00
48.56398391723633|0.10|0.02|-0.01|-0.00|0.00|0.00|0.00|0.01|-0.00|-0.00|-0.00|-0.00|0.00|0.00|0.00|0.93|-0.12|0.00|-0.03|0.02|-0.04|0.00|0.00|92609.00|287.00
48.7115957736969|0.08|-0.02|-0.02|0.01|0.00|0.00|0.00|-0.00|0.00|-0.01|-0.00|-0.00|0.00|0.00|0.00|0.54|-0.05|-0.00|-0.03|0.02|-0.04|0.00|0.00|92688.00|280.00
48.859201192855835|0.08|0.03|0.02|-0.01|-0.01|0.00|0.00|0.00|0.00|-0.00|-0.00|-0.00|-0.00|0.00|0.00|0.86|0.12|-0.00|-0.03|0.02|-0.04|0.00|0.00|92814.00|298.00
49.00684857368469|0.08|-0.03|-0.00|-0.00|0.01|0.00|0.00|0.01|-0.00|-0.01|-0.00|-0.00|0.00|0.00|0.00|1.89|-0.09|-0.00|-0.03|0.02|-0.04|0.00|0.00|93090.00|285.00
49.15440797805786|0.09|0.04|-0.03|0.01|0.01|0.00|0.00|0.01|-0.00|-0.00|-0.01|-0.00|0.00|0.00|0.00|2.91|-0.18|-0.00|-0.03|0.02|-0.04|0.00|0.00|93520.00|258.00
49.298070192337036|0.09|-0.02|0.00|-0.00|-0.01|0.00|0.00|0.01|0.00|-0.00|-0.01|-0.00|0.00|0.00|0.00|3.80|0.04|-0.00|-0.03|0.02|-0.04|0.00|0.00|94075.00|264.00
49.445674896240234|0.09|0.02|0.02|0.01|-0.00|0.00|0.00|0.01|-0.00|-0.00|-0.00|-0.00|-0.00|0.00|0.00|4.89|-0.19|-0.00|-0.03|0.02|-0.04|0.00|0.00|94784.00|237.00
49.58830738067627|0.08|-0.01|0.02|-0.01|0.01|0.00|0.00|0.01|0.00|-0.00|0.00|-0.00|0.00|0.00|0.00|6.44|-0.01|-0.00|-0.03|0.02|-0.04|0.00|0.00|95724.00|236.00
49.73189949989319|0.08|0.09|-0.13|0.01|0.00|0.00|0.00|0.02|0.00|0.01|-0.02|-0.00|0.00|0.00|0.00|9.65|0.06|-0.00|-0.03|0.02|-0.04|0.00|0.00|97123.00|244.00
49.879526138305664|0.10|-0.11|0.20|0.00|0.00|0.00|0.00|0.01|-0.00|-0.01|0.01|-0.00|0.00|0.00|0.00|11.53|-0.13|-0.00|-0.03|0.02|-0.04|0.00|0.00|98772.00|226.00
50.02209186553955|0.10|0.03|0.08|0.01|-0.01|0.00|0.00|-0.01|0.00|-0.00|0.02|0.00|0.00|0.00|0.00|10.00|0.02|-0.00|-0.03|0.02|-0.04|0.00|0.00|100232.00|229.00
50.16576075553894|0.09|0.06|-0.08|0.02|-0.01|0.00|0.00|0.04|0.00|0.01|0.01|0.00|-0.00|0.00|0.00|15.88|0.09|-0.00|-0.03|0.02|-0.04|0.00|0.00|102519.00|242.00
50.313363552093506|0.11|-0.01|-0.01|-0.01|0.00|0.00|0.00|0.00|0.00|0.01|0.01|0.00|-0.00|0.00|0.00|15.89|0.49|-0.00|-0.03|0.02|-0.04|0.00|0.00|104807.00|312.00
50.46101665496826|0.15|-0.06|-0.07|-0.01|0.01|0.00|0.00|-0.09|-0.00|-0.00|-0.00|0.00|0.00|0.00|0.00|2.64|0.00|-0.00|-0.03|0.02|-0.04|0.00|0.00|105193.00|312.00
50.60856914520264|0.14|0.01|0.02|-0.01|0.00|0.00|0.00|-0.07|-0.00|-0.00|0.00|-0.00|0.00|0.00|0.00|-7.74|-0.03|-0.00|-0.03|0.02|-0.04|0.00|0.00|104055.00|308.00
50.75619125366211|0.15|0.01|-0.00|-0.00|0.00|0.00|0.00|0.00|0.00|-0.00|0.00|-0.00|0.00|0.00|0.00|-7.54|0.12|-0.00|-0.03|0.02|-0.04|0.00|0.00|102931.00|326.00
50.90376615524292|0.19|0.00|-0.02|0.01|-0.01|0.00|0.00|0.05|-0.00|-0.00|-0.00|0.00|-0.00|0.00|0.00|-0.27|-0.01|-0.00|-0.03|0.02|-0.04|0.00|0.00|102892.00|324.00
51.05437898635864|0.13|-0.00|-0.04|-0.01|0.01|0.00|0.00|0.00|-0.00|-0.00|-0.01|0.00|0.00|0.00|0.00|-0.01|-0.30|-0.00|-0.03|0.02|-0.04|0.00|0.00|102891.00|280.00
51.19799995422363|0.09|0.02|0.04|-0.00|0.00|0.00|0.00|-0.01|0.00|0.00|-0.00|0.00|0.00|0.00|0.00|-1.07|0.03|-0.00|-0.03|0.02|-0.04|0.00|0.00|102732.00|285.00
51.34165596961975|0.07|0.05|-0.03|0.00|-0.00|0.00|0.00|0.00|0.00|0.01|-0.01|0.00|0.00|0.00|0.00|-0.55|0.21|-0.00|-0.03|0.02|-0.04|0.00|0.00|102652.00|315.00
51.48921489715576|0.05|-0.10|0.04|0.01|-0.00|0.00|0.00|0.03|-0.00|-0.00|0.00|0.00|0.00|0.00|0.00|3.23|-0.08|-0.00|-0.03|0.02|-0.04|0.00|0.00|103121.00|303.00
51.63283896446228|0.05|0.02|0.01|0.00|0.01|0.00|0.00|-0.01|-0.00|-0.00|0.00|0.00|0.00|0.00|0.00|2.14|-0.14|-0.00|-0.03|0.02|-0.04|0.00|0.00|103431.00|282.00
51.775415658950806|0.07|-0.04|0.01|-0.00|0.01|0.00|0.00|-0.01|0.00|-0.01|0.00|0.00|0.00|0.00|0.00|0.19|0.10|-0.00|-0.03|0.02|-0.04|0.00|0.00|103458.00|296.00
51.92307448387146|0.07|0.00|0.03|-0.00|-0.00|0.00|0.00|-0.00|0.00|-0.01|0.01|0.00|0.00|0.00|0.00|0.03|0.13|-0.00|-0.03|0.02|-0.03|0.00|0.00|103462.00|315.00
52.066691637039185|0.13|0.04|-0.04|-0.01|-0.00|0.00|0.00|0.00|0.00|-0.00|0.00|-0.00|0.00|0.00|0.00|0.03|0.16|-0.00|-0.03|0.02|-0.03|0.00|0.00|103467.00|338.00
52.21837258338928|0.12|0.01|-0.07|0.00|-0.01|0.00|0.00|-0.00|-0.00|-0.00|-0.01|-0.00|-0.00|0.00|0.00|0.02|0.03|-0.00|-0.03|0.02|-0.03|0.00|0.00|103470.00|342.00
52.361867904663086|0.09|0.02|0.03|0.00|0.00|0.00|0.00|0.01|-0.00|0.00|-0.01|-0.00|0.00|0.00|0.00|0.87|-0.06|-0.00|-0.03|0.02|-0.03|0.00|0.00|103599.00|333.00
52.50446677207947|0.09|-0.07|0.13|0.00|0.01|0.00|0.00|0.00|0.00|-0.01|0.01|0.00|0.00|0.00|0.00|0.92|0.06|-0.01|-0.03|0.02|-0.03|0.00|0.00|103733.00|342.00
52.65208125114441|0.08|0.04|-0.07|0.00|-0.00|0.00|0.00|-0.01|-0.00|-0.00|0.00|0.00|0.00|0.00|0.00|0.08|0.01|-0.01|-0.03|0.02|-0.03|0.00|0.00|103744.00|343.00
52.79574131965637|0.09|-0.03|0.03|0.00|-0.01|0.00|0.00|-0.00|0.00|-0.01|0.01|0.00|0.00|0.00|0.00|0.01|0.02|-0.01|-0.03|0.02|-0.03|0.00|0.00|103745.00|346.00
52.93938660621643|0.10|0.09|-0.09|-0.00|0.01|0.00|0.00|0.00|0.00|0.01|-0.00|-0.00|0.00|0.00|0.00|0.14|0.06|-0.01|-0.03|0.02|-0.03|0.00|0.00|103765.00|355.00
53.085957765579224|0.08|-0.05|0.04|-0.00|0.02|0.00|0.00|-0.00|0.00|-0.00|0.00|-0.00|0.00|0.00|0.00|0.00|0.07|-0.01|-0.03|0.02|-0.03|0.00|0.00|103765.00|365.00
53.23361086845398|0.09|0.01|-0.03|0.00|-0.02|0.00|0.00|-0.00|-0.00|-0.00|-0.00|-0.00|0.00|0.00|0.00|-2.25|0.01|-0.01|-0.03|0.02|-0.03|0.00|0.00|103437.00|366.00
53.381165504455566|0.11|-0.00|0.03|-0.01|0.01|0.00|0.00|-0.03|-0.00|-0.00|0.00|-0.00|0.00|0.00|0.00|-6.98|-0.09|-0.01|-0.03|0.02|-0.03|0.00|0.00|102404.00|352.00
53.52873253822327|0.14|0.00|-0.01|0.01|-0.01|0.00|0.00|0.03|0.00|-0.00|-0.00|0.00|0.00|0.00|0.00|-1.83|0.05|-0.01|-0.03|0.02|-0.03|0.00|0.00|102131.00|360.00
53.67638349533081|0.10|-0.02|-0.04|0.00|0.00|0.00|0.00|0.01|-0.00|-0.00|-0.01|0.00|0.00|0.00|0.00|-0.51|-0.04|-0.01|-0.03|0.02|-0.03|0.00|0.00|102056.00|354.00
53.82409477233887|0.10|0.05|0.04|-0.01|0.00|0.00|0.00|-0.01|0.00|0.00|-0.00|-0.00|0.00|0.00|0.00|-1.39|0.08|-0.01|-0.03|0.02|-0.03|0.00|0.00|101852.00|366.00
53.96759843826294|0.07|-0.04|0.02|0.01|0.00|0.00|0.00|-0.02|-0.00|-0.00|0.00|0.00|0.00|0.00|0.00|-3.65|0.03|-0.01|-0.03|0.02|-0.03|0.00|0.00|101319.00|371.00
54.110320806503296|0.07|0.04|0.01|0.01|-0.01|0.00|0.00|0.01|0.00|0.00|0.00|0.00|-0.00|0.00|0.00|-2.88|0.05|-0.01|-0.03|0.02|-0.03|0.00|0.00|100902.00|378.00
54.257838010787964|0.09|0.02|-0.01|-0.01|0.01|0.00|0.00|0.02|-0.00|0.01|0.00|0.00|0.00|0.00|0.00|-0.01|-0.06|-0.01|-0.03|0.02|-0.03|0.00|0.00|100900.00|369.00
54.40943217277527|0.11|-0.08|-0.01|0.00|-0.00|0.00|0.00|-0.01|-0.00|-0.00|-0.00|0.00|0.00|0.00|0.00|-0.87|-0.24|-0.01|-0.03|0.02|-0.03|0.00|0.00|100774.00|334.00
54.55703377723694|0.11|0.03|-0.02|-0.01|-0.00|0.00|0.00|-0.02|0.00|0.00|-0.00|0.00|0.00|0.00|0.00|-3.62|-0.05|-0.01|-0.03|0.02|-0.03|0.00|0.00|100227.00|326.00
54.70060586929321|0.10|0.01|0.02|-0.00|0.00|0.00|0.00|0.00|0.00|0.00|-0.00|0.00|0.00|0.00|0.00|-3.44|0.48|-0.01|-0.03|0.02|-0.03|0.00|0.00|99722.00|396.00
54.843271255493164|0.10|0.04|-0.02|0.00|-0.01|0.00|0.00|0.02|-0.00|0.01|-0.00|0.00|0.00|0.00|0.00|-0.97|0.07|-0.00|-0.03|0.02|-0.03|0.00|0.00|99584.00|406.00
54.99095296859741|0.10|-0.11|0.05|-0.01|-0.00|0.00|0.00|0.01|-0.00|-0.01|0.00|-0.00|0.00|0.00|0.00|-0.13|-0.11|-0.01|-0.03|0.02|-0.03|0.00|0.00|99565.00|390.00
55.13843655586243|0.09|0.03|-0.03|0.00|0.00|0.00|0.00|0.00|0.00|-0.00|-0.00|-0.00|0.00|0.00|0.00|-0.05|-0.05|-0.01|-0.03|0.02|-0.03|0.00|0.00|99557.00|383.00
55.28609108924866|0.09|-0.00|0.00|-0.00|-0.01|0.00|0.00|0.00|0.00|-0.00|-0.00|-0.00|-0.00|0.00|0.00|-0.02|-0.01|-0.01|-0.03|0.02|-0.03|0.00|0.00|99554.00|382.00
55.428664445877075|0.10|0.01|0.02|-0.00|-0.00|0.00|0.00|0.00|0.00|-0.00|0.00|-0.00|-0.00|0.00|0.00|0.00|0.00|-0.01|-0.03|0.02|-0.03|0.00|0.00|99554.00|382.00
55.57234025001526|0.10|-0.07|0.01|0.00|0.00|0.00|0.00|0.00|0.00|-0.01|0.00|-0.00|-0.00|0.00|0.00|0.31|0.06|-0.01|-0.03|0.02|-0.03|0.00|0.00|99598.00|391.00
55.71595358848572|0.10|0.09|-0.04|0.00|0.00|0.00|0.00|0.00|0.00|-0.00|-0.00|-0.00|0.00|0.00|0.00|0.69|0.09|-0.01|-0.03|0.02|-0.03|0.00|0.00|99698.00|404.00
55.863539695739746|0.10|0.04|-0.03|-0.00|-0.01|0.00|0.00|0.00|0.00|0.01|-0.01|-0.00|-0.00|0.00|0.00|0.71|0.30|-0.01|-0.03|0.02|-0.03|0.00|0.00|99800.00|447.00
56.01115679740906|0.08|-0.05|0.05|-0.00|0.01|0.00|0.00|-0.00|-0.00|-0.00|0.00|-0.00|0.00|0.00|0.00|0.01|0.01|-0.01|-0.03|0.02|-0.03|0.00|0.00|99802.00|449.00
56.15472722053528|0.09|0.06|-0.03|0.00|-0.00|0.00|0.00|0.00|-0.00|0.01|-0.00|-0.00|0.00|0.00|0.00|0.06|-0.06|-0.01|-0.03|0.02|-0.03|0.00|0.00|99811.00|440.00
56.30133843421936|0.09|-0.04|-0.01|0.00|-0.00|0.00|0.00|-0.01|0.00|0.00|-0.01|0.00|-0.00|0.00|0.00|-1.01|-0.04|-0.01|-0.03|0.02|-0.03|0.00|0.00|99664.00|434.00
56.448970079422|0.08|-0.00|0.03|0.00|-0.00|0.00|0.00|0.00|0.00|0.00|-0.00|0.00|-0.00|0.00|0.00|-0.60|0.09|-0.01|-0.03|0.02|-0.03|0.00|0.00|99575.00|447.00
56.59255909919739|0.13|0.02|-0.03|-0.00|0.01|0.00|0.00|0.01|-0.00|0.01|-0.00|0.00|0.00|0.00|0.00|0.19|0.00|-0.01|-0.03|0.02|-0.03|0.00|0.00|99602.00|447.00
56.736222982406616|0.10|-0.03|0.04|0.00|-0.00|0.00|0.00|-0.00|-0.00|0.00|0.00|0.00|0.00|0.00|0.00|-0.08|0.08|-0.01|-0.03|0.02|-0.03|0.00|0.00|99590.00|459.00
56.87979340553284|0.09|0.03|-0.02|0.00|-0.00|0.00|0.00|0.00|0.00|0.00|-0.00|0.00|-0.00|0.00|0.00|-0.04|0.10|-0.01|-0.03|0.02|-0.03|0.00|0.00|99584.00|474.00
57.026453495025635|0.10|-0.02|-0.05|-0.00|0.00|0.00|0.00|0.00|-0.00|0.00|-0.01|-0.00|0.00|0.00|0.00|0.00|0.00|-0.01|-0.03|0.02|-0.03|0.00|0.00|99584.00|474.00
57.17400932312012|0.09|-0.03|0.10|0.00|-0.00|0.00|0.00|0.00|-0.00|-0.00|0.01|-0.00|-0.00|0.00|0.00|0.00|-0.03|-0.01|-0.03|0.02|-0.03|0.00|0.00|99584.00|470.00
57.31767463684082|0.10|-0.03|0.01|-0.00|0.00|0.00|0.00|0.00|-0.00|-0.01|0.01|-0.00|0.00|0.00|0.00|0.01|-0.05|-0.01|-0.03|0.02|-0.03|0.00|0.00|99586.00|463.00
57.46127724647522|0.11|-0.00|-0.01|0.00|0.00|0.00|0.00|0.00|0.00|-0.01|0.01|0.00|0.00|0.00|0.00|0.12|0.04|-0.01|-0.03|0.02|-0.03|0.00|0.00|99603.00|469.00
57.60789370536804|0.10|0.05|-0.00|-0.00|-0.00|0.00|0.00|0.00|-0.00|-0.00|0.01|-0.00|0.00|0.00|0.00|0.14|0.00|-0.01|-0.03|0.02|-0.03|0.00|0.00|99623.00|469.00
57.755505084991455|0.09|-0.03|-0.00|0.00|-0.00|0.00|0.00|-0.00|-0.00|-0.01|0.00|-0.00|0.00|0.00|0.00|0.01|-0.02|-0.01|-0.03|0.02|-0.03|0.00|0.00|99625.00|466.00
57.90305733680725|0.08|0.04|-0.03|-0.00|-0.01|0.00|0.00|0.00|0.00|0.00|0.00|-0.00|-0.00|0.00|0.00|0.26|-0.01|-0.01|-0.03|0.02|-0.03|0.00|0.00|99664.00|464.00
58.04274344444275|0.13|0.00|-0.03|0.00|0.00|0.00|0.00|0.01|0.00|0.00|-0.00|-0.00|0.00|0.00|0.00|1.68|0.00|-0.01|-0.03|0.02|-0.03|0.00|0.00|99908.00|464.00
58.19029760360718|0.08|0.08|-0.04|-0.00|-0.00|0.00|0.00|-0.01|0.00|0.01|-0.01|-0.00|-0.00|0.00|0.00|0.37|0.02|-0.01|-0.03|0.02|-0.03|0.00|0.00|99961.00|467.00
58.33295249938965|0.10|-0.12|0.09|0.00|0.00|0.00|0.00|0.00|0.00|-0.01|0.00|-0.00|0.00|0.00|0.00|0.93|0.04|-0.01|-0.03|0.02|-0.03|0.00|0.00|100097.00|473.00
58.48056483268738|0.10|0.01|-0.03|-0.00|-0.00|0.00|0.00|0.00|0.00|-0.00|-0.00|-0.00|-0.00|0.00|0.00|1.48|0.11|-0.01|-0.03|0.02|-0.03|0.00|0.00|100310.00|489.00
58.632159948349|0.08|0.02|-0.01|0.00|-0.00|0.00|0.00|-0.01|-0.00|-0.00|-0.00|-0.00|-0.00|0.00|0.00|-0.05|0.03|-0.01|-0.03|0.02|-0.03|0.00|0.00|100303.00|493.00
58.7797749042511|0.03|0.00|0.00|0.00|0.00|0.00|0.00|-0.00|-0.00|-0.00|-0.00|-0.00|-0.00|0.00|0.00|-0.15|0.01|-0.01|-0.03|0.02|-0.03|0.00|0.00|100281.00|494.00
58.923381328582764|0.04|0.05|0.01|-0.00|0.00|0.00|0.00|0.00|0.00|0.01|-0.00|-0.00|0.00|0.00|0.00|0.27|0.01|-0.01|-0.03|0.02|-0.03|0.00|0.00|100321.00|495.00
59.066030740737915|0.05|-0.02|0.05|0.00|0.00|0.00|0.00|0.00|-0.00|0.00|0.01|0.00|0.00|0.00|0.00|0.67|-0.01|-0.01|-0.03|0.02|-0.03|0.00|0.00|100417.00|493.00
59.217592000961304|-0.01|-0.24|0.22|-0.00|-0.00|0.00|0.00|-0.00|-0.00|-0.03|0.04|-0.00|0.00|0.00|0.00|0.25|-0.19|-0.01|-0.02|0.02|-0.03|0.00|0.00|100453.00|465.00
59.361217975616455|0.09|0.22|-0.27|0.01|0.00|0.00|0.00|-0.00|0.00|0.00|-0.00|0.00|0.00|0.00|0.00|0.05|-0.03|-0.01|-0.02|0.02|-0.03|0.00|0.00|100460.00|461.00
59.50882267951965|0.09|0.00|0.01|-0.01|-0.00|0.00|0.00|-0.00|0.00|0.00|-0.00|0.00|0.00|0.00|0.00|0.00|-0.01|-0.01|-0.02|0.02|-0.03|0.00|0.00|100460.00|460.00
59.65651750564575|0.07|-0.01|-0.00|-0.00|0.01|0.00|0.00|-0.00|-0.00|0.00|-0.00|0.00|0.00|0.00|0.00|0.00|-0.01|-0.01|-0.02|0.02|-0.03|0.00|0.00|100460.00|458.00
59.80398750305176|0.08|-0.05|0.03|-0.00|-0.00|0.00|0.00|-0.00|0.00|-0.01|0.00|0.00|0.00|0.00|0.00|0.00|-0.01|-0.01|-0.02|0.02|-0.03|0.00|0.00|100460.00|456.00
59.95557951927185|0.08|-0.01|-0.02|-0.00|-0.01|0.00|0.00|-0.00|-0.00|-0.01|0.00|-0.00|-0.00|0.00|0.00|-0.11|-0.02|-0.01|-0.02|0.02|-0.03|0.00|0.00|100443.00|453.00
60.10222053527832|0.08|0.06|-0.03|-0.00|-0.00|0.00|0.00|0.00|0.00|0.00|-0.00|-0.00|-0.00|0.00|0.00|0.00|0.01|-0.01|-0.02|0.02|-0.03|0.00|0.00|100443.00|454.00
60.24585247039795|0.09|-0.01|0.02|0.00|0.01|0.00|0.00|0.00|0.00|-0.00|0.00|-0.00|0.00|0.00|0.00|0.03|0.02|-0.01|-0.02|0.02|-0.03|0.00|0.00|100447.00|457.00
60.39345860481262|0.09|-0.03|-0.00|0.00|-0.00|0.00|0.00|-0.00|0.00|-0.00|-0.00|-0.00|0.00|0.00|0.00|-0.01|0.05|-0.01|-0.02|0.02|-0.03|0.00|0.00|100446.00|464.00
60.545063972473145|0.08|0.02|-0.00|-0.00|-0.01|0.00|0.00|0.00|-0.00|-0.00|-0.00|-0.00|-0.00|0.00|0.00|0.00|0.00|-0.02|-0.02|0.02|-0.03|0.00|0.00|100446.00|464.00
60.68866157531738|0.07|0.08|-0.04|0.00|0.00|0.00|0.00|0.00|-0.00|0.01|-0.01|-0.00|-0.00|0.00|0.00|0.00|0.00|-0.01|-0.02|0.02|-0.03|0.00|0.00|100446.00|464.00
60.83135986328125|0.09|-0.07|0.05|0.00|0.01|0.00|0.00|0.00|-0.00|0.00|0.00|0.00|0.00|0.00|0.00|0.00|0.00|-0.01|-0.02|0.02|-0.03|0.00|0.00|100446.00|464.00
60.97889041900635|0.08|0.05|-0.01|-0.00|0.00|0.00|0.00|0.00|-0.00|0.01|-0.00|-0.00|0.00|0.00|0.00|0.00|0.00|-0.01|-0.02|0.02|-0.03|0.00|0.00|100446.00|464.00
61.122514486312866|0.07|0.01|-0.04|0.00|-0.01|0.00|0.00|0.00|-0.00|0.01|-0.01|-0.00|-0.00|0.00|0.00|0.00|0.00|-0.01|-0.03|0.02|-0.03|0.00|0.00|100446.00|464.00
61.26614046096802|0.08|-0.05|0.05|0.00|0.01|0.00|0.00|0.00|-0.00|0.00|0.00|0.00|0.00|0.00|0.00|0.00|0.00|-0.01|-0.03|0.02|-0.03|0.00|0.00|100446.00|464.00
61.41372632980347|0.08|0.00|-0.01|-0.00|0.00|0.00|0.00|0.00|-0.00|0.00|-0.00|0.00|0.00|0.00|0.00|0.00|0.00|-0.01|-0.03|0.02|-0.03|0.00|0.00|100446.00|464.00
61.560343503952026|0.08|-0.02|0.02|-0.00|-0.01|0.00|0.00|0.00|-0.00|-0.00|0.00|-0.00|-0.00|0.00|0.00|0.00|0.00|-0.01|-0.03|0.02|-0.03|0.00|0.00|100446.00|464.00
61.703946352005005|0.08|0.00|-0.03|0.00|0.01|0.00|0.00|0.00|-0.00|-0.00|-0.00|0.00|0.00|0.00|0.00|0.00|0.00|-0.01|-0.03|0.02|-0.03|0.00|0.00|100446.00|464.00
61.84757661819458|0.09|-0.00|0.03|0.00|-0.00|0.00|0.00|0.00|-0.00|-0.00|0.00|0.00|0.00|0.00|0.00|0.00|0.00|-0.01|-0.03|0.02|-0.03|0.00|0.00|100446.00|464.00
61.9951868057251|0.08|-0.02|0.01|-0.00|-0.00|0.00|0.00|0.00|-0.00|-0.00|0.00|0.00|0.00|0.00|0.00|0.00|0.00|-0.01|-0.03|0.02|-0.03|0.00|0.00|100446.00|464.00
62.138752460479736|0.08|0.03|0.01|-0.00|0.00|0.00|0.00|0.00|-0.00|0.00|0.00|-0.00|0.00|0.00|0.00|0.00|0.00|-0.01|-0.03|0.02|-0.03|0.00|0.00|100446.00|464.00
62.28541088104248|0.08|-0.01|-0.01|0.00|-0.00|0.00|0.00|0.00|-0.00|-0.00|0.00|-0.00|0.00|0.00|0.00|0.00|0.00|-0.01|-0.03|0.02|-0.03|0.00|0.00|100446.00|464.00
62.43304944038391|0.08|0.03|-0.03|-0.00|-0.00|0.00|0.00|0.00|-0.00|0.00|-0.00|-0.00|0.00|0.00|0.00|0.00|0.00|-0.01|-0.03|0.02|-0.03|0.00|0.00|100446.00|464.00
62.57662558555603|0.07|0.08|-0.05|0.00|0.00|0.00|0.00|0.00|-0.00|0.02|-0.01|-0.00|0.00|0.00|0.00|0.00|0.00|-0.01|-0.03|0.02|-0.03|0.00|0.00|100446.00|464.00
62.72423839569092|0.05|-0.08|0.04|-0.00|-0.00|0.00|0.00|0.00|-0.00|0.00|-0.00|-0.00|-0.00|0.00|0.00|0.00|0.00|-0.01|-0.03|0.02|-0.03|0.00|0.00|100446.00|464.00
62.871845722198486|0.05|-0.01|-0.01|0.00|0.00|0.00|0.00|0.00|-0.00|0.00|-0.01|-0.00|0.00|0.00|0.00|0.26|0.03|-0.01|-0.03|0.02|-0.03|0.00|0.00|100484.00|469.00
63.018407106399536|0.05|-0.07|0.02|-0.00|-0.00|0.00|0.00|0.00|-0.00|-0.01|-0.00|-0.00|0.00|0.00|0.00|0.91|-0.04|-0.01|-0.03|0.02|-0.03|0.00|0.00|100617.00|463.00
63.166054487228394|0.05|0.05|0.01|-0.00|-0.00|0.00|0.00|0.00|-0.00|-0.00|-0.00|-0.00|-0.00|0.00|0.00|1.57|-0.05|-0.01|-0.03|0.02|-0.03|0.00|0.00|100850.00|455.00
63.31368589401245|0.07|0.01|-0.01|-0.00|-0.01|0.00|0.00|0.02|0.00|0.00|-0.00|-0.00|-0.00|0.00|0.00|4.58|0.00|-0.01|-0.03|0.02|-0.03|0.00|0.00|101533.00|455.00
63.46125364303589|0.05|-0.01|-0.01|0.00|0.02|0.00|0.00|-0.01|0.00|-0.00|-0.00|-0.00|0.00|0.00|0.00|3.38|0.00|-0.01|-0.03|0.02|-0.03|0.00|0.00|102027.00|455.00
63.60883116722107|0.02|-0.02|0.02|0.00|-0.01|0.00|0.00|-0.01|0.00|-0.00|-0.00|0.00|-0.00|0.00|0.00|1.55|0.12|-0.01|-0.03|0.02|-0.03|0.00|0.00|102255.00|473.00
63.75248861312866|0.02|0.01|0.02|-0.00|0.01|0.00|0.00|0.01|-0.00|-0.00|0.00|-0.00|0.00|0.00|0.00|3.48|0.03|-0.01|-0.03|0.02|-0.03|0.00|0.00|102767.00|477.00
63.89519238471985|0.02|0.01|0.01|0.00|0.00|0.00|0.00|0.04|0.00|-0.00|0.00|0.00|0.00|0.00|0.00|8.84|0.12|-0.01|-0.03|0.02|-0.03|0.00|0.00|104040.00|494.00
64.04267120361328|0.01|0.00|-0.02|-0.00|0.00|0.00|0.00|-0.03|-0.00|-0.00|0.00|0.00|0.00|0.00|0.00|4.16|-0.08|-0.01|-0.03|0.02|-0.03|0.00|0.00|104631.00|483.00
64.18604111671448|0.05|-0.01|0.06|0.02|0.03|0.00|0.00|-0.01|-0.00|-0.00|0.01|0.00|0.01|0.00|0.00|2.63|-0.33|-0.01|-0.03|0.02|-0.03|0.00|0.00|105015.00|435.00
64.32956075668335|0.11|0.04|-0.02|0.00|0.00|0.00|0.00|-0.00|0.00|0.00|0.01|0.00|0.01|0.00|0.00|2.37|0.17|-0.01|-0.03|0.02|-0.03|0.00|0.00|105358.00|459.00
64.47716999053955|0.10|-0.03|-0.00|0.00|-0.02|0.00|0.00|-0.01|-0.00|-0.00|0.01|0.00|0.00|0.00|0.00|1.11|0.07|-0.01|-0.03|0.02|-0.03|0.00|0.00|105518.00|469.00
64.62479066848755|0.14|0.00|-0.04|-0.03|-0.03|0.00|0.00|-0.01|-0.00|-0.00|0.00|-0.00|-0.00|0.00|0.00|0.08|0.06|-0.01|-0.03|0.02|-0.03|0.00|0.00|105529.00|478.00
64.77136254310608|0.15|-0.00|-0.00|0.00|0.01|0.00|0.00|-0.00|-0.00|-0.00|0.00|-0.00|0.00|0.00|0.00|0.00|-0.05|-0.01|-0.03|0.02|-0.03|0.00|0.00|105529.00|471.00
64.92396330833435|0.14|-0.01|-0.01|-0.00|-0.00|0.00|0.00|-0.00|0.00|-0.00|-0.00|-0.00|-0.00|0.00|0.00|0.24|-0.02|-0.01|-0.03|0.02|-0.03|0.00|0.00|105564.00|468.00
65.07063150405884|0.11|-0.01|-0.01|0.00|0.00|0.00|0.00|0.02|-0.00|-0.00|-0.00|-0.00|0.00|0.00|0.00|3.38|-0.03|-0.01|-0.03|0.02|-0.03|0.00|0.00|106077.00|464.00
65.21818327903748|0.10|0.03|0.01|0.00|0.01|0.00|0.00|0.06|-0.00|0.00|-0.00|-0.00|0.00|0.00|0.00|11.69|-0.48|-0.01|-0.03|0.02|-0.03|0.00|0.00|107796.00|393.00
65.36579728126526|0.10|-0.00|0.02|0.00|-0.01|0.00|0.00|0.02|-0.00|0.00|0.00|-0.00|0.00|0.00|0.00|14.16|-0.55|-0.01|-0.03|0.02|-0.03|0.00|0.00|109863.00|312.00
65.51339912414551|0.12|-0.01|-0.02|-0.00|0.00|0.00|0.00|-0.02|0.00|-0.00|0.00|-0.00|0.00|0.00|0.00|10.62|-0.47|-0.01|-0.03|0.02|-0.03|0.00|0.00|111414.00|243.00
65.65704250335693|0.10|0.03|0.05|0.00|0.00|0.00|0.00|-0.03|0.00|0.00|0.01|0.00|0.00|0.00|0.00|6.06|-0.09|-0.01|-0.02|0.02|-0.03|0.00|0.00|112317.00|230.00
65.80462074279785|0.08|-0.01|-0.03|0.01|-0.01|0.00|0.00|-0.01|0.00|0.00|0.00|0.00|-0.00|0.00|0.00|4.01|-0.07|-0.01|-0.02|0.02|-0.03|0.00|0.00|112890.00|220.00
65.95130610466003|0.08|-0.01|-0.03|0.01|0.01|0.00|0.00|-0.02|-0.00|0.00|-0.00|0.00|0.00|0.00|0.00|1.53|-0.10|-0.01|-0.02|0.02|-0.03|0.00|0.00|113113.00|205.00
66.09483933448792|0.09|-0.02|0.01|-0.01|-0.00|0.00|0.00|-0.01|0.00|-0.00|0.00|0.00|0.00|0.00|0.00|0.01|0.00|-0.01|-0.02|0.02|-0.03|0.00|0.00|113114.00|205.00
66.24245285987854|0.10|0.01|-0.00|-0.00|-0.00|0.00|0.00|-0.00|0.00|0.00|0.00|-0.00|0.00|0.00|0.00|0.00|-0.01|-0.01|-0.02|0.02|-0.03|0.00|0.00|113114.00|204.00
66.39404773712158|0.08|-0.01|-0.02|-0.00|-0.01|0.00|0.00|-0.00|-0.00|-0.00|-0.00|-0.00|-0.00|0.00|0.00|0.02|-0.02|-0.01|-0.02|0.02|-0.03|0.00|0.00|113117.00|201.00
66.54564499855042|0.08|-0.01|-0.03|-0.00|-0.00|0.00|0.00|-0.00|0.00|-0.00|-0.01|-0.00|-0.00|0.00|0.00|0.00|0.00|-0.01|-0.02|0.02|-0.03|0.00|0.00|113117.00|201.00
66.69733715057373|0.09|-0.03|-0.05|-0.05|-0.08|0.00|0.00|-0.00|0.00|-0.01|-0.01|-0.01|-0.01|0.00|0.00|0.03|0.00|-0.01|-0.03|0.02|-0.03|0.00|0.00|113121.00|201.00
66.84486103057861|0.09|0.02|-0.15|-0.15|-0.07|0.00|0.00|-0.02|0.00|-0.00|-0.04|-0.03|-0.03|0.00|0.00|-2.56|0.23|-0.01|-0.03|0.01|-0.04|0.00|0.00|112739.00|236.00
66.9963948726654|0.08|0.12|0.00|-0.27|-0.02|0.00|0.00|-0.27|-0.00|0.02|-0.04|-0.07|-0.03|0.00|0.00|-43.21|-0.35|-0.01|-0.04|0.00|-0.04|0.00|0.00|106258.00|184.00
67.14303636550903|0.08|0.02|0.08|0.03|0.04|0.00|0.00|-0.20|-0.01|0.02|-0.02|-0.07|-0.02|0.00|0.00|-72.74|-1.28|-0.01|-0.04|-0.01|-0.04|0.00|0.00|95274.00|-10.00
67.29463601112366|0.08|0.04|0.01|0.24|0.12|0.00|0.00|-0.19|0.01|0.03|-0.02|-0.03|-0.00|0.00|0.00|-100.66|-0.49|-0.00|-0.05|-0.01|-0.04|0.00|0.00|80275.00|-83.00
67.44224977493286|0.09|-0.19|0.12|0.23|0.02|0.00|0.00|0.01|0.00|-0.00|-0.01|0.00|-0.00|0.00|0.00|-98.65|-0.24|-0.00|-0.05|-0.01|-0.04|0.00|0.00|65675.00|-119.00
67.59384489059448|0.08|-0.04|0.05|-0.04|0.01|0.00|0.00|-0.00|-0.01|-0.01|0.00|-0.00|-0.00|0.00|0.00|-98.95|-1.15|-0.00|-0.05|-0.01|-0.04|0.00|0.00|50932.00|-291.00
67.74943232536316|0.09|0.03|-0.02|-0.05|0.00|0.00|0.00|-0.09|0.00|-0.00|-0.00|-0.01|-0.00|0.00|0.00|-113.09|-0.80|-0.00|-0.05|-0.01|-0.04|0.00|0.00|33743.00|-413.00
67.89712715148926|0.08|-0.01|0.01|-0.04|0.01|0.00|0.00|0.28|0.01|-0.00|-0.00|-0.02|0.00|0.00|0.00|-69.63|-0.02|-0.00|-0.05|-0.02|-0.04|0.00|0.00|23089.00|-416.00
68.04862356185913|0.07|-0.04|0.02|0.14|-0.02|0.00|0.00|0.11|-0.01|-0.01|0.00|0.00|-0.00|0.00|0.00|-53.18|-1.16|-0.01|-0.05|-0.02|-0.04|0.00|0.00|15165.00|-589.00
68.19624948501587|0.07|0.10|-0.04|0.03|-0.01|0.00|0.00|0.06|-0.00|0.00|-0.00|0.01|-0.00|0.00|0.00|-44.33|-1.58|-0.00|-0.05|-0.02|-0.04|0.00|0.00|8515.00|-826.00
68.34382629394531|0.07|0.02|-0.02|-0.02|0.00|0.00|0.00|0.05|0.01|0.01|-0.01|0.00|-0.00|0.00|0.00|-37.38|-0.37|-0.00|-0.05|-0.01|-0.04|0.00|0.00|2945.00|-881.00
68.49544024467468|0.09|-0.00|0.03|-0.01|0.01|0.00|0.00|0.02|0.00|0.01|-0.00|0.00|-0.00|0.00|0.00|-34.07|-0.14|-0.00|-0.05|-0.01|-0.04|0.00|0.00|-2098.00|-902.00
68.64303755760193|0.08|-0.04|0.01|0.03|0.01|0.00|0.00|0.03|-0.00|0.00|-0.00|0.01|-0.00|0.00|0.00|-30.37|-0.34|-0.00|-0.05|-0.01|-0.04|0.00|0.00|-6593.00|-952.00
68.7896556854248|0.07|0.00|0.00|-0.04|-0.01|0.00|0.00|0.14|0.00|0.00|-0.00|0.00|-0.00|0.00|0.00|-9.88|-0.03|-0.00|-0.05|-0.01|-0.04|0.00|0.00|-8065.00|-957.00
68.93735480308533|0.07|-0.01|-0.01|0.01|0.00|0.00|0.00|0.07|0.00|-0.00|-0.00|0.00|-0.00|0.00|0.00|0.01|0.05|-0.00|-0.05|-0.01|-0.04|0.00|0.00|-8064.00|-949.00
69.0808732509613|0.09|0.02|-0.01|-0.01|0.01|0.00|0.00|0.00|0.00|0.00|-0.00|0.00|0.00|0.00|0.00|0.03|0.06|-0.00|-0.05|-0.01|-0.04|0.00|0.00|-8059.00|-940.00
69.23249912261963|0.07|0.03|-0.00|0.00|-0.02|0.00|0.00|-0.00|-0.00|0.01|-0.00|0.00|-0.00|0.00|0.00|0.01|-0.34|-0.00|-0.05|-0.01|-0.04|0.00|0.00|-8058.00|-989.00
69.38007307052612|0.07|-0.05|0.01|0.00|0.01|0.00|0.00|-0.00|-0.00|-0.00|-0.00|0.00|-0.00|0.00|0.00|-0.09|-0.71|-0.00|-0.05|-0.01|-0.05|0.00|0.00|-8071.00|-1095.00
69.53162384033203|0.08|0.00|-0.00|-0.05|-0.01|0.00|0.00|0.00|0.01|-0.00|-0.00|-0.00|-0.00|0.00|0.00|0.07|0.56|-0.00|-0.05|-0.01|-0.05|0.00|0.00|-8061.00|-1011.00
69.67524456977844|0.09|0.01|0.00|0.04|0.03|0.00|0.00|-0.00|-0.00|0.00|-0.00|0.00|0.00|0.00|0.00|0.03|0.44|-0.00|-0.05|-0.01|-0.05|0.00|0.00|-8056.00|-944.00
69.82589364051819|0.08|0.01|-0.01|0.01|-0.01|0.00|0.00|-0.00|-0.01|0.00|-0.00|0.00|0.00|0.00|0.00|-0.01|-0.88|-0.00|-0.05|-0.01|-0.04|0.00|0.00|-8057.00|-1070.00
69.97757482528687|0.08|-0.00|0.00|-0.01|-0.00|0.00|0.00|-0.01|0.00|0.00|-0.00|0.00|0.00|0.00|0.00|-1.15|-0.21|-0.00|-0.05|-0.01|-0.04|0.00|0.00|-8229.00|-1101.00
70.1250388622284|0.07|-0.00|0.00|-0.01|-0.00|0.00|0.00|0.01|0.00|0.00|-0.00|0.00|-0.00|0.00|0.00|-0.02|0.21|-0.00|-0.05|-0.01|-0.04|0.00|0.00|-8232.00|-1070.00
70.27272820472717|0.08|-0.00|0.00|0.01|-0.00|0.00|0.00|0.00|-0.00|0.00|-0.00|0.00|-0.00|0.00|0.00|0.13|-0.04|-0.00|-0.05|-0.01|-0.04|0.00|0.00|-8213.00|-1076.00
70.42427039146423|0.08|0.00|-0.00|0.00|-0.00|0.00|0.00|-0.00|-0.00|0.00|-0.00|0.00|-0.00|0.00|0.00|0.02|-0.09|-0.00|-0.05|-0.01|-0.04|0.00|0.00|-8210.00|-1090.00
70.57189798355103|0.07|0.00|-0.00|-0.00|0.00|0.00|0.00|-0.00|0.00|0.00|-0.00|0.00|-0.00|0.00|0.00|0.00|0.00|-0.00|-0.05|-0.01|-0.04|0.00|0.00|-8210.00|-1090.00
70.7194983959198|0.08|-0.00|-0.00|0.00|-0.00|0.00|0.00|-0.00|0.00|0.00|-0.00|0.00|-0.00|0.00|0.00|0.00|0.00|-0.00|-0.05|-0.01|-0.05|0.00|0.00|-8210.00|-1090.00
70.87107920646667|0.07|-0.00|0.00|-0.00|-0.00|0.00|0.00|-0.00|0.00|0.00|-0.00|0.00|-0.00|0.00|0.00|0.00|0.00|-0.00|-0.05|-0.01|-0.05|0.00|0.00|-8210.00|-1090.00
71.01780223846436|0.08|0.00|0.00|-0.00|0.00|0.00|0.00|-0.00|0.00|0.00|-0.00|0.00|-0.00|0.00|0.00|0.00|0.00|-0.00|-0.05|-0.01|-0.05|0.00|0.00|-8210.00|-1090.00
71.16531109809875|0.07|-0.00|-0.00|-0.00|-0.00|0.00|0.00|-0.00|0.00|0.00|-0.00|0.00|-0.00|0.00|0.00|0.00|0.00|-0.00|-0.05|-0.01|-0.05|0.00|0.00|-8210.00|-1090.00
71.3129518032074|0.08|0.00|0.00|0.00|0.00|0.00|0.00|-0.00|0.00|0.00|-0.00|0.00|-0.00|0.00|0.00|0.00|0.00|-0.00|-0.05|-0.01|-0.05|0.00|0.00|-8210.00|-1090.00
71.46051859855652|0.07|0.00|-0.00|0.00|-0.00|0.00|0.00|-0.00|0.00|0.00|-0.00|0.00|-0.00|0.00|0.00|0.00|0.00|-0.00|-0.05|-0.01|-0.05|0.00|0.00|-8210.00|-1090.00
71.60812997817993|0.08|-0.00|-0.00|-0.00|0.00|0.00|0.00|-0.00|0.00|0.00|-0.00|0.00|-0.00|0.00|0.00|0.00|0.00|-0.00|-0.05|-0.01|-0.05|0.00|0.00|-8210.00|-1090.00
71.75972652435303|0.08|-0.00|0.00|-0.00|-0.00|0.00|0.00|-0.00|0.00|0.00|-0.00|0.00|-0.00|0.00|0.00|0.00|0.00|-0.00|-0.05|-0.01|-0.05|0.00|0.00|-8210.00|-1090.00
71.90734100341797|0.07|0.00|-0.00|0.00|-0.00|0.00|0.00|-0.00|0.00|0.00|-0.00|0.00|-0.00|0.00|0.00|0.00|0.00|-0.00|-0.05|-0.01|-0.05|0.00|0.00|-8210.00|-1090.00
72.05488801002502|0.07|-0.00|0.00|-0.00|0.00|0.00|0.00|-0.00|0.00|-0.00|-0.00|0.00|-0.00|0.00|0.00|0.00|0.00|-0.00|-0.05|-0.01|-0.05|0.00|0.00|-8210.00|-1090.00
72.20154857635498|0.08|0.00|-0.00|0.00|0.00|0.00|0.00|-0.00|0.00|0.00|-0.00|0.00|-0.00|0.00|0.00|0.00|0.00|-0.00|-0.05|-0.01|-0.05|0.00|0.00|-8210.00|-1090.00
72.34924364089966|0.07|-0.00|-0.00|0.00|0.00|0.00|0.00|-0.00|0.00|0.00|-0.00|0.00|-0.00|0.00|0.00|0.00|0.00|-0.00|-0.05|-0.01|-0.05|0.00|0.00|-8210.00|-1090.00
72.4967532157898|0.09|-0.00|0.00|-0.00|-0.00|0.00|0.00|-0.00|0.00|0.00|-0.00|0.00|-0.00|0.00|0.00|0.00|0.00|-0.00|-0.05|-0.01|-0.05|0.00|0.00|-8210.00|-1090.00
72.64835333824158|0.08|0.00|-0.00|-0.00|-0.00|0.00|0.00|-0.00|0.00|0.00|-0.00|0.00|-0.00|0.00|0.00|0.00|0.00|-0.00|-0.05|-0.01|-0.05|0.00|0.00|-8210.00|-1090.00
72.79591751098633|0.08|0.00|-0.00|0.00|0.00|0.00|0.00|-0.00|0.00|0.00|-0.00|0.00|-0.00|0.00|0.00|0.00|0.00|-0.00|-0.05|-0.01|-0.05|0.00|0.00|-8210.00|-1090.00
72.94355535507202|0.08|0.00|-0.00|0.00|-0.00|0.00|0.00|-0.00|0.00|0.00|-0.00|0.00|-0.00|0.00|0.00|0.00|0.00|-0.00|-0.05|-0.01|-0.05|0.00|0.00|-8210.00|-1090.00
73.0901529788971|0.07|-0.00|0.00|-0.00|-0.00|0.00|0.00|-0.00|0.00|0.00|-0.00|0.00|-0.00|0.00|0.00|0.00|0.00|-0.00|-0.05|-0.01|-0.05|0.00|0.00|-8210.00|-1090.00
73.23778462409973|0.08|-0.00|-0.00|-0.00|0.00|0.00|0.00|-0.00|0.00|0.00|-0.00|0.00|-0.00|0.00|0.00|0.00|0.00|-0.00|-0.05|-0.01|-0.05|0.00|0.00|-8210.00|-1090.00
73.38537049293518|0.08|-0.00|0.00|0.00|0.00|0.00|0.00|-0.00|0.00|0.00|-0.00|0.00|-0.00|0.00|0.00|0.00|0.00|-0.00|-0.05|-0.01|-0.05|0.00|0.00|-8210.00|-1090.00
73.53304839134216|0.05|0.00|-0.00|0.00|0.00|0.00|0.00|-0.00|0.00|0.00|-0.00|0.00|-0.00|0.00|0.00|0.00|0.00|-0.00|-0.05|-0.01|-0.05|0.00|0.00|-8210.00|-1090.00
73.68059468269348|0.08|0.00|0.00|0.00|-0.00|0.00|0.00|-0.00|0.00|0.00|-0.00|0.00|-0.00|0.00|0.00|0.00|0.00|-0.00|-0.05|-0.01|-0.05|0.00|0.00|-8210.00|-1090.00
73.8282356262207|0.07|-0.00|0.00|-0.00|0.00|0.00|0.00|-0.00|0.00|0.00|-0.00|0.00|-0.00|0.00|0.00|0.00|0.00|-0.00|-0.05|-0.01|-0.05|0.00|0.00|-8210.00|-1090.00
73.97578310966492|0.07|0.00|-0.00|-0.00|-0.00|0.00|0.00|-0.00|0.00|0.00|-0.00|0.00|-0.00|0.00|0.00|0.00|0.00|-0.00|-0.05|-0.01|-0.05|0.00|0.00|-8210.00|-1090.00
74.1223726272583|0.07|-0.00|0.00|0.00|-0.00|0.00|0.00|-0.00|0.00|0.00|-0.00|0.00|-0.00|0.00|0.00|0.00|0.00|-0.00|-0.05|-0.01|-0.05|0.00|0.00|-8210.00|-1090.00
