0.013932228088378906|00|0.00|0.00
0.14861130714416504|0.10|0.00|-0.00|0.00|-0.00|0.00|0.00|0.00|0.00|0.00|-0.00|0.00|-0.00|0.00|0.00|0.00|0.00|0.00|-0.05|0.00|-0.05|0.00|0.00|0.00|0.00
0.28820085525512695|0.10|-0.00|-0.00|-0.00|-0.00|0.00|0.00|0.00|0.00|0.00|-0.00|0.00|-0.00|0.00|0.00|0.00|0.00|0.00|-0.05|0.00|-0.05|0.00|0.00|0.00|0.00
0.42284536361694336|0.10|0.00|0.00|0.00|0.00|0.00|0.00|0.00|0.00|0.00|-0.00|0.00|-0.00|0.00|0.00|0.00|0.00|0.00|-0.05|0.00|-0.05|0.00|0.00|0.00|0.00
0.5545802116394043|0.09|-0.00|0.00|0.00|0.00|0.00|0.00|0.00|0.00|0.00|0.00|0.00|-0.00|0.00|0.00|0.00|0.00|0.00|-0.05|0.00|-0.05|0.00|0.00|0.00|0.00
0.6941242218017578|0.10|-0.00|-0.00|-0.00|-0.00|0.00|0.00|0.00|0.00|-0.00|-0.00|0.00|-0.00|0.00|0.00|0.00|0.00|0.00|-0.05|0.00|-0.05|0.00|0.00|0.00|0.00
0.8288710117340088|0.10|0.00|0.00|0.00|0.00|0.00|0.00|0.00|0.00|-0.00|0.00|0.00|-0.00|0.00|0.00|0.00|0.00|0.00|-0.05|0.00|-0.05|0.00|0.00|0.00|0.00
0.9684228897094727|0.09|-0.00|-0.00|0.00|0.00|0.00|0.00|0.00|0.00|-0.00|-0.00|0.00|0.00|0.00|0.00|0.00|0.00|0.00|-0.05|0.00|-0.05|0.00|0.00|0.00|0.00
1.1040737628936768|0.09|0.00|-0.00|-0.00|-0.00|0.00|0.00|0.00|0.00|0.00|-0.00|0.00|-0.00|0.00|0.00|0.00|0.00|0.00|-0.05|0.00|-0.05|0.00|0.00|0.00|0.00
1.2387142181396484|0.11|-0.00|0.00|0.00|0.00|0.00|0.00|0.00|0.00|-0.00|0.00|0.00|-0.00|0.00|0.00|0.00|0.00|0.00|-0.05|0.00|-0.05|0.00|0.00|0.00|0.00
1.3813302516937256|0.11|0.00|-0.00|-0.44|0.01|0.00|0.00|0.00|0.00|0.00|0.00|-0.06|0.00|0.00|0.00|0.00|0.00|0.00|-0.05|-0.01|-0.05|0.00|0.00|-407.00|404.00
1.5249576568603516|0.10|0.00|-0.00|0.48|0.01|0.00|0.00|0.00|0.00|0.00|-0.00|0.01|0.00|0.00|0.00|-0.68|-0.29|0.00|-0.05|-0.01|-0.05|0.00|0.00|-504.00|363.00
1.6687204837799072|0.11|-0.00|0.00|0.07|-0.02|0.00|0.00|-0.01|-0.01|-0.00|-0.00|0.02|-0.00|0.00|0.00|-2.50|-2.08|0.00|-0.05|-0.00|-0.05|0.00|0.00|-859.00|67.00
1.8163352012634277|0.12|0.00|-0.00|0.08|-0.00|0.00|0.00|0.01|0.01|0.00|-0.00|0.03|-0.00|0.00|0.00|-1.16|-0.87|0.00|-0.05|0.00|-0.05|0.00|0.00|-1030.00|-61.00
1.9639477729797363|0.10|0.00|0.00|-0.28|0.00|0.00|0.00|0.00|0.00|0.00|-0.00|-0.01|-0.00|0.00|0.00|-1.00|-0.36|0.00|-0.05|-0.00|-0.05|0.00|0.00|-1175.00|-113.00
2.1066596508026123|0.11|0.00|0.00|-0.57|0.08|0.00|0.00|-0.06|0.01|0.00|0.00|-0.09|0.01|0.00|0.00|-9.52|1.53|0.00|-0.05|-0.01|-0.05|0.00|0.00|-2565.00|110.00
2.2541663646698|0.12|-0.01|0.00|0.78|-0.10|0.00|0.00|-0.09|-0.03|-0.00|0.00|0.02|-0.00|0.00|0.00|-21.83|-2.32|0.00|-0.05|-0.01|-0.05|0.00|0.00|-5708.00|-224.00
2.397474765777588|0.11|0.00|-0.00|0.26|0.02|0.00|0.00|0.01|0.02|0.00|0.00|0.06|0.00|0.00|0.00|-19.95|0.53|0.00|-0.05|-0.00|-0.05|0.00|0.00|-8680.00|-145.00
2.54898738861084|0.12|-0.00|-0.00|-0.47|0.00|0.00|0.00|0.11|-0.00|-0.00|-0.00|-0.01|0.00|0.00|0.00|-3.69|0.21|0.00|-0.05|-0.00|-0.05|0.00|0.00|-9207.00|-115.00
2.696826696395874|0.11|0.01|-0.01|0.07|-0.00|0.00|0.00|0.02|-0.00|0.00|-0.00|0.00|0.00|0.00|0.00|-0.04|0.07|0.00|-0.05|-0.00|-0.05|-8.00|8.00|-9213.00|-105.00
2.8523173332214355|0.12|-0.00|0.00|-0.00|-0.01|0.00|0.00|-0.11|-0.00|0.00|-0.00|0.00|-0.00|-0.14|0.25|-16.08|-0.32|0.00|-0.05|-0.00|-0.05|-28.00|44.00|-11561.00|-152.00
3.003906011581421|0.13|-0.02|0.02|0.01|-0.00|0.00|-0.00|0.01|0.00|-0.00|0.00|0.00|-0.00|0.13|-0.07|-15.06|0.25|0.00|-0.05|-0.00|-0.05|-8.00|33.00|-13910.00|-113.00
3.155513286590576|0.12|-0.01|-0.02|-0.04|0.01|-0.00|0.00|-0.01|0.00|-0.00|-0.00|-0.00|0.00|0.00|0.14|-15.90|0.46|0.00|-0.05|-0.00|-0.05|-8.00|54.00|-16342.00|-43.00
3.311047077178955|0.12|0.02|0.01|0.02|-0.01|-0.00|-0.00|0.09|-0.00|-0.00|-0.00|0.00|-0.00|-0.07|0.13|-1.61|0.05|0.00|-0.05|-0.00|-0.05|-18.00|73.00|-16586.00|-35.00
3.4546988010406494|0.12|0.00|0.00|0.09|0.02|0.00|-0.00|0.01|0.00|-0.00|0.00|0.02|0.00|0.08|-0.07|0.01|0.15|0.00|-0.05|0.00|-0.05|-5.00|62.00|-16585.00|-12.00
3.606290102005005|0.11|-0.02|-0.00|-0.01|0.01|-0.01|-0.00|0.29|0.00|-0.00|0.00|0.01|0.00|-1.99|-0.53|42.44|0.49|0.00|-0.05|0.00|-0.05|-291.00|-15.00|-10474.00|59.00
3.761871337890625|0.13|-0.35|0.18|0.04|0.12|-0.40|0.01|0.65|0.00|-0.06|0.03|0.02|0.02|-63.44|0.47|142.45|0.71|-0.01|-0.05|0.01|-0.05|-10060.00|58.00|11464.00|168.00
3.9124677181243896|0.11|0.25|0.05|0.25|0.14|0.14|-0.00|0.06|0.00|-0.02|0.04|0.06|0.04|-41.64|0.31|151.26|0.90|-0.01|-0.04|0.01|-0.04|-16389.00|105.00|34455.00|305.00
4.073040723800659|0.13|0.08|-0.02|-0.16|-0.05|-0.17|0.01|-0.24|-0.02|-0.01|0.03|0.03|0.04|-67.41|1.99|114.01|-1.47|-0.01|-0.04|0.02|-0.03|-26702.00|409.00|51899.00|80.00
4.228638410568237|0.12|-0.08|-0.00|-0.15|-0.07|0.19|-0.00|-0.43|0.01|-0.02|0.03|0.01|0.03|-37.23|1.87|45.91|0.30|-0.02|-0.03|0.02|-0.03|-32621.00|707.00|59198.00|127.00
4.388200759887695|0.11|0.11|-0.08|-0.15|-0.07|0.21|-0.01|-0.19|-0.00|-0.00|0.02|-0.01|0.01|-5.23|0.50|15.65|-0.01|-0.02|-0.03|0.02|-0.03|-33437.00|785.00|61640.00|125.00
4.543795347213745|0.11|0.04|-0.08|-0.02|-0.04|0.03|-0.00|-0.08|-0.00|0.00|0.01|-0.02|0.01|-0.38|-0.14|2.91|-0.09|-0.02|-0.03|0.02|-0.03|-33497.00|763.00|62099.00|111.00
4.699388265609741|0.13|-0.02|-0.02|0.02|-0.01|0.00|0.00|-0.02|-0.00|0.00|0.00|-0.01|0.01|0.01|-0.07|-0.97|-0.23|-0.02|-0.03|0.01|-0.03|-33495.00|752.00|61945.00|75.00
4.850983619689941|0.13|-0.00|-0.01|0.11|-0.01|-0.00|0.00|0.01|0.01|0.00|0.00|0.00|0.00|-0.01|0.00|-0.03|0.72|-0.02|-0.03|0.02|-0.02|-33496.00|752.00|61940.00|186.00
5.002577304840088|0.12|0.01|-0.03|-0.00|-0.01|0.00|0.00|0.00|-0.00|0.00|-0.00|0.00|0.00|0.00|0.00|0.05|0.10|-0.01|-0.03|0.02|-0.02|-33496.00|752.00|61947.00|201.00
5.158117294311523|0.12|-0.01|0.00|0.02|-0.01|0.00|0.00|-0.01|-0.00|-0.00|-0.00|0.01|0.00|0.00|0.00|-2.02|-0.38|-0.01|-0.03|0.02|-0.02|-33496.00|752.00|61640.00|144.00
5.313701629638672|0.10|0.01|0.02|-0.02|-0.01|0.00|0.00|-0.08|0.00|0.00|0.00|0.00|-0.00|0.00|0.00|-15.19|-0.12|-0.01|-0.03|0.02|-0.02|-33496.00|752.00|59286.00|125.00
5.46940016746521|0.10|-0.02|-0.00|0.01|0.01|0.00|0.00|-0.05|0.00|-0.00|0.00|0.00|0.00|0.00|0.00|-22.16|-0.10|-0.02|-0.03|0.02|-0.02|-33496.00|752.00|55873.00|109.00
5.620877504348755|0.12|0.03|-0.00|-0.02|0.00|0.00|0.00|0.06|-0.00|0.00|0.00|0.00|0.00|0.00|0.00|-13.74|-0.41|-0.01|-0.03|0.02|-0.02|-33496.00|752.00|53771.00|47.00
5.776495456695557|0.12|-0.01|-0.00|-0.00|-0.01|0.00|0.00|0.01|0.00|-0.00|0.00|0.00|-0.00|0.00|0.00|-11.64|-0.10|-0.01|-0.03|0.02|-0.02|-33496.00|752.00|51990.00|32.00
5.928114414215088|0.11|0.01|-0.01|-0.01|-0.00|0.00|0.00|0.03|-0.00|0.00|-0.00|-0.00|-0.00|0.00|0.00|-7.50|-0.11|-0.01|-0.03|0.02|-0.02|-33496.00|752.00|50835.00|15.00
6.079741954803467|0.11|-0.01|0.01|0.03|-0.00|0.00|0.00|0.03|0.00|0.00|0.00|0.00|-0.00|0.00|0.00|-2.32|-0.07|-0.01|-0.03|0.02|-0.02|-33496.00|752.00|50475.00|4.00
6.231280565261841|0.12|-0.01|-0.01|-0.09|0.03|0.00|0.00|0.01|0.00|-0.00|0.00|-0.01|0.00|0.00|0.00|-0.64|0.02|-0.01|-0.03|0.02|-0.02|-33496.00|752.00|50378.00|7.00
6.382887363433838|0.12|-0.01|-0.00|0.06|-0.01|0.00|0.00|0.00|-0.00|-0.00|0.00|-0.00|0.00|0.00|0.00|0.01|-0.05|-0.01|-0.03|0.02|-0.02|-33496.00|752.00|50380.00|0.00
6.530502080917358|0.12|0.02|0.01|0.01|-0.01|0.00|0.00|0.00|0.00|0.00|0.00|-0.00|0.00|0.00|0.00|0.03|-0.05|-0.01|-0.03|0.02|-0.02|-33496.00|752.00|50384.00|1.00
6.678059101104736|0.12|0.00|0.01|0.02|0.01|0.00|0.00|-0.00|0.00|0.00|0.00|0.00|0.00|0.00|0.00|0.02|0.00|-0.01|-0.02|0.02|-0.02|-33496.00|752.00|50387.00|1.00
6.825662851333618|0.13|-0.00|0.00|-0.04|0.00|0.00|0.00|0.03|0.00|0.00|0.00|-0.00|0.00|0.00|0.00|4.20|-0.05|-0.01|-0.02|0.02|-0.02|-33496.00|752.00|51005.00|-7.00
6.9772584438323975|0.11|0.01|-0.01|0.02|-0.02|0.00|0.00|0.06|0.00|0.00|0.00|0.00|-0.00|0.00|0.00|13.54|0.23|-0.01|-0.02|0.02|-0.02|-33496.00|752.00|53022.00|28.00
7.127908706665039|0.10|-0.00|-0.01|0.03|0.01|0.00|0.00|-0.07|-0.00|0.00|0.00|0.01|0.00|0.00|0.00|3.45|0.10|-0.01|-0.02|0.02|-0.02|-33496.00|752.00|53539.00|43.00
7.2795445919036865|0.18|-0.01|-0.00|-0.04|0.00|0.00|0.00|-0.02|-0.00|0.00|0.00|-0.00|0.00|0.00|0.00|0.07|0.01|-0.01|-0.02|0.02|-0.02|-33496.00|752.00|53549.00|44.00
7.435152769088745|0.13|0.01|-0.01|-0.06|-0.02|0.00|0.00|-0.00|-0.00|0.00|-0.00|-0.01|-0.00|0.00|0.00|-0.03|-0.07|-0.01|-0.02|0.02|-0.02|-33496.00|752.00|53545.00|33.00
7.587675333023071|0.13|-0.00|0.01|0.04|0.01|0.00|0.00|-0.00|-0.00|0.00|-0.00|-0.00|-0.00|0.00|0.00|-0.13|-0.12|-0.01|-0.02|0.02|-0.02|-33496.00|752.00|53525.00|14.00
7.743264198303223|0.13|-0.00|0.00|0.01|-0.02|0.00|0.00|-0.05|-0.00|0.00|0.00|-0.00|-0.00|0.00|0.00|-8.14|-0.23|-0.01|-0.02|0.01|-0.02|-33496.00|752.00|52272.00|-22.00
7.902841567993164|0.13|-0.01|-0.00|0.01|0.04|0.00|0.00|-0.03|-0.00|-0.00|-0.00|-0.00|0.00|0.00|0.00|-13.36|-0.31|-0.01|-0.02|0.01|-0.02|-33496.00|752.00|50188.00|-71.00
8.054440021514893|0.13|0.01|0.01|-0.00|-0.02|0.00|0.00|0.07|0.00|0.00|0.00|-0.00|-0.00|0.00|0.00|-2.04|0.04|-0.01|-0.02|0.01|-0.02|-33496.00|752.00|49870.00|-65.00
8.20598316192627|0.14|0.03|-0.01|0.01|0.00|0.00|0.00|-0.00|0.00|0.01|-0.00|0.00|-0.00|0.00|0.00|-2.27|0.05|-0.01|-0.02|0.01|-0.02|-33496.00|752.00|49525.00|-58.00
8.356627464294434|0.18|-0.02|0.02|0.00|0.01|0.00|0.00|0.01|-0.00|0.00|0.00|0.00|0.00|0.00|0.00|-0.41|-0.05|-0.01|-0.02|0.01|-0.02|-33496.00|752.00|49463.00|-66.00
8.508270978927612|0.18|-0.02|-0.01|0.02|0.01|0.00|0.00|-0.00|0.00|0.00|0.00|0.00|0.00|0.00|0.00|-0.77|0.13|-0.01|-0.02|0.02|-0.02|-33496.00|752.00|49346.00|-47.00
8.663896560668945|0.16|-0.00|-0.00|-0.05|-0.01|0.00|0.00|0.00|-0.00|-0.00|-0.00|-0.00|0.00|0.00|0.00|-0.04|0.02|-0.01|-0.02|0.02|-0.02|-33496.00|752.00|49340.00|-44.00
8.811365604400635|0.18|0.00|0.00|0.02|0.01|0.00|0.00|0.00|0.00|-0.00|0.00|0.00|0.00|0.00|0.00|-0.01|0.06|-0.01|-0.02|0.02|-0.02|-33496.00|752.00|49338.00|-34.00
8.966996669769287|0.15|-0.01|0.00|-0.01|-0.01|0.00|0.00|-0.00|-0.00|-0.00|0.00|-0.00|0.00|0.00|0.00|-0.02|-0.05|-0.01|-0.02|0.02|-0.02|-33496.00|752.00|49335.00|-42.00
9.122593641281128|0.16|0.00|-0.00|-0.01|-0.02|0.00|0.00|0.00|0.00|-0.00|-0.00|-0.00|-0.00|0.00|0.00|0.00|-0.01|-0.01|-0.02|0.01|-0.02|-33496.00|752.00|49335.00|-43.00
9.278204679489136|0.15|0.01|-0.00|-0.02|0.01|0.00|0.00|0.00|-0.00|0.00|-0.00|-0.01|-0.00|0.00|0.00|0.00|-0.03|-0.01|-0.02|0.01|-0.02|-33496.00|752.00|49335.00|-48.00
9.434722900390625|0.15|-0.01|0.00|0.01|-0.01|0.00|0.00|0.00|-0.00|0.00|-0.00|-0.00|-0.00|0.00|0.00|-0.10|-0.06|-0.01|-0.02|0.01|-0.02|-33496.00|752.00|49320.00|-58.00
9.58235478401184|0.15|-0.00|0.00|0.02|0.02|0.00|0.00|0.00|0.00|-0.00|0.00|0.00|0.00|0.00|0.00|-0.08|0.00|-0.01|-0.02|0.01|-0.02|-33496.00|752.00|49308.00|-58.00
9.737931489944458|0.13|0.01|-0.02|-0.05|-0.02|0.00|0.00|0.00|0.00|0.00|-0.00|-0.01|-0.00|0.00|0.00|-0.07|-0.07|-0.01|-0.02|0.01|-0.02|-33496.00|752.00|49297.00|-68.00
9.889490127563477|0.13|0.00|0.02|0.02|0.01|0.00|0.00|-0.03|0.00|0.00|0.00|-0.00|0.00|0.00|0.00|-4.09|-0.04|-0.01|-0.02|0.01|-0.02|-33496.00|752.00|48663.00|-74.00
10.036149740219116|0.14|0.00|0.00|0.04|0.02|0.00|0.00|0.01|0.00|0.00|0.00|0.00|0.00|0.00|0.00|-2.42|0.21|-0.01|-0.02|0.01|-0.02|-33496.00|752.00|48297.00|-43.00
10.187788486480713|0.13|-0.01|0.01|0.10|0.01|0.00|0.00|0.02|-0.00|0.00|0.00|0.02|0.00|0.00|0.00|0.54|-0.03|-0.01|-0.02|0.01|-0.02|-33496.00|752.00|48377.00|-47.00
10.343361616134644|0.15|0.00|-0.01|-0.13|-0.05|0.00|0.00|-0.01|0.00|0.00|-0.00|-0.00|-0.00|0.00|0.00|-1.29|0.23|-0.01|-0.02|0.01|-0.02|-33496.00|752.00|48184.00|-13.00
10.498893737792969|0.15|-0.00|-0.00|-0.01|0.01|0.00|0.00|-0.03|-0.00|0.00|-0.00|-0.00|-0.00|0.00|0.00|-6.58|-0.03|-0.01|-0.02|0.01|-0.02|-33496.00|752.00|47164.00|-18.00
10.654486656188965|0.15|-0.01|0.01|0.02|-0.01|0.00|0.00|-0.04|-0.00|-0.00|0.00|0.00|-0.00|0.00|0.00|-12.27|-0.04|-0.01|-0.02|0.01|-0.02|-33496.00|752.00|45237.00|-24.00
10.81007695198059|0.16|0.00|-0.01|-0.00|0.04|0.00|0.00|-0.01|0.00|-0.00|-0.00|0.00|0.00|0.00|0.00|-14.52|0.03|-0.01|-0.02|0.01|-0.02|-33496.00|752.00|42972.00|-20.00
10.96169400215149|0.18|0.00|0.00|-0.02|-0.03|0.00|0.00|0.07|-0.00|0.00|0.00|-0.00|-0.00|0.00|0.00|-3.30|-0.04|-0.01|-0.02|0.01|-0.02|-33496.00|752.00|42464.00|-26.00
11.117335796356201|0.16|-0.00|-0.00|-0.00|0.00|0.00|0.00|0.02|0.00|0.00|0.00|-0.00|-0.00|0.00|0.00|-0.18|-0.01|-0.01|-0.02|0.01|-0.02|-33496.00|752.00|42437.00|-28.00
11.268836259841919|0.16|-0.01|0.01|0.02|0.01|0.00|0.00|0.00|0.00|-0.00|0.00|0.00|0.00|0.00|0.00|-0.08|0.02|-0.01|-0.02|0.01|-0.02|-33496.00|752.00|42424.00|-25.00
11.425427436828613|0.15|0.00|-0.01|-0.01|-0.00|0.00|0.00|-0.01|-0.00|-0.00|0.00|-0.00|-0.00|0.00|0.00|-1.63|-0.01|-0.01|-0.02|0.01|-0.02|-33496.00|752.00|42178.00|-27.00
11.581014633178711|0.16|-0.01|0.00|-0.06|-0.05|0.00|0.00|-0.03|-0.00|-0.00|0.00|-0.01|-0.01|0.00|0.00|-6.50|-0.04|-0.01|-0.02|0.01|-0.03|-33496.00|752.00|41158.00|-33.00
11.736608266830444|0.13|0.01|-0.00|0.03|0.03|0.00|0.00|0.03|-0.00|-0.00|0.00|-0.01|-0.00|0.00|0.00|-1.10|-0.16|-0.01|-0.02|0.01|-0.03|-33496.00|752.00|40986.00|-58.00
11.892182111740112|0.16|-0.01|-0.00|-0.06|0.05|0.00|0.00|0.01|0.00|-0.00|-0.00|-0.02|0.01|0.00|0.00|-0.26|-0.07|-0.01|-0.02|0.01|-0.03|-33496.00|752.00|40945.00|-69.00
12.051762104034424|0.09|-0.02|-0.01|0.03|-0.06|0.00|0.00|-0.01|-0.00|-0.01|-0.00|-0.01|-0.00|0.00|0.00|-1.68|-0.37|-0.01|-0.02|0.01|-0.03|-33496.00|752.00|40685.00|-127.00
12.199358940124512|0.05|0.04|0.01|0.03|0.03|0.00|0.00|0.03|0.00|0.00|0.00|-0.01|0.00|0.00|0.00|3.27|-0.13|-0.01|-0.02|0.01|-0.03|-33496.00|752.00|41202.00|-148.00
12.3549644947052|0.10|0.01|-0.00|0.04|-0.02|0.00|0.00|0.07|0.00|0.00|0.00|-0.00|-0.00|0.00|0.00|13.95|-0.09|-0.01|-0.02|0.00|-0.03|-33496.00|752.00|43309.00|-161.00
12.50660228729248|0.12|0.01|0.00|0.16|0.05|0.00|0.00|-0.01|0.00|0.00|0.00|0.02|0.01|0.00|0.00|11.69|0.20|-0.01|-0.02|0.01|-0.02|-33496.00|752.00|45098.00|-131.00
12.658139705657959|0.12|-0.00|0.00|-0.12|-0.06|0.00|0.00|-0.08|0.00|0.00|0.00|0.00|-0.00|0.00|0.00|-0.23|0.69|-0.01|-0.02|0.01|-0.02|-33496.00|752.00|45063.00|-27.00
12.813727617263794|0.16|-0.01|-0.01|-0.01|0.01|0.00|0.00|-0.02|-0.00|0.00|-0.00|0.00|-0.00|0.00|0.00|-2.74|0.11|-0.01|-0.02|0.01|-0.02|-33496.00|752.00|44644.00|-10.00
12.965323448181152|0.21|-0.00|0.00|-0.01|0.01|0.00|0.00|-0.03|-0.00|0.00|-0.00|0.00|0.00|0.00|0.00|-6.90|0.08|-0.01|-0.02|0.01|-0.02|-33496.00|752.00|43575.00|3.00
13.120976448059082|0.20|-0.01|-0.00|0.00|-0.01|0.00|0.00|0.01|-0.00|-0.00|-0.00|0.00|0.00|0.00|0.00|-5.60|-0.14|-0.01|-0.02|0.01|-0.02|-33496.00|752.00|42729.00|-18.00
13.268503904342651|0.19|0.00|0.00|0.01|0.00|0.00|0.00|0.02|0.00|0.00|0.00|0.00|0.00|0.00|0.00|-2.01|-0.02|-0.01|-0.02|0.01|-0.02|-33496.00|752.00|42419.00|-21.00
13.42409348487854|0.22|-0.00|-0.00|-0.01|-0.01|0.00|0.00|0.01|0.00|0.00|0.00|-0.00|-0.00|0.00|0.00|-1.05|-0.01|-0.01|-0.02|0.01|-0.02|-33496.00|752.00|42261.00|-22.00
13.579678535461426|0.18|-0.00|-0.02|-0.03|0.01|0.00|0.00|0.01|-0.00|-0.00|-0.00|-0.00|0.00|0.00|0.00|0.64|-0.04|-0.01|-0.02|0.01|-0.02|-33496.00|752.00|42359.00|-28.00
13.73129653930664|0.21|-0.02|0.02|0.03|0.01|0.00|0.00|-0.01|0.00|-0.00|0.00|-0.00|0.00|0.00|0.00|-1.24|-0.03|-0.01|-0.02|0.01|-0.02|-33496.00|752.00|42167.00|-32.00
13.882847309112549|0.18|0.03|0.01|0.01|-0.01|0.00|0.00|0.00|-0.00|-0.00|0.00|0.00|0.00|0.00|0.00|-0.64|-0.03|-0.01|-0.02|0.01|-0.02|-33496.00|752.00|42069.00|-36.00
14.034421682357788|0.26|-0.00|-0.00|-0.00|0.02|0.00|0.00|0.00|0.00|-0.00|0.00|0.00|0.00|0.00|0.00|-0.03|0.03|-0.01|-0.02|0.01|-0.02|-33496.00|752.00|42064.00|-32.00
14.1900954246521|0.44|-0.01|-0.01|0.01|-0.02|0.00|0.00|-0.00|0.00|-0.00|-0.00|0.00|0.00|0.00|0.00|-0.34|0.05|-0.01|-0.02|0.01|-0.02|-33496.00|752.00|42013.00|-25.00
14.3406400680542|0.15|0.01|0.00|-0.01|-0.01|0.00|0.00|-0.00|-0.00|0.00|0.00|0.00|0.00|0.00|0.00|-0.59|-0.07|-0.01|-0.02|0.01|-0.02|-33496.00|752.00|41923.00|-36.00
14.497233152389526|0.16|-0.01|-0.00|0.01|-0.01|0.00|0.00|0.00|-0.00|-0.00|-0.00|0.00|-0.00|0.00|0.00|-0.53|-0.08|-0.01|-0.02|0.01|-0.02|-33496.00|752.00|41841.00|-48.00
14.652815341949463|0.16|0.01|0.01|-0.01|0.01|0.00|0.00|-0.01|0.00|0.00|0.00|0.00|-0.00|0.00|0.00|-1.99|-0.01|-0.01|-0.02|0.01|-0.02|-33496.00|752.00|41530.00|-49.00
14.804397583007812|0.20|-0.01|-0.00|-0.01|0.02|0.00|0.00|0.01|0.00|0.00|0.00|-0.00|0.00|0.00|0.00|-0.03|0.00|-0.01|-0.02|0.01|-0.02|-33496.00|752.00|41525.00|-49.00
14.960018157958984|0.21|-0.00|-0.01|0.01|-0.02|0.00|0.00|-0.01|0.00|-0.00|-0.00|0.00|0.00|0.00|0.00|-1.49|-0.03|-0.01|-0.02|0.01|-0.02|-33496.00|752.00|41297.00|-54.00
15.111578941345215|0.28|0.00|0.00|-0.01|-0.00|0.00|0.00|-0.00|-0.00|0.00|0.00|-0.00|-0.00|0.00|0.00|-1.51|-0.08|-0.01|-0.02|0.01|-0.02|-33496.00|752.00|41064.00|-66.00
15.271154165267944|0.16|-0.00|-0.00|-0.03|-0.01|0.00|0.00|0.00|0.00|-0.00|-0.00|-0.00|-0.00|0.00|0.00|-1.16|-0.05|-0.01|-0.02|0.01|-0.02|-33496.00|752.00|40884.00|-74.00
15.42276930809021|0.26|0.00|-0.00|0.03|0.02|0.00|0.00|0.01|0.00|-0.00|-0.00|-0.00|0.00|0.00|0.00|-0.03|0.03|-0.01|-0.02|0.01|-0.02|-33496.00|752.00|40880.00|-69.00
15.578349113464355|0.24|0.00|0.00|-0.02|-0.03|0.00|0.00|-0.01|0.00|0.00|-0.00|-0.00|-0.00|0.00|0.00|-1.87|0.05|-0.01|-0.02|0.01|-0.02|-33496.00|752.00|40597.00|-62.00
15.729941606521606|0.21|-0.00|0.01|0.03|0.02|0.00|0.00|0.00|-0.00|0.00|0.00|0.00|-0.00|0.00|0.00|-1.31|-0.04|-0.01|-0.02|0.01|-0.02|-33496.00|752.00|40395.00|-68.00
15.881539583206177|0.28|-0.00|-0.00|-0.01|0.00|0.00|0.00|0.01|0.00|-0.00|0.00|-0.00|0.00|0.00|0.00|-0.05|0.01|-0.01|-0.02|0.01|-0.02|-33496.00|752.00|40388.00|-67.00
16.03712821006775|0.37|0.00|-0.01|0.00|-0.01|0.00|0.00|-0.00|-0.00|0.00|-0.00|-0.00|-0.00|0.00|0.00|-0.64|-0.03|-0.01|-0.02|0.01|-0.02|-33496.00|752.00|40290.00|-71.00
16.1927170753479|0.35|-0.00|0.00|0.01|-0.00|0.00|0.00|-0.02|-0.00|-0.00|0.00|0.00|-0.00|0.00|0.00|-3.81|-0.09|-0.01|-0.02|0.01|-0.02|-33496.00|752.00|39695.00|-85.00
16.348332166671753|0.34|-0.00|-0.00|-0.02|0.01|0.00|0.00|0.02|0.00|-0.00|-0.00|-0.00|0.00|0.00|0.00|-0.45|-0.02|-0.01|-0.02|0.01|-0.02|-33496.00|752.00|39625.00|-88.00
16.503861904144287|0.34|0.00|0.00|-0.01|-0.01|0.00|0.00|0.01|-0.00|-0.00|0.00|-0.00|-0.00|0.00|0.00|0.51|-0.11|-0.01|-0.02|0.01|-0.02|-33496.00|752.00|39705.00|-105.00
16.65546703338623|0.16|0.00|-0.00|0.02|-0.00|0.00|0.00|0.03|0.00|0.00|0.00|-0.00|-0.00|0.00|0.00|5.30|0.11|-0.01|-0.02|0.01|-0.02|-33496.00|752.00|40527.00|-88.00
16.80707335472107|0.05|-0.00|-0.02|0.11|-0.03|0.00|0.00|0.15|0.00|0.00|-0.00|0.02|-0.01|0.00|0.00|27.50|0.34|-0.01|-0.02|0.01|-0.03|-33496.00|752.00|44652.00|-37.00
16.958725929260254|0.15|-0.00|-0.00|0.16|0.03|0.00|0.00|0.10|0.00|-0.00|-0.00|0.04|-0.00|0.00|0.00|43.27|0.92|-0.01|-0.02|0.02|-0.03|-33496.00|752.00|51316.00|105.00
17.114293098449707|0.10|0.04|0.01|-0.18|-0.03|0.00|0.00|-0.02|-0.00|0.01|0.00|0.01|-0.01|0.00|0.00|40.77|0.82|-0.01|-0.02|0.02|-0.03|-33496.00|752.00|57513.00|230.00
17.26583695411682|0.11|-0.02|0.00|-0.03|0.03|0.00|0.00|-0.06|-0.01|0.00|0.00|0.01|-0.00|0.00|0.00|31.21|-0.22|-0.01|-0.02|0.02|-0.03|-33496.00|752.00|62288.00|197.00
17.421469926834106|0.15|-0.16|0.00|0.09|-0.01|0.00|0.00|0.03|0.00|-0.02|0.00|0.02|-0.00|0.00|0.00|35.82|0.24|-0.02|-0.02|0.02|-0.03|-33496.00|752.00|67804.00|234.00
17.573071002960205|0.08|-0.08|-0.04|-0.13|0.05|0.00|0.00|-0.12|0.00|-0.03|-0.01|0.00|0.00|0.00|0.00|18.24|0.47|-0.02|-0.02|0.02|-0.03|-33496.00|752.00|70576.00|305.00
17.72865581512451|0.10|-0.08|0.01|0.02|0.02|0.00|0.00|-0.12|-0.01|-0.05|-0.00|0.01|0.01|0.00|0.00|0.21|-1.02|-0.03|-0.02|0.03|-0.03|-33496.00|752.00|70609.00|148.00
17.88026261329651|0.10|0.27|0.05|-0.02|-0.02|0.00|0.00|-0.04|0.01|-0.01|0.00|0.00|0.00|0.00|0.00|-5.49|0.09|-0.03|-0.02|0.03|-0.03|-33496.00|752.00|69774.00|161.00
18.031855821609497|0.09|0.04|-0.07|0.00|0.03|0.00|0.00|-0.11|-0.00|0.00|-0.01|0.00|0.01|0.00|0.00|-22.55|0.03|-0.03|-0.02|0.03|-0.03|-33496.00|752.00|66324.00|166.00
18.187522649765015|0.08|0.01|0.04|-0.02|-0.01|0.00|0.00|-0.04|-0.00|0.00|0.00|0.00|0.01|0.00|0.00|-28.57|-0.11|-0.03|-0.02|0.03|-0.02|-33496.00|752.00|61981.00|149.00
18.343075037002563|0.09|-0.01|-0.02|0.00|-0.02|0.00|0.00|-0.00|-0.00|0.00|-0.00|0.00|0.00|0.00|0.00|-29.31|-0.61|-0.03|-0.02|0.03|-0.02|-33496.00|752.00|57468.00|55.00
18.49461007118225|0.09|0.00|0.01|-0.02|0.01|0.00|0.00|0.05|0.00|0.00|-0.00|-0.00|0.00|0.00|0.00|-21.74|-0.08|-0.03|-0.02|0.03|-0.02|-33496.00|752.00|54077.00|43.00
18.642202377319336|0.08|0.01|0.06|-0.00|0.02|0.00|0.00|0.04|0.00|0.00|0.01|-0.00|0.01|0.00|0.00|-16.15|0.22|-0.03|-0.02|0.03|-0.02|-33496.00|752.00|51639.00|76.00
18.79379415512085|0.08|-0.02|0.00|0.01|-0.02|0.00|0.00|0.01|0.00|0.00|0.01|-0.00|0.00|0.00|0.00|-14.43|0.27|-0.03|-0.02|0.03|-0.02|-33496.00|752.00|49474.00|117.00
18.94938349723816|0.09|0.01|-0.05|-0.00|-0.02|0.00|0.00|0.06|-0.00|0.00|0.00|-0.00|0.00|0.00|0.00|-4.84|-0.03|-0.03|-0.02|0.03|-0.02|-33496.00|752.00|48743.00|113.00
19.096998691558838|0.09|0.00|0.03|0.01|0.01|0.00|0.00|0.03|0.00|0.00|0.01|0.00|0.00|0.00|0.00|-0.60|-0.03|-0.03|-0.02|0.03|-0.02|-33496.00|752.00|48650.00|109.00
19.25259494781494|0.08|0.01|-0.00|0.00|-0.03|0.00|0.00|-0.00|0.00|0.00|0.01|0.00|-0.00|0.00|0.00|-1.27|-0.02|-0.03|-0.02|0.03|-0.02|-33496.00|752.00|48462.00|106.00
19.40717887878418|0.08|-0.01|-0.04|-0.01|0.00|0.00|0.00|-0.03|0.00|0.00|-0.00|-0.00|-0.00|0.00|0.00|-6.05|0.18|-0.03|-0.02|0.03|-0.02|-33496.00|752.00|47536.00|133.00
19.559720277786255|0.08|-0.02|0.02|-0.00|0.01|0.00|0.00|-0.01|0.00|-0.00|0.00|-0.00|0.00|0.00|0.00|-7.40|0.49|-0.03|-0.02|0.03|-0.02|-33496.00|752.00|46381.00|209.00
19.715325593948364|0.07|-0.01|-0.01|0.00|-0.00|0.00|0.00|0.03|-0.00|-0.00|0.00|-0.00|0.00|0.00|0.00|-2.25|0.14|-0.03|-0.02|0.03|-0.02|-33496.00|752.00|46039.00|231.00
19.870918035507202|0.09|-0.03|-0.01|0.00|-0.00|0.00|0.00|-0.02|0.00|-0.01|-0.00|-0.00|0.00|0.00|0.00|-4.59|0.23|-0.03|-0.02|0.03|-0.02|-33496.00|752.00|45332.00|267.00
20.02251958847046|0.09|0.05|-0.00|-0.03|0.00|0.00|0.00|-0.00|-0.00|0.00|-0.00|-0.01|0.00|0.00|0.00|-5.10|-0.12|-0.03|-0.02|0.02|-0.02|-33496.00|752.00|44542.00|248.00
20.178112030029297|0.08|-0.02|0.03|0.03|-0.01|0.00|0.00|0.02|0.00|-0.00|0.00|-0.00|-0.00|0.00|0.00|-2.25|-0.05|-0.03|-0.02|0.02|-0.02|-33496.00|752.00|44193.00|241.00
20.33365511894226|0.08|0.01|-0.03|-0.01|0.00|0.00|0.00|-0.01|-0.00|0.00|-0.00|-0.00|0.00|0.00|0.00|-3.22|-0.06|-0.03|-0.02|0.02|-0.02|-33496.00|752.00|43697.00|231.00
20.489290952682495|0.08|0.00|-0.03|0.01|-0.00|0.00|0.00|0.01|0.00|0.00|-0.01|-0.00|-0.00|0.00|0.00|-1.39|-0.04|-0.03|-0.02|0.02|-0.02|-33496.00|752.00|43482.00|225.00
20.640880346298218|0.08|-0.00|0.02|-0.01|0.01|0.00|0.00|-0.02|-0.00|0.00|-0.00|-0.00|0.00|0.00|0.00|-4.49|-0.05|-0.03|-0.02|0.02|-0.02|-33496.00|752.00|42791.00|217.00
20.796562671661377|0.08|0.00|0.02|0.01|-0.00|0.00|0.00|-0.07|0.00|0.00|0.00|-0.00|0.00|0.00|0.00|-15.05|0.14|-0.03|-0.02|0.02|-0.02|-33496.00|752.00|40474.00|238.00
20.95204448699951|0.08|-0.00|-0.01|-0.00|0.01|0.00|0.00|0.03|-0.00|-0.00|-0.00|-0.00|0.00|0.00|0.00|-10.68|0.04|-0.03|-0.02|0.02|-0.02|-33496.00|752.00|38850.00|244.00
21.107625484466553|0.08|0.01|0.00|-0.04|0.01|0.00|0.00|-0.01|-0.00|0.00|-0.00|-0.01|0.00|0.00|0.00|-11.83|-0.03|-0.03|-0.02|0.02|-0.02|-33496.00|752.00|36992.00|239.00
21.259230613708496|0.08|-0.00|0.00|0.05|-0.01|0.00|0.00|-0.03|-0.00|0.00|0.00|-0.00|0.00|0.00|0.00|-16.51|-0.12|-0.03|-0.02|0.02|-0.02|-33496.00|752.00|34449.00|220.00
21.4148166179657|0.08|0.00|-0.01|-0.00|-0.01|0.00|0.00|0.02|0.00|0.00|-0.00|-0.00|0.00|0.00|0.00|-12.70|0.25|-0.03|-0.02|0.02|-0.02|-33496.00|752.00|32480.00|259.00
21.57039999961853|0.08|-0.01|-0.00|-0.00|0.01|0.00|0.00|-0.01|-0.00|0.00|-0.00|-0.00|0.00|0.00|0.00|-14.96|0.17|-0.03|-0.02|0.02|-0.02|-33496.00|752.00|30161.00|286.00
21.72195053100586|0.16|0.00|0.00|0.02|-0.02|0.00|0.00|0.03|-0.00|0.00|-0.00|0.00|-0.00|0.00|0.00|-9.59|0.15|-0.03|-0.02|0.02|-0.02|-33496.00|752.00|28674.00|310.00
21.8775851726532|0.14|-0.01|0.00|-0.00|0.00|0.00|0.00|0.05|-0.00|-0.00|-0.00|0.00|-0.00|0.00|0.00|-2.57|-0.06|-0.03|-0.02|0.02|-0.02|-33496.00|752.00|28284.00|301.00
22.029235124588013|0.11|0.00|-0.00|0.00|0.01|0.00|0.00|0.02|0.00|-0.00|-0.00|0.00|0.00|0.00|0.00|-0.23|0.02|-0.03|-0.02|0.02|-0.02|-33496.00|752.00|28248.00|304.00
22.18075442314148|0.11|0.01|-0.03|0.01|-0.01|0.00|0.00|0.00|0.00|0.00|-0.00|0.00|-0.00|0.00|0.00|-0.15|0.02|-0.03|-0.02|0.02|-0.02|-33496.00|752.00|28225.00|307.00
22.336341857910156|0.11|-0.01|0.04|-0.01|0.01|0.00|0.00|-0.00|0.00|-0.00|0.00|-0.00|0.00|0.00|0.00|-0.36|0.03|-0.03|-0.02|0.02|-0.02|-33496.00|752.00|28171.00|311.00
22.487906455993652|0.13|0.00|0.01|0.01|-0.01|0.00|0.00|-0.00|-0.00|0.00|0.00|0.00|-0.00|0.00|0.00|-0.67|-0.05|-0.03|-0.02|0.02|-0.02|-33496.00|752.00|28068.00|303.00
22.639607906341553|0.10|0.00|-0.01|-0.00|0.00|0.00|0.00|-0.00|0.00|0.00|0.00|0.00|-0.00|0.00|0.00|-1.40|0.01|-0.03|-0.02|0.02|-0.02|-33496.00|752.00|27854.00|305.00
22.795226335525513|0.11|-0.01|-0.02|-0.01|0.01|0.00|0.00|0.00|-0.00|-0.00|-0.00|-0.00|0.00|0.00|0.00|-0.94|-0.01|-0.03|-0.02|0.02|-0.02|-33496.00|752.00|27712.00|303.00
22.950702905654907|0.12|0.01|0.00|0.00|-0.01|0.00|0.00|0.00|0.00|0.00|-0.00|-0.00|-0.00|0.00|0.00|-0.27|-0.01|-0.03|-0.02|0.02|-0.02|-33496.00|752.00|27670.00|302.00
23.102304935455322|0.12|0.00|0.01|-0.00|-0.00|0.00|0.00|0.00|-0.00|0.00|-0.00|-0.00|-0.00|0.00|0.00|-0.01|-0.03|-0.03|-0.02|0.02|-0.02|-33496.00|752.00|27669.00|298.00
23.253907203674316|0.11|0.00|-0.07|0.01|0.01|0.00|0.00|0.00|0.00|0.00|-0.01|0.00|0.00|0.00|0.00|0.00|0.01|-0.03|-0.02|0.02|-0.02|-33496.00|752.00|27669.00|300.00
23.405507564544678|0.09|0.00|0.04|-0.00|-0.00|0.00|0.00|0.00|-0.00|0.00|-0.01|-0.00|-0.00|0.00|0.00|0.00|0.00|-0.03|-0.03|0.02|-0.02|-33496.00|752.00|27669.00|300.00
23.55710196495056|0.09|0.02|-0.00|0.00|0.00|0.00|0.00|0.00|-0.00|0.01|-0.01|0.00|-0.00|0.00|0.00|0.00|0.00|-0.02|-0.03|0.02|-0.02|-33496.00|752.00|27669.00|300.00
23.712693691253662|0.09|-0.04|0.05|-0.00|-0.00|0.00|0.00|0.00|-0.00|-0.00|0.00|-0.00|-0.00|0.00|0.00|0.00|0.00|-0.02|-0.03|0.02|-0.02|-33496.00|752.00|27669.00|300.00
23.86437487602234|0.09|0.01|-0.01|0.00|0.00|0.00|0.00|0.00|-0.00|0.00|-0.00|0.00|-0.00|0.00|0.00|0.00|0.00|-0.02|-0.03|0.02|-0.02|-33496.00|752.00|27669.00|300.00
24.015867948532104|0.10|-0.00|0.01|-0.00|0.00|0.00|0.00|0.00|-0.00|0.00|0.00|-0.00|-0.00|0.00|0.00|0.00|0.00|-0.02|-0.03|0.02|-0.02|-33496.00|752.00|27669.00|300.00
24.1674542427063|0.10|0.01|-0.01|-0.01|0.00|0.00|0.00|0.00|-0.00|0.00|-0.00|-0.00|0.00|0.00|0.00|0.00|0.00|-0.02|-0.03|0.02|-0.02|-33496.00|752.00|27669.00|300.00
24.319058418273926|0.10|-0.03|0.05|0.01|-0.00|0.00|0.00|0.00|-0.00|-0.00|0.01|0.00|0.00|0.00|0.00|0.00|0.00|-0.02|-0.02|0.02|-0.02|-33496.00|752.00|27669.00|300.00
24.466690063476562|0.12|0.01|0.08|-0.00|0.01|0.00|0.00|0.00|-0.00|-0.00|0.02|-0.00|0.00|0.00|0.00|0.01|0.01|-0.02|-0.02|0.02|-0.02|-33496.00|752.00|27670.00|301.00
24.62519645690918|0.09|0.01|-0.05|-0.00|-0.01|0.00|0.00|-0.00|-0.00|-0.00|0.01|-0.00|-0.00|0.00|0.00|0.00|-0.01|-0.02|-0.02|0.02|-0.02|-33496.00|752.00|27670.00|300.00
24.772802591323853|0.09|0.01|-0.06|-0.00|0.01|0.00|0.00|-0.00|0.00|0.00|0.00|-0.00|0.00|0.00|0.00|0.00|0.00|-0.02|-0.02|0.02|-0.02|-33496.00|752.00|27670.00|300.00
24.924400806427002|0.11|-0.01|0.02|0.00|0.01|0.00|0.00|-0.00|0.00|-0.00|0.00|0.00|0.00|0.00|0.00|0.00|-0.01|-0.02|-0.02|0.02|-0.02|-33496.00|752.00|27670.00|298.00
25.075993061065674|0.13|-0.00|0.03|0.00|-0.01|0.00|0.00|-0.00|0.00|-0.00|0.01|0.00|0.00|0.00|0.00|0.00|0.00|-0.03|-0.02|0.02|-0.02|-33496.00|752.00|27670.00|298.00
25.231581687927246|0.12|0.02|-0.09|0.00|-0.01|0.00|0.00|-0.00|0.00|0.00|-0.01|0.00|-0.00|0.00|0.00|0.00|-0.01|-0.02|-0.02|0.02|-0.02|-33496.00|752.00|27670.00|297.00
25.379314661026|0.11|0.01|-0.02|0.00|0.00|0.00|0.00|-0.00|0.00|0.00|-0.01|0.00|-0.00|0.00|0.00|0.01|0.00|-0.02|-0.02|0.02|-0.02|-33496.00|752.00|27672.00|297.00
25.53481149673462|0.11|0.01|-0.02|-0.01|0.01|0.00|0.00|-0.00|0.00|0.01|-0.01|-0.00|0.00|0.00|0.00|0.00|0.00|-0.02|-0.02|0.02|-0.02|-33496.00|752.00|27672.00|297.00
25.686395168304443|0.12|0.01|0.07|0.00|-0.00|0.00|0.00|-0.00|0.00|0.01|-0.00|-0.00|-0.00|0.00|0.00|-0.01|0.00|-0.02|-0.02|0.02|-0.02|-33496.00|752.00|27671.00|297.00
25.838010549545288|0.12|-0.00|-0.01|0.00|0.00|0.00|0.00|0.00|0.00|0.01|-0.00|0.00|0.00|0.00|0.00|0.00|0.00|-0.02|-0.02|0.02|-0.02|-33496.00|752.00|27671.00|297.00
25.989635944366455|0.11|0.01|-0.02|0.00|-0.00|0.00|0.00|0.00|0.00|0.01|-0.01|0.00|-0.00|0.00|0.00|0.00|-0.01|-0.02|-0.02|0.02|-0.02|-33496.00|752.00|27671.00|296.00
26.137211322784424|0.11|-0.10|0.05|-0.00|0.01|0.00|0.00|0.00|0.00|-0.01|0.00|0.00|0.00|0.00|0.00|0.00|0.00|-0.02|-0.02|0.02|-0.02|-33496.00|752.00|27671.00|296.00
26.28880786895752|0.11|0.07|0.01|-0.01|-0.01|0.00|0.00|0.00|0.00|0.00|0.00|-0.00|-0.00|0.00|0.00|0.00|0.00|-0.02|-0.02|0.02|-0.02|-33496.00|752.00|27671.00|296.00
26.440405130386353|0.09|-0.02|0.01|0.01|-0.01|0.00|0.00|0.00|0.00|0.00|0.00|0.00|-0.00|0.00|0.00|0.15|0.00|-0.02|-0.02|0.02|-0.02|-33496.00|752.00|27694.00|296.00
26.59195065498352|0.10|-0.00|-0.02|-0.00|0.02|0.00|0.00|-0.00|0.00|-0.00|0.00|-0.00|0.00|0.00|0.00|0.10|0.01|-0.02|-0.02|0.02|-0.02|-33496.00|752.00|27709.00|297.00
26.743576049804688|0.13|-0.05|-0.00|0.01|-0.00|0.00|0.00|-0.00|-0.00|-0.01|0.00|0.00|0.00|0.00|0.00|0.00|0.00|-0.02|-0.02|0.02|-0.02|-33496.00|752.00|27709.00|297.00
26.899157762527466|0.09|0.03|0.05|0.01|-0.01|0.00|0.00|-0.00|-0.00|-0.00|0.01|0.00|-0.00|0.00|0.00|0.01|0.03|-0.02|-0.02|0.02|-0.02|-33496.00|752.00|27710.00|302.00
27.046776056289673|0.10|0.05|-0.03|0.01|-0.00|0.00|0.00|0.00|-0.00|0.00|0.00|0.00|-0.00|0.00|0.00|0.12|0.02|-0.02|-0.02|0.02|-0.02|-33496.00|752.00|27728.00|305.00
27.202392101287842|0.10|-0.04|-0.04|-0.02|0.02|0.00|0.00|0.02|0.00|-0.00|-0.00|0.00|0.00|0.00|0.00|2.81|0.08|-0.02|-0.02|0.02|-0.02|-33496.00|752.00|28150.00|317.00
27.354053258895874|0.10|0.01|0.00|-0.01|-0.00|0.00|0.00|-0.02|-0.00|0.00|-0.00|-0.00|-0.00|0.00|0.00|0.00|0.00|-0.02|-0.02|0.02|-0.02|-33496.00|752.00|28150.00|317.00
27.505763292312622|0.08|0.06|0.01|0.01|-0.00|0.00|0.00|-0.02|-0.00|0.01|-0.00|0.00|-0.00|0.00|0.00|0.00|0.00|-0.02|-0.02|0.02|-0.02|-33496.00|752.00|28150.00|317.00
27.657317399978638|0.09|-0.03|-0.02|0.01|0.01|0.00|0.00|-0.02|-0.00|0.01|-0.00|0.00|0.00|0.00|0.00|0.00|0.00|-0.02|-0.02|0.02|-0.02|-33496.00|752.00|28150.00|317.00
27.811986207962036|0.09|-0.02|-0.02|0.00|-0.02|0.00|0.00|-0.02|-0.00|0.00|-0.01|0.00|-0.00|0.00|0.00|0.00|0.00|-0.02|-0.02|0.02|-0.02|-33496.00|752.00|28150.00|317.00
27.96462893486023|0.10|-0.00|0.01|-0.00|0.01|0.00|0.00|-0.02|-0.00|0.00|-0.01|0.00|0.00|0.00|0.00|0.01|0.00|-0.02|-0.02|0.02|-0.02|-33496.00|752.00|28151.00|317.00
28.11522889137268|0.09|0.00|0.06|-0.03|0.01|0.00|0.00|0.02|-0.00|0.00|0.00|-0.00|0.00|0.00|0.00|2.39|-0.01|-0.02|-0.02|0.02|-0.02|-33496.00|752.00|28515.00|316.00
28.270838499069214|0.09|0.03|-0.00|-0.01|-0.02|0.00|0.00|0.03|-0.00|0.01|0.00|-0.00|-0.00|0.00|0.00|6.83|-0.39|-0.02|-0.02|0.02|-0.02|-33496.00|752.00|29539.00|257.00
28.422356843948364|0.09|-0.04|-0.02|0.01|0.02|0.00|0.00|-0.03|0.00|0.00|0.00|-0.00|0.00|0.00|0.00|1.46|-0.01|-0.02|-0.02|0.02|-0.02|-33496.00|752.00|29766.00|256.00
28.57000160217285|0.10|0.00|-0.00|0.01|0.00|0.00|0.00|-0.01|0.00|0.00|0.00|0.00|0.00|0.00|0.00|0.13|0.01|-0.02|-0.02|0.02|-0.02|-33496.00|752.00|29785.00|257.00
28.725590229034424|0.09|-0.01|0.02|-0.02|-0.01|0.00|0.00|-0.00|-0.00|-0.00|0.00|-0.00|-0.00|0.00|0.00|0.01|-0.04|-0.02|-0.02|0.02|-0.02|-33496.00|752.00|29787.00|251.00
28.881778240203857|0.09|0.02|0.01|-0.12|-0.02|0.00|0.00|0.00|-0.00|0.00|0.00|-0.02|-0.00|0.00|0.00|0.03|-0.06|-0.02|-0.02|0.02|-0.02|-33496.00|752.00|29791.00|241.00
29.03745460510254|0.08|-0.02|-0.00|0.16|-0.00|0.00|0.00|-0.00|0.00|-0.00|0.00|0.00|-0.00|0.00|0.00|-0.39|-0.01|-0.02|-0.02|0.02|-0.02|-33496.00|752.00|29732.00|240.00
29.184959173202515|0.08|0.01|-0.03|-0.01|0.02|0.00|0.00|0.00|0.00|-0.00|-0.00|0.00|0.00|0.00|0.00|0.01|0.03|-0.02|-0.02|0.02|-0.02|-33496.00|752.00|29733.00|245.00
29.34052801132202|0.08|0.01|0.01|-0.02|-0.01|0.00|0.00|-0.01|-0.00|0.00|0.00|-0.00|-0.00|0.00|0.00|-1.59|-0.01|-0.02|-0.02|0.02|-0.02|-33496.00|752.00|29494.00|243.00
29.496131420135498|0.10|-0.01|0.01|-0.00|-0.00|0.00|0.00|-0.03|0.01|-0.00|0.00|-0.00|-0.00|0.00|0.00|-5.55|0.97|-0.02|-0.02|0.02|-0.02|-33496.00|752.00|28628.00|395.00
29.651719570159912|0.09|-0.04|-0.01|-0.00|-0.00|0.00|0.00|0.02|-0.01|-0.01|0.00|-0.00|-0.00|0.00|0.00|-3.04|0.01|-0.02|-0.02|0.02|-0.02|-33496.00|752.00|28157.00|396.00
29.807297706604004|0.09|0.06|-0.03|0.03|-0.00|0.00|0.00|0.01|-0.00|0.00|-0.00|0.00|-0.00|0.00|0.00|-1.61|0.00|-0.02|-0.02|0.02|-0.02|-33496.00|752.00|27908.00|396.00
29.95912218093872|0.08|0.01|-0.00|-0.02|0.01|0.00|0.00|0.01|-0.00|0.00|-0.00|0.00|-0.00|0.00|0.00|-0.01|0.02|-0.02|-0.02|0.02|-0.02|-33496.00|752.00|27907.00|399.00
30.11069393157959|0.08|0.06|-0.07|0.05|0.01|0.00|0.00|-0.00|-0.00|0.01|-0.02|0.01|0.00|0.00|0.00|-0.04|-0.01|-0.02|-0.02|0.02|-0.02|-33496.00|752.00|27901.00|397.00
30.270328521728516|0.10|-0.09|0.05|-0.04|-0.02|0.00|0.00|0.00|-0.00|-0.00|-0.01|0.00|-0.00|0.00|0.00|-0.01|-0.03|-0.02|-0.03|0.02|-0.02|-33496.00|752.00|27899.00|393.00
30.416909217834473|0.09|0.01|-0.00|-0.00|0.00|0.00|0.00|0.00|0.00|0.00|-0.01|0.00|-0.00|0.00|0.00|0.00|0.00|-0.02|-0.03|0.02|-0.02|-33496.00|752.00|27899.00|393.00
30.56865668296814|0.08|-0.02|0.06|-0.01|0.02|0.00|0.00|0.00|0.00|-0.00|0.00|-0.00|0.00|0.00|0.00|0.00|0.00|-0.02|-0.03|0.02|-0.02|-33496.00|752.00|27899.00|393.00
30.724249124526978|0.08|0.01|-0.00|-0.00|-0.00|0.00|0.00|0.00|0.00|-0.00|0.00|-0.00|-0.00|0.00|0.00|2.13|-0.04|-0.02|-0.03|0.02|-0.02|-33496.00|752.00|28220.00|387.00
30.87182927131653|0.08|0.01|-0.03|0.01|0.00|0.00|0.00|0.01|0.00|0.00|-0.00|0.00|0.00|0.00|0.00|3.82|0.01|-0.02|-0.03|0.02|-0.02|-33496.00|752.00|28804.00|388.00
31.027419328689575|0.08|-0.01|0.01|-0.01|0.00|0.00|0.00|-0.02|0.00|-0.00|-0.00|-0.00|0.00|0.00|0.00|1.10|0.01|-0.02|-0.03|0.02|-0.02|-33496.00|752.00|28969.00|390.00
31.17902135848999|0.08|0.01|0.01|-0.00|0.00|0.00|0.00|-0.01|-0.00|0.00|0.00|-0.00|0.00|0.00|0.00|0.01|-0.01|-0.02|-0.03|0.02|-0.02|-33496.00|752.00|28971.00|388.00
31.326483488082886|0.08|-0.02|0.02|0.00|0.01|0.00|0.00|-0.00|0.00|-0.00|0.00|0.00|0.00|0.00|0.00|0.01|0.00|-0.02|-0.03|0.02|-0.02|-33496.00|752.00|28972.00|388.00
31.47812509536743|0.08|0.02|-0.00|-0.00|-0.00|0.00|0.00|0.00|0.00|0.00|0.00|-0.00|0.00|0.00|0.00|0.02|0.00|-0.02|-0.03|0.02|-0.02|-33496.00|752.00|28975.00|388.00
31.633848667144775|0.09|-0.01|-0.03|-0.00|-0.01|0.00|0.00|-0.00|0.00|-0.00|-0.00|-0.00|-0.00|0.00|0.00|0.00|0.00|-0.02|-0.03|0.02|-0.02|-33496.00|752.00|28975.00|388.00
31.78529667854309|0.10|0.01|0.00|0.01|0.00|0.00|0.00|-0.00|0.00|0.00|-0.00|0.00|-0.00|0.00|0.00|0.00|0.00|-0.02|-0.03|0.02|-0.02|-33496.00|752.00|28975.00|388.00
31.936931133270264|0.08|-0.01|0.01|0.01|0.01|0.00|0.00|-0.00|0.00|-0.00|0.00|0.00|0.00|0.00|0.00|0.00|0.00|-0.02|-0.03|0.02|-0.02|-33496.00|752.00|28975.00|388.00
32.08853888511658|0.08|-0.03|0.06|-0.02|-0.00|0.00|0.00|-0.00|0.00|-0.00|0.01|-0.00|0.00|0.00|0.00|0.00|0.00|-0.02|-0.02|0.02|-0.02|-33496.00|752.00|28975.00|388.00
32.240155935287476|0.08|0.02|-0.01|0.01|0.00|0.00|0.00|-0.00|0.00|-0.00|0.01|0.00|0.00|0.00|0.00|0.00|0.00|-0.02|-0.02|0.02|-0.02|-33496.00|752.00|28975.00|388.00
32.3917453289032|0.08|0.09|-0.05|-0.00|-0.01|0.00|0.00|-0.00|0.00|0.01|0.00|-0.00|0.00|0.00|0.00|0.00|0.00|-0.01|-0.02|0.02|-0.02|-33496.00|752.00|28975.00|388.00
32.54331636428833|0.09|-0.11|-0.04|-0.00|0.00|0.00|0.00|-0.00|0.00|-0.00|-0.00|-0.00|0.00|0.00|0.00|0.00|0.00|-0.01|-0.02|0.02|-0.02|-33496.00|752.00|28975.00|388.00
32.698909282684326|0.09|0.17|-0.07|-0.01|-0.02|0.00|0.00|-0.00|0.00|0.02|-0.01|-0.00|-0.00|0.00|0.00|0.00|0.00|-0.01|-0.02|0.02|-0.02|-33496.00|752.00|28975.00|388.00
32.846519231796265|0.09|-0.14|0.08|0.02|0.02|0.00|0.00|-0.00|0.00|0.00|-0.00|0.00|0.00|0.00|0.00|0.00|0.00|-0.01|-0.03|0.02|-0.02|-33496.00|752.00|28975.00|388.00
33.00210189819336|0.08|-0.12|0.05|-0.00|-0.02|0.00|0.00|-0.00|0.00|-0.02|0.01|0.00|-0.00|0.00|0.00|0.00|0.00|-0.01|-0.02|0.02|-0.02|-33496.00|752.00|28975.00|388.00
33.15370178222656|0.08|0.09|-0.08|-0.01|0.01|0.00|0.00|-0.00|0.00|-0.00|-0.01|-0.00|-0.00|0.00|0.00|0.00|0.00|-0.01|-0.03|0.02|-0.02|-33496.00|752.00|28975.00|388.00
33.309314012527466|0.08|-0.19|0.16|-0.04|0.01|0.00|0.00|-0.00|0.00|-0.03|0.02|-0.01|0.00|0.00|0.00|0.00|0.00|-0.02|-0.02|0.02|-0.02|-33496.00|752.00|28975.00|388.00
33.46085548400879|0.09|0.21|-0.14|0.05|-0.01|0.00|0.00|-0.00|0.00|-0.00|-0.00|0.00|-0.00|0.00|0.00|0.00|0.00|-0.02|-0.02|0.02|-0.02|-33496.00|752.00|28975.00|388.00
33.61244869232178|0.08|0.06|0.03|-0.01|0.01|0.00|0.00|-0.00|0.00|0.01|0.00|-0.00|0.00|0.00|0.00|0.00|0.00|-0.02|-0.02|0.02|-0.02|-33496.00|752.00|28975.00|388.00
33.7600634098053|0.09|-0.05|0.00|0.02|-0.02|0.00|0.00|-0.00|0.00|0.00|0.00|0.00|-0.00|0.00|0.00|0.00|0.00|-0.02|-0.02|0.02|-0.02|-33496.00|752.00|28975.00|388.00
33.91535043716431|0.07|-0.02|-0.01|-0.01|0.00|0.00|0.00|-0.00|0.00|-0.00|0.00|0.00|-0.00|0.00|0.00|0.00|0.00|-0.02|-0.02|0.02|-0.02|-33496.00|752.00|28975.00|388.00
34.06685471534729|0.08|0.05|-0.04|-0.01|0.01|0.00|0.00|-0.00|0.00|0.01|-0.01|-0.00|0.00|0.00|0.00|0.00|0.00|-0.02|-0.02|0.02|-0.02|-33496.00|752.00|28975.00|388.00
34.218459129333496|0.08|-0.03|-0.00|0.00|-0.00|0.00|0.00|-0.00|0.00|0.00|-0.01|-0.00|0.00|0.00|0.00|0.00|0.00|-0.02|-0.02|0.02|-0.02|-33496.00|752.00|28975.00|388.00
34.37404108047485|0.08|0.03|0.03|-0.01|-0.01|0.00|0.00|-0.00|0.00|0.00|-0.00|-0.00|-0.00|0.00|0.00|0.00|0.00|-0.02|-0.02|0.02|-0.02|-33496.00|752.00|28975.00|388.00
34.525630950927734|0.08|-0.01|0.01|-0.00|0.00|0.00|0.00|-0.00|0.00|0.00|-0.00|-0.00|-0.00|0.00|0.00|0.00|0.00|-0.02|-0.02|0.02|-0.02|-33496.00|752.00|28975.00|388.00
34.6772346496582|0.08|0.00|-0.03|0.02|0.00|0.00|0.00|-0.00|0.00|0.00|-0.01|0.00|0.00|0.00|0.00|0.00|0.00|-0.02|-0.03|0.02|-0.02|-33496.00|752.00|28975.00|388.00
34.82887935638428|0.09|-0.02|0.03|-0.01|-0.01|0.00|0.00|-0.00|0.00|-0.00|-0.00|0.00|-0.00|0.00|0.00|0.00|0.00|-0.02|-0.03|0.02|-0.02|-33496.00|752.00|28975.00|388.00
34.98044753074646|0.09|0.01|-0.00|-0.00|0.00|0.00|0.00|-0.00|0.00|0.00|-0.00|-0.00|0.00|0.00|0.00|0.00|0.00|-0.02|-0.03|0.02|-0.02|-33496.00|752.00|28975.00|388.00
35.13600254058838|0.09|0.00|0.01|-0.01|-0.01|0.00|0.00|-0.00|0.00|0.00|0.00|-0.00|-0.00|0.00|0.00|0.00|0.00|-0.02|-0.03|0.02|-0.02|-33496.00|752.00|28975.00|388.00
35.28363013267517|0.10|-0.00|-0.01|0.02|0.02|0.00|0.00|-0.00|0.00|0.00|-0.00|0.00|0.00|0.00|0.00|0.00|0.00|-0.02|-0.03|0.02|-0.02|-33496.00|752.00|28975.00|388.00
35.435189723968506|0.08|-0.01|0.02|-0.00|-0.00|0.00|0.00|-0.00|0.00|-0.00|0.00|0.00|0.00|0.00|0.00|0.00|0.00|-0.02|-0.03|0.02|-0.02|-33496.00|752.00|28975.00|388.00
35.586798429489136|0.08|0.00|0.01|0.00|0.00|0.00|0.00|-0.00|0.00|-0.00|0.00|0.00|0.00|0.00|0.00|0.00|0.00|-0.02|-0.02|0.02|-0.02|-33496.00|752.00|28975.00|388.00
35.73840308189392|0.09|0.01|-0.02|-0.00|-0.01|0.00|0.00|-0.00|0.00|0.00|0.00|0.00|-0.00|0.00|0.00|0.00|0.00|-0.02|-0.02|0.02|-0.02|-33496.00|752.00|28975.00|388.00
35.89397883415222|0.08|-0.01|-0.01|0.00|-0.00|0.00|0.00|-0.00|0.00|-0.00|0.00|0.00|-0.00|0.00|0.00|-1.75|-0.03|-0.02|-0.02|0.02|-0.02|-33496.00|752.00|28707.00|383.00
36.045554876327515|0.10|0.01|-0.02|-0.00|-0.00|0.00|0.00|-0.00|0.00|0.00|-0.00|0.00|-0.00|0.00|0.00|-2.47|0.01|-0.02|-0.02|0.02|-0.02|-33496.00|752.00|28327.00|385.00
36.197126626968384|0.09|0.00|0.01|-0.00|0.00|0.00|0.00|0.01|0.00|0.00|-0.00|0.00|-0.00|0.00|0.00|-0.55|0.03|-0.02|-0.03|0.02|-0.02|-33496.00|752.00|28243.00|390.00
36.35177993774414|0.08|0.03|-0.00|0.02|0.00|0.00|0.00|0.00|-0.00|0.01|-0.00|0.00|-0.00|0.00|0.00|-0.11|-0.03|-0.02|-0.03|0.02|-0.02|-33496.00|752.00|28226.00|386.00
36.50433540344238|0.09|-0.06|0.01|-0.03|0.01|0.00|0.00|-0.01|0.00|-0.00|0.00|-0.00|0.00|0.00|0.00|-1.41|0.03|-0.02|-0.03|0.02|-0.02|-33496.00|752.00|28011.00|390.00
36.655057191848755|0.08|0.02|-0.00|0.01|0.00|0.00|0.00|-0.02|-0.00|0.00|-0.00|0.00|0.00|0.00|0.00|-4.58|-0.02|-0.02|-0.03|0.02|-0.02|-33496.00|752.00|27311.00|387.00
36.81064486503601|0.10|0.00|0.01|-0.00|-0.01|0.00|0.00|0.00|0.00|0.00|0.00|-0.00|-0.00|0.00|0.00|-4.30|0.11|-0.02|-0.03|0.02|-0.02|-33496.00|752.00|26653.00|404.00
36.9622642993927|0.08|0.01|-0.00|0.01|-0.00|0.00|0.00|0.02|-0.00|0.00|0.00|0.00|-0.00|0.00|0.00|-1.57|0.07|-0.02|-0.02|0.02|-0.02|-33496.00|752.00|26415.00|414.00
37.1138219833374|0.10|-0.02|0.00|-0.00|0.01|0.00|0.00|0.01|-0.00|-0.00|0.00|0.00|0.00|0.00|0.00|-0.64|0.05|-0.02|-0.02|0.02|-0.02|-33496.00|752.00|26318.00|422.00
37.26542520523071|0.08|0.01|-0.02|0.00|-0.01|0.00|0.00|-0.00|0.00|-0.00|-0.00|0.00|-0.00|0.00|0.00|-1.04|0.11|-0.02|-0.02|0.02|-0.02|-33496.00|752.00|26160.00|438.00
37.42201352119446|0.09|-0.02|0.01|-0.01|0.00|0.00|0.00|-0.02|-0.00|-0.00|0.00|-0.00|-0.00|0.00|0.00|-3.39|0.09|-0.02|-0.02|0.02|-0.02|-33496.00|752.00|25634.00|452.00
37.577378034591675|0.09|0.01|-0.00|0.00|0.01|0.00|0.00|0.01|-0.00|-0.00|-0.00|-0.00|0.00|0.00|0.00|-2.30|0.04|-0.02|-0.02|0.02|-0.02|-33496.00|752.00|25280.00|458.00
37.72898507118225|0.09|-0.04|0.01|-0.00|-0.00|0.00|0.00|-0.02|0.00|-0.01|0.00|-0.00|0.00|0.00|0.00|-5.02|0.08|-0.02|-0.02|0.02|-0.02|-33496.00|752.00|24512.00|471.00
37.88456439971924|0.08|0.01|-0.01|-0.00|0.01|0.00|0.00|-0.00|-0.00|-0.01|0.00|-0.00|0.00|0.00|0.00|-5.31|0.00|-0.02|-0.02|0.02|-0.02|-33496.00|752.00|23695.00|471.00
38.04014730453491|0.13|0.02|0.01|0.00|-0.01|0.00|0.00|-0.01|-0.00|-0.00|0.00|-0.00|-0.00|0.00|0.00|-6.40|0.08|-0.02|-0.02|0.02|-0.02|-33496.00|752.00|22709.00|483.00
38.187734842300415|0.14|0.01|-0.00|0.00|0.00|0.00|0.00|0.01|0.00|-0.00|0.00|0.00|0.00|0.00|0.00|-4.45|0.08|-0.02|-0.02|0.02|-0.02|-33496.00|752.00|22023.00|495.00
38.343366861343384|0.19|0.01|-0.00|-0.00|0.00|0.00|0.00|0.02|-0.00|-0.00|0.00|0.00|0.00|0.00|0.00|-1.18|-0.03|-0.02|-0.02|0.02|-0.02|-33496.00|752.00|21847.00|491.00
38.494932651519775|0.12|0.04|-0.03|-0.00|-0.01|0.00|0.00|0.01|0.00|0.01|-0.00|-0.00|-0.00|0.00|0.00|-0.13|0.00|-0.02|-0.02|0.02|-0.02|-33496.00|752.00|21827.00|491.00
38.646483421325684|0.12|-0.01|-0.00|0.00|0.00|0.00|0.00|0.00|0.00|0.00|-0.00|0.00|-0.00|0.00|0.00|0.01|-0.01|-0.02|-0.03|0.02|-0.02|-33496.00|752.00|21829.00|490.00
38.802069902420044|0.11|-0.03|0.00|-0.00|0.00|0.00|0.00|-0.00|0.00|-0.00|-0.00|0.00|-0.00|0.00|0.00|0.00|0.00|-0.02|-0.03|0.02|-0.02|-33496.00|752.00|21829.00|490.00
38.9487202167511|0.11|0.04|0.00|0.01|0.01|0.00|0.00|-0.00|0.00|0.01|-0.00|0.00|0.00|0.00|0.00|0.00|0.00|-0.02|-0.03|0.02|-0.02|-33496.00|752.00|21829.00|490.00
39.10027623176575|0.11|-0.00|0.03|-0.01|-0.00|0.00|0.00|-0.00|0.00|0.01|0.00|-0.00|-0.00|0.00|0.00|0.00|0.00|-0.02|-0.03|0.02|-0.02|-33496.00|752.00|21829.00|490.00
39.2559118270874|0.11|-0.03|-0.00|0.00|-0.00|0.00|0.00|-0.00|0.00|0.00|0.00|-0.00|-0.00|0.00|0.00|0.00|0.00|-0.02|-0.03|0.02|-0.02|-33496.00|752.00|21829.00|490.00
39.40749645233154|0.13|0.00|-0.01|-0.00|0.01|0.00|0.00|-0.00|0.00|0.00|-0.00|-0.00|0.00|0.00|0.00|0.00|0.00|-0.02|-0.03|0.02|-0.02|-33496.00|752.00|21829.00|490.00
39.55510997772217|0.12|0.01|-0.00|0.01|0.00|0.00|0.00|-0.00|0.00|0.00|-0.00|0.00|0.00|0.00|0.00|0.00|0.00|-0.02|-0.03|0.02|-0.02|-33496.00|752.00|21829.00|490.00
39.710712909698486|0.11|-0.00|0.01|-0.00|-0.01|0.00|0.00|-0.00|0.00|0.00|0.00|0.00|-0.00|0.00|0.00|0.84|0.06|-0.01|-0.03|0.02|-0.02|-33496.00|752.00|21954.00|499.00
39.86231541633606|0.09|-0.01|0.02|-0.00|-0.00|0.00|0.00|0.01|-0.00|0.00|0.00|0.00|-0.00|0.00|0.00|2.36|0.00|-0.01|-0.03|0.02|-0.02|-33496.00|752.00|22312.00|499.00
40.0185284614563|0.07|-0.01|-0.03|0.02|-0.02|0.00|0.00|-0.01|-0.00|-0.00|-0.00|0.00|-0.00|0.00|0.00|0.49|-0.01|-0.01|-0.03|0.02|-0.02|-33496.00|752.00|22386.00|498.00
40.169124126434326|0.09|0.01|-0.01|-0.01|0.02|0.00|0.00|0.00|0.00|0.00|-0.00|0.00|-0.00|0.00|0.00|0.72|0.01|-0.01|-0.03|0.02|-0.02|-33496.00|752.00|22499.00|500.00
40.321672201156616|0.09|-0.02|0.02|-0.01|0.01|0.00|0.00|-0.00|0.00|-0.00|0.00|0.00|-0.00|0.00|0.00|0.18|0.03|-0.01|-0.03|0.02|-0.02|-33496.00|752.00|22526.00|504.00
40.47230124473572|0.09|0.03|0.04|0.01|-0.01|0.00|0.00|-0.00|-0.00|0.00|0.01|0.00|-0.00|0.00|0.00|0.01|-0.03|-0.01|-0.03|0.02|-0.02|-33496.00|752.00|22528.00|500.00
40.623868465423584|0.08|-0.05|0.00|-0.01|0.01|0.00|0.00|-0.00|0.00|-0.01|0.01|0.00|-0.00|0.00|0.00|0.00|0.00|-0.02|-0.02|0.02|-0.02|-33496.00|752.00|22528.00|500.00
40.775508403778076|0.09|0.03|-0.05|0.00|0.01|0.00|0.00|-0.00|0.00|0.00|-0.00|0.00|0.00|0.00|0.00|0.00|0.00|-0.02|-0.02|0.02|-0.02|-33496.00|752.00|22528.00|500.00
40.92768740653992|0.09|0.00|0.01|-0.00|-0.01|0.00|0.00|-0.00|0.00|0.00|0.00|0.00|-0.00|0.00|0.00|0.00|0.00|-0.02|-0.02|0.02|-0.02|-33496.00|752.00|22528.00|500.00
41.079283475875854|0.08|-0.00|-0.00|-0.00|-0.01|0.00|0.00|-0.00|0.00|0.00|0.00|-0.00|-0.00|0.00|0.00|0.00|0.00|-0.02|-0.02|0.02|-0.02|-33496.00|752.00|22528.00|500.00
41.230865716934204|0.08|0.13|-0.10|0.03|0.01|0.00|0.00|-0.00|0.00|0.02|-0.02|0.00|0.00|0.00|0.00|0.00|0.00|-0.01|-0.03|0.02|-0.02|-33496.00|752.00|22528.00|500.00
41.38246512413025|0.10|-0.12|0.07|-0.02|0.00|0.00|0.00|-0.00|0.00|0.00|-0.00|0.00|0.00|0.00|0.00|-0.13|-0.13|-0.01|-0.03|0.02|-0.02|-33496.00|752.00|22509.00|481.00
41.53805470466614|0.09|-0.01|0.01|-0.01|-0.02|0.00|0.00|-0.00|0.00|0.00|-0.00|-0.00|-0.00|0.00|0.00|-0.15|-0.06|-0.01|-0.03|0.02|-0.02|-33496.00|752.00|22486.00|472.00
41.69363784790039|0.10|-0.01|0.02|-0.00|0.01|0.00|0.00|0.00|-0.00|-0.00|-0.00|-0.00|0.00|0.00|0.00|-0.05|-0.06|-0.01|-0.03|0.02|-0.02|-33496.00|752.00|22478.00|462.00
41.84123373031616|0.08|0.01|0.01|0.00|0.00|0.00|0.00|0.00|0.00|0.00|0.00|0.00|0.00|0.00|0.00|0.01|0.01|-0.01|-0.03|0.02|-0.02|-33496.00|752.00|22480.00|464.00
41.99681234359741|0.10|-0.01|-0.02|-0.00|-0.00|0.00|0.00|-0.00|0.00|-0.00|-0.00|-0.00|0.00|0.00|0.00|0.00|0.03|-0.01|-0.03|0.02|-0.02|-33496.00|752.00|22480.00|468.00
42.1524076461792|0.09|-0.01|-0.03|-0.00|-0.01|0.00|0.00|-0.00|-0.00|-0.00|-0.01|-0.00|-0.00|0.00|0.00|0.00|0.01|-0.01|-0.03|0.02|-0.02|-33496.00|752.00|22480.00|469.00
42.30359649658203|0.08|0.02|0.01|0.00|0.01|0.00|0.00|-0.00|-0.00|0.00|-0.00|-0.00|0.00|0.00|0.00|-0.06|0.00|-0.01|-0.03|0.02|-0.02|-33496.00|752.00|22471.00|469.00
42.459189653396606|0.10|0.00|0.04|0.00|0.00|0.00|0.00|-0.00|-0.00|0.00|0.00|-0.00|0.00|0.00|0.00|-0.77|-0.01|-0.01|-0.03|0.02|-0.02|-33496.00|752.00|22354.00|467.00
42.610924243927|0.09|-0.03|0.00|-0.00|-0.00|0.00|0.00|-0.01|0.00|-0.00|0.00|-0.00|-0.00|0.00|0.00|-2.46|0.15|-0.01|-0.03|0.02|-0.02|-33496.00|752.00|21980.00|490.00
42.76252055168152|0.09|0.04|-0.01|0.00|0.00|0.00|0.00|-0.01|-0.00|0.00|-0.00|0.00|0.00|0.00|0.00|-4.35|0.12|-0.01|-0.03|0.02|-0.02|-33496.00|752.00|21305.00|508.00
42.917845010757446|0.10|-0.05|0.02|-0.00|-0.00|0.00|0.00|-0.00|0.00|-0.00|0.00|-0.00|-0.00|0.00|0.00|-5.02|0.15|-0.01|-0.03|0.02|-0.02|-33496.00|752.00|20547.00|530.00
43.07333326339722|0.08|0.01|-0.01|-0.00|0.01|0.00|0.00|0.03|-0.00|-0.00|0.00|-0.00|0.00|0.00|0.00|-0.95|0.02|-0.01|-0.03|0.02|-0.02|-33496.00|752.00|20399.00|533.00
43.225030183792114|0.10|0.01|-0.02|0.00|-0.01|0.00|0.00|0.01|-0.00|0.00|-0.00|-0.00|-0.00|0.00|0.00|-0.06|0.00|-0.01|-0.03|0.02|-0.02|-33496.00|752.00|20389.00|533.00
43.38450574874878|0.07|-0.01|0.01|-0.00|-0.00|0.00|0.00|0.00|-0.00|-0.00|-0.00|-0.00|-0.00|0.00|0.00|-0.03|-0.01|-0.01|-0.03|0.02|-0.02|-33496.00|752.00|20385.00|531.00
43.536683082580566|0.09|-0.01|0.01|-0.00|0.01|0.00|0.00|0.00|0.00|-0.00|0.00|-0.00|0.00|0.00|0.00|-0.01|-0.01|-0.01|-0.03|0.02|-0.02|-33496.00|752.00|20384.00|530.00
43.68787956237793|0.09|-0.00|-0.01|0.00|-0.01|0.00|0.00|0.00|0.00|-0.00|0.00|0.00|0.00|0.00|0.00|0.00|0.00|-0.01|-0.03|0.02|-0.02|-33496.00|752.00|20384.00|530.00
43.83950090408325|0.08|0.02|0.00|-0.00|-0.01|0.00|0.00|0.00|0.00|0.00|0.00|-0.00|-0.00|0.00|0.00|0.00|0.00|-0.01|-0.03|0.02|-0.02|-33496.00|752.00|20384.00|530.00
43.99116063117981|0.09|-0.00|-0.02|-0.02|-0.07|0.00|0.00|0.00|0.00|0.00|-0.00|-0.00|-0.01|0.00|0.00|4.91|0.17|-0.01|-0.03|0.02|-0.02|-33496.00|752.00|21120.00|555.00
44.14664912223816|0.10|-0.01|0.03|-0.00|-0.01|0.00|0.00|0.13|-0.00|-0.00|0.00|-0.00|-0.01|0.00|0.00|25.75|0.03|-0.01|-0.03|0.02|-0.03|-33496.00|752.00|25111.00|560.00
44.302228927612305|0.09|-0.01|0.02|-0.02|-0.04|0.00|0.00|0.24|-0.02|-0.00|0.01|-0.01|-0.02|0.00|0.00|62.90|-2.58|-0.01|-0.03|0.02|-0.03|-33496.00|752.00|34861.00|160.00
44.45782136917114|0.09|0.02|-0.03|0.03|0.07|0.00|0.00|0.00|0.01|-0.00|0.00|-0.00|-0.01|0.00|0.00|63.25|-1.26|-0.01|-0.03|0.02|-0.03|-33496.00|752.00|44664.00|-36.00
44.609415769577026|0.08|0.02|-0.02|-0.01|0.04|0.00|0.00|-0.14|0.02|0.00|-0.00|-0.00|-0.00|0.00|0.00|41.71|1.09|-0.01|-0.03|0.02|-0.03|-33496.00|752.00|51088.00|132.00
44.76137399673462|0.09|0.02|-0.03|0.04|0.04|0.00|0.00|0.02|-0.01|0.01|-0.01|0.00|0.00|0.00|0.00|44.64|-0.62|-0.01|-0.03|0.02|-0.03|-33496.00|752.00|57963.00|37.00
44.917173862457275|0.08|-0.05|0.03|-0.03|-0.04|0.00|0.00|-0.16|0.00|-0.00|-0.00|-0.00|-0.00|0.00|0.00|21.21|-0.08|-0.01|-0.03|0.02|-0.03|-33496.00|752.00|61145.00|25.00
45.072768688201904|0.10|0.06|-0.04|-0.00|-0.04|0.00|0.00|-0.13|0.00|0.01|-0.01|-0.00|-0.01|0.00|0.00|0.36|0.01|-0.01|-0.03|0.02|-0.03|-33496.00|752.00|61201.00|26.00
45.22444462776184|0.08|-0.00|-0.00|0.01|0.06|0.00|0.00|0.00|-0.00|0.01|-0.01|-0.00|0.00|0.00|0.00|0.61|-0.06|-0.01|-0.03|0.02|-0.03|-33496.00|752.00|61294.00|17.00
45.37595319747925|0.08|-0.00|0.04|0.00|-0.00|0.00|0.00|-0.00|0.00|0.01|-0.00|-0.00|-0.00|0.00|0.00|0.00|0.00|-0.01|-0.03|0.02|-0.03|-33496.00|752.00|61294.00|17.00
45.52751040458679|0.08|0.03|0.02|-0.00|-0.01|0.00|0.00|-0.00|0.00|0.01|0.00|-0.00|-0.00|0.00|0.00|0.01|0.01|-0.01|-0.03|0.02|-0.03|-33496.00|752.00|61295.00|19.00
45.674482583999634|0.08|0.00|0.00|0.01|0.01|0.00|0.00|0.00|0.00|0.01|0.00|0.00|0.00|0.00|0.00|0.01|0.02|-0.01|-0.03|0.02|-0.03|-33496.00|752.00|61297.00|22.00
45.826016426086426|0.08|-0.02|-0.04|-0.00|-0.00|0.00|0.00|-0.00|-0.00|0.01|-0.00|0.00|-0.00|0.00|0.00|0.00|0.00|-0.00|-0.03|0.02|-0.03|-33496.00|752.00|61297.00|22.00
45.97771072387695|0.08|-0.02|-0.01|0.00|0.00|0.00|0.00|-0.00|-0.00|0.00|-0.00|0.00|0.00|0.00|0.00|0.00|0.00|-0.00|-0.03|0.02|-0.03|-33496.00|752.00|61297.00|22.00
46.129212617874146|0.08|-0.09|0.03|-0.00|0.01|0.00|0.00|-0.00|-0.00|-0.01|0.00|0.00|0.00|0.00|0.00|0.00|0.00|-0.01|-0.03|0.02|-0.03|-33496.00|752.00|61297.00|22.00
46.284770488739014|0.08|0.09|-0.01|-0.00|-0.01|0.00|0.00|-0.00|-0.00|0.00|-0.00|-0.00|-0.00|0.00|0.00|0.00|0.00|-0.00|-0.03|0.02|-0.03|-33496.00|752.00|61297.00|22.00
46.432401180267334|0.08|-0.03|0.00|0.00|0.00|0.00|0.00|-0.00|-0.00|-0.00|0.00|0.00|-0.00|0.00|0.00|0.00|0.00|-0.00|-0.03|0.02|-0.03|-33496.00|752.00|61297.00|22.00
46.584068298339844|0.09|-0.00|0.01|0.00|0.01|0.00|0.00|-0.00|-0.00|-0.00|0.00|0.00|0.00|0.00|0.00|0.00|0.00|-0.00|-0.03|0.02|-0.03|-33496.00|752.00|61297.00|22.00
46.73954439163208|0.08|0.00|-0.02|-0.01|-0.00|0.00|0.00|-0.00|-0.00|-0.00|-0.00|-0.00|0.00|0.00|0.00|0.00|0.00|-0.00|-0.03|0.02|-0.03|-33496.00|752.00|61297.00|22.00
46.89115381240845|0.09|-0.00|0.01|0.00|0.00|0.00|0.00|-0.00|-0.00|-0.00|-0.00|-0.00|0.00|0.00|0.00|0.00|0.00|-0.01|-0.03|0.02|-0.03|-33496.00|752.00|61297.00|22.00
47.042760133743286|0.09|-0.01|0.02|0.00|-0.00|0.00|0.00|-0.00|-0.00|-0.00|0.00|-0.00|0.00|0.00|0.00|0.00|-0.01|-0.01|-0.03|0.02|-0.03|-33496.00|752.00|61297.00|20.00
47.19842576980591|0.09|-0.01|-0.01|-0.00|-0.00|0.00|0.00|-0.00|0.00|-0.00|-0.00|-0.00|-0.00|0.00|0.00|0.00|-0.01|-0.01|-0.03|0.02|-0.03|-33496.00|752.00|61297.00|18.00
47.353962659835815|0.07|0.01|0.00|-0.00|-0.00|0.00|0.00|-0.00|-0.00|-0.00|-0.00|-0.00|-0.00|0.00|0.00|-0.01|-0.03|-0.01|-0.03|0.02|-0.03|-33496.00|752.00|61296.00|14.00
47.501479625701904|0.08|0.01|0.00|0.00|0.01|0.00|0.00|0.00|0.00|-0.00|0.00|-0.00|0.00|0.00|0.00|0.00|0.00|-0.01|-0.03|0.02|-0.03|-33496.00|752.00|61296.00|14.00
47.65312075614929|0.09|0.00|0.01|-0.00|-0.00|0.00|0.00|0.00|0.00|-0.00|0.00|-0.00|0.00|0.00|0.00|0.00|0.00|-0.01|-0.03|0.02|-0.03|-33496.00|752.00|61296.00|14.00
47.80471682548523|0.08|-0.01|-0.02|-0.00|0.00|0.00|0.00|0.00|0.00|-0.00|-0.00|-0.00|0.00|0.00|0.00|0.00|0.00|-0.01|-0.03|0.02|-0.03|-33496.00|752.00|61296.00|14.00
47.95631647109985|0.09|0.01|-0.00|0.00|-0.00|0.00|0.00|0.00|0.00|-0.00|-0.00|-0.00|0.00|0.00|0.00|0.00|0.00|-0.01|-0.03|0.02|-0.03|-33496.00|752.00|61296.00|14.00
48.10788607597351|0.10|0.00|0.00|-0.00|-0.00|0.00|0.00|0.00|0.00|-0.00|-0.00|-0.00|0.00|0.00|0.00|0.00|-0.01|-0.01|-0.03|0.02|-0.03|-33496.00|752.00|61296.00|13.00
48.26353120803833|0.09|-0.02|0.03|0.00|-0.00|0.00|0.00|0.00|-0.00|-0.00|0.00|-0.00|-0.00|0.00|0.00|-0.01|-0.02|-0.01|-0.03|0.02|-0.03|-33496.00|752.00|61295.00|10.00
48.410099029541016|0.11|0.03|-0.02|0.00|0.00|0.00|0.00|0.00|0.00|0.00|0.00|-0.00|0.00|0.00|0.00|0.00|0.00|-0.01|-0.03|0.02|-0.03|-33496.00|752.00|61295.00|10.00
48.56173062324524|0.10|-0.02|0.03|-0.01|-0.00|0.00|0.00|0.00|0.00|-0.00|0.00|-0.00|-0.00|0.00|0.00|0.08|0.01|-0.01|-0.03|0.02|-0.03|-33496.00|752.00|61307.00|12.00
48.70929479598999|0.15|0.02|0.00|0.01|0.01|0.00|0.00|0.04|-0.00|0.00|0.00|-0.00|0.00|0.00|0.00|6.18|-0.03|-0.01|-0.03|0.02|-0.03|-33496.00|752.00|62247.00|8.00
48.86089038848877|0.28|0.02|-0.02|0.01|-0.01|0.00|0.00|0.05|-0.00|0.00|0.00|0.00|0.00|0.00|0.00|14.25|-0.37|-0.01|-0.03|0.02|-0.03|-33496.00|752.00|64342.00|-46.00
49.01648283004761|0.14|-0.02|-0.01|-0.00|-0.00|0.00|0.00|-0.04|0.00|0.00|0.00|-0.00|0.00|0.00|0.00|8.18|-0.01|-0.01|-0.03|0.02|-0.03|-33496.00|752.00|65594.00|-47.00
49.172067642211914|0.14|-0.02|0.01|-0.00|-0.00|0.00|0.00|-0.03|0.00|-0.00|0.00|-0.00|-0.00|0.00|0.00|3.42|0.05|-0.01|-0.03|0.02|-0.03|-33496.00|752.00|66121.00|-40.00
49.32361578941345|0.15|0.01|-0.01|0.00|0.01|0.00|0.00|-0.02|-0.00|-0.00|0.00|0.00|0.00|0.00|0.00|0.95|-0.05|-0.01|-0.03|0.02|-0.03|-33496.00|752.00|66267.00|-48.00
49.475260734558105|0.14|-0.01|0.00|0.00|-0.00|0.00|0.00|0.00|-0.00|-0.00|0.00|0.00|0.00|0.00|0.00|1.71|-0.07|-0.01|-0.03|0.02|-0.03|-33496.00|752.00|66528.00|-59.00
49.62292265892029|0.11|-0.00|0.04|0.00|0.00|0.00|0.00|-0.00|0.00|-0.00|0.01|0.00|0.00|0.00|0.00|1.29|0.00|-0.01|-0.03|0.02|-0.03|-33496.00|752.00|66723.00|-59.00
49.774458169937134|0.18|0.02|-0.04|0.00|0.00|0.00|0.00|0.01|0.00|0.00|0.00|0.00|0.00|0.00|0.00|2.63|-0.05|-0.01|-0.03|0.02|-0.03|-33496.00|752.00|67117.00|-67.00
49.926520347595215|0.20|-0.01|-0.01|0.00|0.00|0.00|0.00|-0.00|0.00|-0.00|-0.00|0.00|0.00|0.00|0.00|2.24|0.09|-0.01|-0.03|0.02|-0.03|-33496.00|752.00|67449.00|-53.00
50.07724642753601|0.19|0.00|0.04|-0.00|0.01|0.00|0.00|-0.01|-0.00|-0.00|0.01|-0.00|0.00|0.00|0.00|0.55|-0.07|-0.01|-0.03|0.02|-0.03|-33496.00|752.00|67533.00|-64.00
50.23273229598999|0.23|0.02|-0.03|0.00|-0.01|0.00|0.00|-0.00|-0.00|0.00|0.00|0.00|-0.00|0.00|0.00|0.27|-0.14|-0.01|-0.03|0.02|-0.03|-33496.00|752.00|67574.00|-85.00
50.38429665565491|0.24|-0.02|-0.00|-0.00|0.00|0.00|0.00|-0.00|0.00|-0.00|0.00|0.00|-0.00|0.00|0.00|0.05|0.03|-0.01|-0.03|0.02|-0.03|-33496.00|752.00|67581.00|-81.00
50.53992986679077|0.22|0.00|-0.01|-0.00|0.00|0.00|0.00|-0.00|-0.00|-0.00|0.00|-0.00|0.00|0.00|0.00|0.00|-0.01|-0.01|-0.03|0.02|-0.03|-33496.00|752.00|67581.00|-82.00
50.691617488861084|0.24|-0.00|0.00|0.00|-0.00|0.00|0.00|-0.00|0.00|-0.00|0.00|-0.00|0.00|0.00|0.00|0.01|0.00|-0.01|-0.03|0.02|-0.03|-33496.00|752.00|67583.00|-82.00
50.84322500228882|0.15|0.02|0.03|-0.00|-0.01|0.00|0.00|-0.00|0.00|0.00|0.00|-0.00|-0.00|0.00|0.00|0.00|0.01|-0.01|-0.02|0.02|-0.03|-33496.00|752.00|67583.00|-81.00
50.99881601333618|0.15|-0.08|-0.23|0.01|-0.00|0.00|0.00|-0.00|-0.00|-0.01|-0.03|0.00|-0.00|0.00|0.00|0.00|0.00|-0.01|-0.03|0.02|-0.03|-33496.00|752.00|67583.00|-81.00
51.15045404434204|0.09|0.05|0.19|-0.00|0.01|0.00|0.00|-0.00|-0.00|-0.00|0.00|-0.00|0.00|0.00|0.00|0.00|0.00|-0.01|-0.03|0.02|-0.03|-33496.00|752.00|67583.00|-81.00
51.30195617675781|0.09|0.02|-0.01|0.00|-0.00|0.00|0.00|-0.00|-0.00|0.00|-0.00|-0.00|-0.00|0.00|0.00|0.00|0.00|-0.01|-0.03|0.02|-0.03|-33496.00|752.00|67583.00|-81.00
51.461567878723145|0.09|-0.00|0.00|-0.00|-0.00|0.00|0.00|-0.00|-0.00|-0.00|-0.00|-0.00|-0.00|0.00|0.00|0.00|0.00|-0.01|-0.03|0.02|-0.03|-33496.00|752.00|67583.00|-81.00
51.613173961639404|0.10|-0.01|0.01|-0.00|0.00|0.00|0.00|-0.00|-0.00|-0.00|-0.00|-0.00|0.00|0.00|0.00|0.00|0.00|-0.01|-0.03|0.02|-0.03|-33496.00|752.00|67583.00|-81.00
51.76971101760864|0.10|0.01|-0.01|0.00|-0.01|0.00|0.00|-0.00|-0.00|-0.00|-0.00|-0.00|-0.00|0.00|0.00|-0.01|0.05|-0.01|-0.03|0.02|-0.03|-33496.00|752.00|67582.00|-73.00
51.92930459976196|0.10|-0.00|-0.00|-0.00|-0.00|0.00|0.00|0.00|-0.00|-0.00|-0.00|-0.00|-0.00|0.00|0.00|-0.01|0.02|-0.01|-0.03|0.02|-0.03|-33496.00|752.00|67581.00|-70.00
52.084959983825684|0.09|0.16|-0.12|-0.05|-0.06|0.00|0.00|0.00|-0.00|0.02|-0.02|-0.01|-0.01|0.00|0.00|0.08|-0.20|-0.01|-0.03|0.02|-0.03|-33496.00|752.00|67593.00|-102.00
52.240554332733154|0.11|-0.27|0.06|-0.09|0.01|0.00|0.00|0.01|-0.00|-0.02|-0.01|-0.02|-0.01|0.00|0.00|2.37|-0.64|-0.01|-0.04|0.01|-0.03|-33496.00|752.00|67961.00|-201.00
52.400136947631836|0.11|0.25|-0.12|-0.34|-0.23|0.00|0.00|-0.09|-0.01|0.02|-0.03|-0.07|-0.05|0.00|0.00|-12.07|-1.62|-0.01|-0.04|0.00|-0.04|-33496.00|752.00|66078.00|-453.00
52.555946826934814|0.09|0.18|-0.02|0.09|0.12|0.00|0.00|-0.22|0.01|0.05|-0.04|-0.06|-0.03|0.00|0.00|-47.80|0.18|0.00|-0.05|-0.01|-0.05|-33496.00|752.00|58430.00|-424.00
52.71144723892212|0.10|-0.21|0.17|0.35|0.14|0.00|0.00|-0.43|-0.00|0.02|-0.01|-0.01|-0.00|0.00|0.00|-113.90|0.01|0.00|-0.05|-0.01|-0.05|-33496.00|752.00|40889.00|-423.00
52.8670380115509|0.11|-0.12|0.07|-0.07|0.05|0.00|0.00|-0.22|0.01|-0.00|0.00|-0.02|0.00|0.00|0.00|-148.64|0.81|0.00|-0.05|-0.01|-0.05|-33496.00|752.00|17553.00|-296.00
53.026612758636475|0.10|0.10|-0.03|0.08|0.00|0.00|0.00|-0.38|-0.02|0.01|-0.00|-0.01|0.00|0.00|0.00|-208.71|-1.89|0.00|-0.05|-0.01|-0.04|-33496.00|752.00|-15214.00|-593.00
53.18219566345215|0.08|0.23|-0.12|0.09|-0.01|0.00|0.00|0.47|0.01|0.05|-0.02|0.01|0.00|0.00|0.00|-134.25|0.01|0.01|-0.05|-0.01|-0.04|-33496.00|752.00|-36426.00|-592.00
53.33774185180664|0.09|-0.33|0.18|-0.01|-0.03|0.00|0.00|0.84|0.00|-0.00|0.00|0.01|-0.00|0.00|0.00|-4.97|0.01|0.01|-0.05|-0.01|-0.04|-33496.00|752.00|-37192.00|-591.00
53.493372201919556|0.10|-0.03|-0.01|-0.01|0.01|0.00|0.00|0.03|0.00|-0.01|0.00|0.01|-0.00|0.00|0.00|-0.04|0.24|0.01|-0.05|-0.01|-0.04|-33496.00|752.00|-37198.00|-553.00
53.64895844459534|0.10|0.03|-0.01|-0.03|-0.04|0.00|0.00|0.00|-0.01|-0.00|0.00|0.00|-0.01|0.00|0.00|0.14|-0.94|0.01|-0.05|-0.01|-0.05|-33496.00|752.00|-37177.00|-697.00
53.80078101158142|0.11|0.01|0.01|0.01|0.02|0.00|0.00|-0.01|0.02|-0.00|0.00|0.00|-0.00|0.00|0.00|-0.92|1.65|0.01|-0.05|-0.01|-0.05|-33496.00|752.00|-37320.00|-440.00
53.95637083053589|0.09|-0.00|-0.01|-0.00|0.01|0.00|0.00|0.01|-0.01|-0.00|-0.00|0.00|-0.00|0.00|0.00|0.53|-0.31|0.01|-0.05|-0.01|-0.05|-33496.00|752.00|-37239.00|-488.00
54.11198377609253|0.10|0.01|0.00|-0.01|0.01|0.00|0.00|-0.00|0.00|-0.00|0.00|0.00|-0.00|0.00|0.00|0.00|0.00|0.01|-0.05|-0.01|-0.05|-33496.00|752.00|-37239.00|-488.00
54.26762914657593|0.09|0.00|-0.00|-0.00|-0.00|0.00|0.00|-0.00|0.00|-0.00|0.00|0.00|-0.00|0.00|0.00|0.01|-0.09|0.01|-0.05|-0.01|-0.05|-33496.00|752.00|-37238.00|-502.00
54.423097372055054|0.11|-0.00|-0.00|-0.00|0.01|0.00|0.00|-0.00|0.00|-0.00|-0.00|0.00|-0.00|0.00|0.00|0.00|0.00|0.01|-0.05|-0.01|-0.05|-33496.00|752.00|-37238.00|-502.00
54.574700355529785|0.09|0.00|0.00|-0.00|0.01|0.00|0.00|-0.00|0.00|-0.00|0.00|0.00|0.00|0.00|0.00|0.00|0.00|0.01|-0.05|-0.01|-0.05|-33496.00|752.00|-37238.00|-502.00
54.73030066490173|0.09|-0.00|-0.00|0.00|-0.01|0.00|0.00|-0.00|0.00|-0.00|-0.00|0.00|0.00|0.00|0.00|0.00|0.00|0.01|-0.05|-0.01|-0.05|-33496.00|752.00|-37238.00|-502.00
54.88588881492615|0.10|-0.00|0.00|-0.00|0.00|0.00|0.00|-0.00|0.00|-0.00|-0.00|0.00|0.00|0.00|0.00|0.00|0.00|0.01|-0.05|-0.01|-0.05|-33496.00|752.00|-37238.00|-502.00
55.037551403045654|0.10|0.00|0.00|0.00|-0.00|0.00|0.00|-0.00|0.00|-0.00|0.00|0.00|-0.00|0.00|0.00|0.00|0.00|0.01|-0.05|-0.01|-0.05|-33496.00|752.00|-37238.00|-502.00
55.193052768707275|0.10|-0.00|-0.00|0.00|0.00|0.00|0.00|-0.00|0.00|-0.00|-0.00|0.00|0.00|0.00|0.00|0.00|0.00|0.01|-0.05|-0.01|-0.05|-33496.00|752.00|-37238.00|-502.00
55.34461331367493|0.09|0.00|0.00|0.00|-0.00|0.00|0.00|-0.00|0.00|-0.00|0.00|0.00|-0.00|0.00|0.00|0.00|0.00|0.01|-0.05|-0.01|-0.05|-33496.00|752.00|-37238.00|-502.00
55.50024628639221|0.09|-0.00|-0.00|-0.00|-0.00|0.00|0.00|-0.00|0.00|-0.00|-0.00|0.00|-0.00|0.00|0.00|0.00|0.00|0.01|-0.05|-0.00|-0.05|-33496.00|752.00|-37238.00|-502.00
55.655829191207886|0.09|0.00|0.00|0.00|0.00|0.00|0.00|-0.00|0.00|-0.00|0.00|0.00|-0.00|0.00|0.00|0.00|0.00|0.01|-0.05|-0.00|-0.05|-33496.00|752.00|-37238.00|-502.00
55.80768656730652|0.10|-0.00|0.00|0.00|-0.00|0.00|0.00|-0.00|0.00|-0.00|0.00|0.00|-0.00|0.00|0.00|0.00|0.00|0.01|-0.05|-0.00|-0.05|-33496.00|752.00|-37238.00|-502.00
55.96327042579651|0.10|0.00|-0.00|0.00|-0.00|0.00|0.00|-0.00|0.00|-0.00|-0.00|0.00|-0.00|0.00|0.00|0.00|0.00|0.01|-0.05|-0.00|-0.05|-33496.00|752.00|-37238.00|-502.00
56.11885690689087|0.10|-0.00|0.00|-0.00|0.00|0.00|0.00|-0.00|0.00|-0.00|0.00|0.00|-0.00|0.00|0.00|0.00|0.00|0.01|-0.05|-0.00|-0.05|-33496.00|752.00|-37238.00|-502.00
56.27047395706177|0.09|0.00|0.00|-0.00|0.00|0.00|0.00|-0.00|0.00|-0.00|0.00|0.00|-0.00|0.00|0.00|0.00|0.00|0.01|-0.05|-0.00|-0.05|-33496.00|752.00|-37238.00|-502.00
56.42612886428833|0.10|0.00|-0.00|0.00|-0.00|0.00|0.00|-0.00|0.00|-0.00|-0.00|0.00|-0.00|0.00|0.00|0.00|0.00|0.01|-0.05|-0.00|-0.05|-33496.00|752.00|-37238.00|-502.00
56.581605672836304|0.08|0.00|-0.00|-0.00|0.00|0.00|0.00|-0.00|0.00|-0.00|-0.00|0.00|-0.00|0.00|0.00|0.00|0.00|0.01|-0.05|-0.00|-0.05|-33496.00|752.00|-37238.00|-502.00
56.7339026927948|0.10|-0.00|0.00|0.00|0.00|0.00|0.00|-0.00|0.00|-0.00|-0.00|0.00|-0.00|0.00|0.00|0.00|0.00|0.01|-0.05|-0.00|-0.05|-33496.00|752.00|-37238.00|-502.00
56.88944411277771|0.10|0.00|0.00|-0.00|-0.00|0.00|0.00|-0.00|0.00|-0.00|-0.00|0.00|-0.00|0.00|0.00|0.00|0.00|0.01|-0.05|-0.00|-0.05|-33496.00|752.00|-37238.00|-502.00
57.04502749443054|0.09|-0.00|0.00|-0.00|-0.00|0.00|0.00|-0.00|0.00|-0.00|0.00|0.00|-0.00|0.00|0.00|0.00|0.00|0.01|-0.05|-0.00|-0.05|-33496.00|752.00|-37238.00|-502.00
57.20066595077515|0.09|-0.00|-0.00|0.00|0.00|0.00|0.00|-0.00|0.00|-0.00|-0.00|0.00|-0.00|0.00|0.00|0.00|0.00|0.01|-0.05|-0.00|-0.05|-33496.00|752.00|-37238.00|-502.00
57.356202602386475|0.09|-0.00|-0.00|0.00|-0.00|0.00|0.00|-0.00|0.00|-0.00|-0.00|0.00|-0.00|0.00|0.00|0.00|0.00|0.01|-0.05|-0.00|-0.05|-33496.00|752.00|-37238.00|-502.00
57.51187443733215|0.10|0.00|0.00|-0.00|-0.00|0.00|0.00|-0.00|0.00|-0.00|0.00|0.00|-0.00|0.00|0.00|0.00|0.00|0.01|-0.05|-0.00|-0.05|-33496.00|752.00|-37238.00|-502.00
57.66363549232483|0.10|-0.00|0.00|0.00|0.00|0.00|0.00|-0.00|0.00|-0.00|0.00|0.00|-0.00|0.00|0.00|0.00|0.00|0.01|-0.05|-0.00|-0.05|-33496.00|752.00|-37238.00|-502.00
57.819228172302246|0.10|0.00|-0.00|-0.00|0.00|0.00|0.00|-0.00|0.00|-0.00|0.00|0.00|-0.00|0.00|0.00|0.00|0.00|0.01|-0.05|-0.00|-0.05|-33496.00|752.00|-37238.00|-502.00
57.97480630874634|0.10|0.00|-0.00|0.00|-0.00|0.00|0.00|-0.00|0.00|-0.00|-0.00|0.00|-0.00|0.00|0.00|0.00|0.00|0.01|-0.05|-0.00|-0.05|-33496.00|752.00|-37238.00|-502.00
58.126402854919434|0.09|0.00|0.00|0.00|-0.00|0.00|0.00|-0.00|0.00|-0.00|-0.00|0.00|-0.00|0.00|0.00|0.00|0.00|0.01|-0.05|-0.00|-0.05|-33496.00|752.00|-37238.00|-502.00
58.28596472740173|0.09|-0.00|-0.00|-0.00|0.00|0.00|0.00|-0.00|0.00|-0.00|-0.00|0.00|-0.00|0.00|0.00|0.00|0.00|0.01|-0.05|-0.00|-0.05|-33496.00|752.00|-37238.00|-502.00
58.43757104873657|0.10|0.00|0.00|-0.00|-0.00|0.00|0.00|-0.00|0.00|-0.00|-0.00|0.00|-0.00|0.00|0.00|0.00|0.00|0.01|-0.05|-0.00|-0.05|-33496.00|752.00|-37238.00|-502.00
58.59315872192383|0.10|-0.00|0.00|0.00|0.00|0.00|0.00|-0.00|0.00|-0.00|0.00|0.00|-0.00|0.00|0.00|0.00|0.00|0.01|-0.05|-0.00|-0.05|-33496.00|752.00|-37238.00|-502.00
58.74482035636902|0.10|0.00|0.00|-0.00|-0.00|0.00|0.00|-0.00|0.00|-0.00|0.00|0.00|-0.00|0.00|0.00|0.00|0.00|0.01|-0.05|-0.00|-0.05|-33496.00|752.00|-37238.00|-502.00
58.900368213653564|0.10|-0.00|-0.00|0.00|0.00|0.00|0.00|-0.00|0.00|-0.00|-0.00|0.00|-0.00|0.00|0.00|0.00|0.00|0.01|-0.05|-0.00|-0.05|-33496.00|752.00|-37238.00|-502.00
59.05591702461243|0.09|0.00|0.00|-0.00|0.00|0.00|0.00|-0.00|0.00|-0.00|-0.00|0.00|-0.00|0.00|0.00|0.00|0.00|0.01|-0.05|-0.00|-0.05|-33496.00|752.00|-37238.00|-502.00
59.21148347854614|0.10|0.00|-0.00|-0.00|-0.00|0.00|0.00|-0.00|0.00|-0.00|-0.00|0.00|-0.00|0.00|0.00|0.00|0.00|0.01|-0.05|-0.00|-0.05|-33496.00|752.00|-37238.00|-502.00
59.36709928512573|0.11|-0.00|0.00|0.00|0.00|0.00|0.00|-0.00|0.00|-0.00|-0.00|0.00|-0.00|0.00|0.00|0.00|0.00|0.01|-0.05|-0.00|-0.05|-33496.00|752.00|-37238.00|-502.00
59.518775939941406|0.10|0.00|0.00|0.00|0.00|0.00|0.00|-0.00|0.00|-0.00|0.00|0.00|-0.00|0.00|0.00|0.00|0.00|0.00|-0.05|-0.00|-0.05|-33496.00|752.00|-37238.00|-502.00
59.674283027648926|0.09|-0.00|-0.00|-0.00|-0.00|0.00|0.00|-0.00|0.00|-0.00|-0.00|0.00|-0.00|0.00|0.00|0.00|0.00|0.00|-0.05|-0.00|-0.05|-33496.00|752.00|-37238.00|-502.00
59.829859018325806|0.09|-0.00|-0.00|-0.00|0.00|0.00|0.00|-0.00|0.00|-0.00|-0.00|0.00|-0.00|0.00|0.00|0.00|0.00|0.00|-0.05|-0.00|-0.05|-33496.00|752.00|-37238.00|-502.00
59.985246419906616|0.09|-0.00|0.00|-0.00|-0.00|0.00|0.00|-0.00|0.00|-0.00|0.00|0.00|-0.00|0.00|0.00|0.00|0.00|0.00|-0.05|-0.00|-0.05|-33496.00|752.00|-37238.00|-502.00
60.14083957672119|0.09|-0.00|-0.00|0.00|-0.00|0.00|0.00|-0.00|0.00|-0.00|0.00|0.00|-0.00|0.00|0.00|0.00|0.00|0.00|-0.05|-0.00|-0.05|-33496.00|752.00|-37238.00|-502.00
60.29643225669861|0.10|0.00|-0.00|0.00|-0.00|0.00|0.00|-0.00|0.00|-0.00|-0.00|0.00|-0.00|0.00|0.00|0.00|0.00|0.00|-0.05|-0.00|-0.05|-33496.00|752.00|-37238.00|-502.00
60.45201587677002|0.10|-0.00|0.00|-0.00|0.00|0.00|0.00|-0.00|0.00|-0.00|-0.00|0.00|-0.00|0.00|0.00|0.00|0.00|0.00|-0.05|-0.00|-0.05|-33496.00|752.00|-37238.00|-502.00
60.60360383987427|0.09|0.00|0.00|0.00|0.00|0.00|0.00|-0.00|0.00|-0.00|0.00|0.00|-0.00|0.00|0.00|0.00|0.00|0.00|-0.05|-0.00|-0.05|-33496.00|752.00|-37238.00|-502.00
60.760146141052246|0.10|-0.00|-0.00|-0.00|-0.00|0.00|0.00|-0.00|0.00|-0.00|-0.00|0.00|-0.00|0.00|0.00|0.00|0.00|0.00|-0.05|-0.00|-0.05|-33496.00|752.00|-37238.00|-502.00
60.91081190109253|0.09|0.00|0.00|-0.00|0.00|0.00|0.00|-0.00|0.00|-0.00|0.00|0.00|0.00|0.00|0.00|0.00|0.00|0.00|-0.05|-0.00|-0.05|-33496.00|752.00|-37238.00|-502.00
61.07131338119507|0.09|-0.00|-0.00|-0.00|-0.00|0.00|0.00|-0.00|0.00|-0.00|-0.00|0.00|-0.00|0.00|0.00|0.00|0.00|0.00|-0.05|-0.00|-0.05|-33496.00|752.00|-37238.00|-502.00
61.22694492340088|0.10|0.00|-0.00|0.00|-0.00|0.00|0.00|-0.00|0.00|-0.00|-0.00|0.00|-0.00|0.00|0.00|0.00|0.00|0.00|-0.05|-0.00|-0.05|-33496.00|752.00|-37238.00|-502.00
61.38252234458923|0.10|-0.00|0.00|-0.00|-0.00|0.00|0.00|-0.00|0.00|-0.00|0.00|0.00|-0.00|0.00|0.00|0.00|0.00|0.00|-0.05|-0.00|-0.05|-33496.00|752.00|-37238.00|-502.00
61.53413939476013|0.09|-0.00|0.00|0.00|0.00|0.00|0.00|-0.00|0.00|-0.00|0.00|0.00|-0.00|0.00|0.00|0.00|0.00|0.00|-0.05|-0.00|-0.05|-33496.00|752.00|-37238.00|-502.00
61.68496823310852|0.09|0.00|-0.00|0.00|0.00|0.00|0.00|-0.00|0.00|-0.00|0.00|0.00|-0.00|0.00|0.00|0.00|0.00|0.00|-0.05|-0.00|-0.05|-33496.00|752.00|-37238.00|-502.00
61.84454703330994|0.10|-0.00|-0.00|-0.00|-0.00|0.00|0.00|-0.00|0.00|-0.00|-0.00|0.00|-0.00|0.00|0.00|0.00|0.00|0.00|-0.05|-0.00|-0.05|-33496.00|752.00|-37238.00|-502.00
61.9961211681366|0.09|-0.00|0.00|0.00|0.00|0.00|0.00|-0.00|0.00|-0.00|0.00|0.00|-0.00|0.00|0.00|0.00|0.00|0.00|-0.05|-0.00|-0.05|-33496.00|752.00|-37238.00|-502.00
62.14772582054138|0.09|0.00|0.00|-0.00|0.00|0.00|0.00|-0.00|0.00|-0.00|0.00|0.00|-0.00|0.00|0.00|0.00|0.00|0.00|-0.05|-0.00|-0.05|-33496.00|752.00|-37238.00|-502.00
62.30430626869202|0.09|0.00|-0.00|0.00|0.00|0.00|0.00|-0.00|0.00|-0.00|-0.00|0.00|-0.00|0.00|0.00|0.00|0.00|0.00|-0.05|-0.00|-0.05|-33496.00|752.00|-37238.00|-502.00
62.45990204811096|0.09|-0.00|0.00|-0.00|-0.00|0.00|0.00|-0.00|0.00|-0.00|-0.00|0.00|-0.00|0.00|0.00|0.00|0.00|0.00|-0.05|-0.00|-0.05|-33496.00|752.00|-37238.00|-502.00
62.61548113822937|0.10|0.00|-0.00|0.00|-0.00|0.00|0.00|-0.00|0.00|-0.00|-0.00|0.00|-0.00|0.00|0.00|0.00|0.00|0.00|-0.05|-0.00|-0.05|-33496.00|752.00|-37238.00|-502.00
62.767038106918335|0.09|-0.00|0.00|0.00|0.00|0.00|0.00|-0.00|0.00|-0.00|0.00|0.00|-0.00|0.00|0.00|0.00|0.00|0.00|-0.05|-0.00|-0.05|-33496.00|752.00|-37238.00|-502.00
62.926647424697876|0.10|-0.00|-0.00|0.00|-0.00|0.00|0.00|-0.00|0.00|-0.00|-0.00|0.00|-0.00|0.00|0.00|0.00|0.00|0.00|-0.05|-0.00|-0.05|-33496.00|752.00|-37238.00|-502.00
63.078240394592285|0.09|-0.00|0.00|-0.00|0.00|0.00|0.00|-0.00|0.00|-0.00|-0.00|0.00|-0.00|0.00|0.00|0.00|0.00|0.00|-0.05|-0.00|-0.05|-33496.00|752.00|-37238.00|-502.00
63.233824014663696|0.09|0.00|0.00|-0.00|0.00|0.00|0.00|-0.00|0.00|-0.00|0.00|0.00|0.00|0.00|0.00|0.00|0.00|0.00|-0.05|-0.00|-0.05|-33496.00|752.00|-37238.00|-502.00
63.38948106765747|0.10|-0.00|-0.00|0.00|-0.00|0.00|0.00|-0.00|0.00|-0.00|-0.00|0.00|-0.00|0.00|0.00|0.00|0.00|0.00|-0.05|-0.00|-0.05|-33496.00|752.00|-37238.00|-502.00
63.54099106788635|0.10|-0.00|0.00|0.00|0.00|0.00|0.00|-0.00|0.00|-0.00|0.00|0.00|-0.00|0.00|0.00|0.00|0.00|0.00|-0.05|-0.00|-0.05|-33496.00|752.00|-37238.00|-502.00
63.6965811252594|0.09|0.00|-0.00|-0.00|-0.00|0.00|0.00|-0.00|0.00|-0.00|-0.00|0.00|-0.00|0.00|0.00|0.00|0.00|0.00|-0.05|-0.00|-0.05|-33496.00|752.00|-37238.00|-502.00
63.8521728515625|0.10|-0.00|0.00|0.00|0.00|0.00|0.00|-0.00|0.00|-0.00|-0.00|0.00|-0.00|0.00|0.00|0.00|0.04|0.00|-0.05|-0.00|-0.05|-33496.00|752.00|-37238.00|-496.00
64.00771975517273|0.09|-0.00|-0.00|-0.00|-0.00|0.00|0.00|-0.00|-0.00|-0.00|-0.00|0.00|-0.00|0.00|0.00|0.01|0.00|0.00|-0.05|-0.00|-0.05|-33496.00|752.00|-37237.00|-496.00
64.1633563041687|0.10|0.00|0.00|-0.00|0.00|0.00|0.00|-0.00|-0.00|-0.00|-0.00|0.00|-0.00|0.00|0.00|0.00|0.00|0.00|-0.05|-0.00|-0.05|-33496.00|752.00|-37237.00|-496.00
64.31896829605103|0.10|0.00|0.00|0.00|-0.00|0.00|0.00|-0.00|-0.00|-0.00|0.00|0.00|-0.00|0.00|0.00|0.00|0.00|0.00|-0.05|-0.00|-0.05|-33496.00|752.00|-37237.00|-496.00
64.47052550315857|0.11|0.00|0.00|0.00|0.00|0.00|0.00|-0.00|-0.00|-0.00|0.00|0.00|-0.00|0.00|0.00|0.00|0.00|0.00|-0.05|-0.00|-0.05|-33496.00|752.00|-37237.00|-496.00
64.62211775779724|0.10|0.00|0.00|0.00|0.00|0.00|0.00|-0.00|-0.00|-0.00|0.00|0.00|0.00|0.00|0.00|0.00|0.00|0.00|-0.05|-0.00|-0.05|-33496.00|752.00|-37237.00|-496.00
64.78170084953308|0.10|-0.00|-0.00|-0.00|-0.00|0.00|0.00|-0.00|-0.00|-0.00|-0.00|0.00|-0.00|0.00|0.00|0.00|0.00|0.00|-0.05|-0.00|-0.05|-33496.00|752.00|-37237.00|-496.00
64.9372832775116|0.10|0.00|0.00|0.00|-0.00|0.00|0.00|-0.00|-0.00|-0.00|-0.00|0.00|-0.00|0.00|0.00|0.00|0.00|0.00|-0.05|-0.00|-0.05|-33496.00|752.00|-37237.00|-496.00
65.09287548065186|0.10|0.00|0.00|-0.00|-0.00|0.00|0.00|-0.00|-0.00|-0.00|0.00|0.00|-0.00|0.00|0.00|0.00|0.00|0.00|-0.05|-0.00|-0.05|-33496.00|752.00|-37237.00|-496.00
65.24845314025879|0.09|-0.00|0.00|0.00|0.00|0.00|0.00|-0.00|-0.00|-0.00|0.00|0.00|-0.00|0.00|0.00|0.00|0.00|0.00|-0.05|-0.00|-0.05|-33496.00|752.00|-37237.00|-496.00
65.40404677391052|0.10|0.00|-0.00|0.00|-0.00|0.00|0.00|-0.00|-0.00|-0.00|-0.00|0.00|-0.00|0.00|0.00|0.00|0.00|0.00|-0.05|-0.00|-0.05|-33496.00|752.00|-37237.00|-496.00
65.5556480884552|0.10|0.00|0.00|-0.00|0.00|0.00|0.00|-0.00|-0.00|-0.00|0.00|0.00|-0.00|0.00|0.00|0.00|0.00|0.00|-0.05|-0.00|-0.05|-33496.00|752.00|-37237.00|-496.00
65.71125292778015|0.10|-0.00|-0.00|0.00|0.00|0.00|0.00|-0.00|-0.00|-0.00|-0.00|0.00|0.00|0.00|0.00|0.00|0.00|0.00|-0.05|-0.00|-0.05|-33496.00|752.00|-37237.00|-496.00
65.86690425872803|0.09|0.00|0.00|-0.00|-0.00|0.00|0.00|-0.00|-0.00|-0.00|0.00|0.00|-0.00|0.00|0.00|0.00|0.00|0.00|-0.05|-0.00|-0.05|-33496.00|752.00|-37237.00|-496.00
66.02238154411316|0.09|0.00|-0.00|-0.00|0.00|0.00|0.00|-0.00|-0.00|-0.00|-0.00|0.00|-0.00|0.00|0.00|0.00|0.00|0.00|-0.05|-0.00|-0.05|-33496.00|752.00|-37237.00|-496.00
66.17796969413757|0.11|-0.00|0.00|0.00|0.00|0.00|0.00|-0.00|-0.00|-0.00|0.00|0.00|-0.00|0.00|0.00|0.00|0.00|0.00|-0.05|-0.00|-0.05|-33496.00|752.00|-37237.00|-496.00
66.33454918861389|0.10|0.00|-0.00|-0.00|-0.00|0.00|0.00|-0.00|-0.00|-0.00|-0.00|0.00|-0.00|0.00|0.00|0.00|0.00|0.00|-0.05|-0.00|-0.05|-33496.00|752.00|-37237.00|-496.00
66.49014544487|0.09|-0.00|0.00|-0.00|0.00|0.00|0.00|-0.00|-0.00|-0.00|0.00|0.00|0.00|0.00|0.00|0.00|0.00|0.00|-0.05|-0.00|-0.05|-33496.00|752.00|-37237.00|-496.00
66.64571690559387|0.10|-0.00|0.00|0.00|-0.00|0.00|0.00|-0.00|-0.00|-0.00|0.00|0.00|-0.00|0.00|0.00|0.00|0.00|0.00|-0.05|-0.00|-0.05|-33496.00|752.00|-37237.00|-496.00
