0.03693842887878418|5|-0.05|0.00|0.00|89139.00|344.00
0.1757519245147705|0.08|0.00|0.00|0.02|0.01|0.00|0.00|0.00|0.00|-0.00|0.00|0.00|0.00|0.00|0.00|0.36|0.17|0.00|-0.05|-0.05|-0.05|0.00|0.00|89192.00|369.00
0.32337021827697754|0.10|-0.00|-0.00|0.01|-0.01|0.00|0.00|-0.00|-0.00|-0.00|0.00|0.00|0.00|0.00|0.00|-0.04|0.01|0.00|-0.05|-0.04|-0.05|0.00|0.00|89186.00|371.00
0.4750094413757324|0.08|-0.00|-0.00|-0.07|0.01|0.00|0.00|-0.00|-0.00|-0.00|0.00|-0.01|0.00|0.00|0.00|-0.33|-0.01|0.00|-0.05|-0.05|-0.05|0.00|0.00|89137.00|370.00
0.618553876876831|0.10|0.00|0.00|0.05|-0.06|0.00|0.00|-0.02|0.00|-0.00|0.00|-0.00|-0.00|0.00|0.00|-4.02|0.00|0.00|-0.05|-0.05|-0.05|0.00|0.00|88542.00|370.00
0.7651567459106445|0.08|0.00|-0.00|-0.03|0.01|0.00|0.00|0.04|0.00|0.00|0.00|-0.00|-0.00|0.00|0.00|2.48|-0.10|0.00|-0.05|-0.05|-0.05|0.00|0.00|88906.00|355.00
0.912773609161377|0.09|-0.00|-0.00|-0.01|0.04|0.00|0.00|-0.16|0.00|-0.00|0.00|-0.01|0.00|0.00|0.00|-19.85|-0.03|0.00|-0.05|-0.05|-0.05|0.00|0.00|86048.00|351.00
1.0643751621246338|0.10|0.00|-0.00|0.21|-0.04|0.00|0.00|-0.03|-0.00|-0.00|-0.00|0.03|-0.00|0.00|0.00|-24.23|-0.17|0.00|-0.05|-0.04|-0.05|0.00|0.00|82462.00|326.00
1.2040274143218994|0.09|0.00|0.00|-0.16|0.03|0.00|0.00|0.05|0.00|0.00|0.00|0.00|0.00|0.00|0.00|-16.52|0.17|0.00|-0.05|-0.04|-0.05|0.00|0.00|79984.00|351.00
1.351595401763916|0.10|-0.00|0.00|-0.01|0.01|0.00|0.00|-0.06|-0.00|-0.00|0.00|0.00|0.00|0.00|0.00|-24.56|-0.43|0.00|-0.05|-0.04|-0.05|0.00|0.00|76497.00|290.00
1.5031957626342773|0.09|-0.00|-0.00|0.01|-0.01|0.00|0.00|-0.02|0.01|-0.00|-0.00|0.00|0.00|0.00|0.00|-27.79|1.02|0.00|-0.05|-0.04|-0.05|0.00|0.00|72357.00|442.00
1.645782232284546|0.10|-0.00|0.00|0.02|0.02|0.00|0.00|-0.00|-0.01|-0.00|0.00|0.01|0.01|0.00|0.00|-27.83|0.07|0.00|-0.05|-0.04|-0.05|0.00|0.00|68266.00|453.00
1.7974200248718262|0.09|-0.00|-0.00|-0.07|-0.05|0.00|0.00|0.11|0.00|-0.00|-0.00|-0.00|-0.00|0.00|0.00|-11.69|0.09|0.00|-0.05|-0.04|-0.05|0.00|0.00|66559.00|466.00
1.945023775100708|0.10|0.00|0.00|0.00|-0.02|0.00|0.00|0.07|-0.00|-0.00|0.00|-0.00|-0.00|0.00|0.00|-1.92|-0.19|0.00|-0.05|-0.04|-0.05|0.00|0.00|66273.00|438.00
2.084665298461914|0.09|0.00|-0.00|0.04|0.05|0.00|0.00|0.06|0.00|-0.00|0.00|0.00|0.00|0.00|0.00|6.46|0.39|0.00|-0.05|-0.04|-0.05|0.00|0.00|67229.00|495.00
2.232238531112671|0.09|0.00|-0.00|0.02|0.01|0.00|0.00|-0.05|-0.00|-0.00|0.00|0.01|0.00|0.00|0.00|-0.87|0.14|0.00|-0.05|-0.04|-0.05|0.00|0.00|67106.00|515.00
2.374828577041626|0.08|-0.00|-0.00|0.02|0.01|0.00|0.00|-0.04|0.00|-0.00|-0.00|0.01|0.01|0.00|0.00|-6.51|0.51|0.00|-0.05|-0.04|-0.05|0.00|0.00|66168.00|589.00
2.5224368572235107|0.10|-0.00|0.00|-0.04|-0.05|0.00|0.00|0.02|-0.00|-0.00|-0.00|0.00|-0.00|0.00|0.00|-4.12|0.21|0.00|-0.05|-0.04|-0.05|0.00|0.00|65567.00|619.00
2.6660993099212646|0.10|0.00|0.00|-0.01|0.01|0.00|0.00|0.02|0.00|-0.00|-0.00|0.00|0.00|0.00|0.00|-0.46|0.52|0.00|-0.05|-0.04|-0.05|0.00|0.00|65500.00|696.00
2.8098433017730713|0.09|-0.00|0.00|0.04|0.01|0.00|0.00|0.00|0.00|-0.00|0.00|0.01|0.00|0.00|0.00|-0.43|0.74|0.00|-0.05|-0.04|-0.05|0.00|0.00|65439.00|802.00
2.9565932750701904|0.08|0.00|0.00|-0.04|0.05|0.00|0.00|-0.00|-0.01|-0.00|0.00|0.00|0.01|0.00|0.00|-0.49|-0.35|0.00|-0.05|-0.04|-0.05|0.00|0.00|65368.00|752.00
3.1041274070739746|0.11|-0.00|-0.00|0.04|0.00|0.00|0.00|-0.08|-0.01|-0.00|0.00|0.01|0.01|0.00|0.00|-12.79|-1.10|0.00|-0.05|-0.04|-0.05|0.00|0.00|63514.00|593.00
3.247814655303955|0.09|0.00|0.00|-0.03|-0.02|0.00|0.00|0.09|0.01|-0.00|0.00|0.00|0.01|0.00|0.00|-0.02|0.15|0.00|-0.05|-0.04|-0.05|0.00|0.00|63511.00|615.00
3.3953194618225098|0.11|-0.00|-0.00|-0.01|-0.03|0.00|0.00|0.00|-0.00|-0.00|0.00|0.00|0.00|0.00|0.00|-0.01|0.07|0.00|-0.05|-0.04|-0.05|0.00|0.00|63509.00|625.00
3.5389442443847656|0.09|0.00|-0.00|0.00|-0.00|0.00|0.00|0.00|-0.00|-0.00|0.00|0.00|0.00|0.00|0.00|0.01|-0.10|0.00|-0.05|-0.04|-0.05|0.00|0.00|63510.00|611.00
3.681600332260132|0.09|0.00|-0.00|-0.00|-0.02|0.00|0.00|0.00|0.00|-0.00|0.00|0.00|-0.00|0.00|0.00|0.03|0.08|0.00|-0.05|-0.04|-0.05|0.00|0.00|63514.00|623.00
3.8291513919830322|0.12|-0.01|-0.01|0.00|0.03|0.00|0.00|0.00|-0.00|-0.00|-0.00|0.00|0.00|0.00|0.00|0.16|0.05|0.00|-0.05|-0.04|-0.05|0.00|0.00|63537.00|630.00
3.97282338142395|0.09|0.00|0.00|0.00|0.00|0.00|0.00|-0.00|0.00|-0.00|-0.00|0.00|0.00|0.00|0.00|0.09|0.13|0.00|-0.05|-0.04|-0.05|0.00|0.00|63550.00|649.00
4.1164023876190186|0.11|0.01|-0.01|0.00|0.00|0.00|0.00|-0.00|-0.00|-0.00|-0.00|0.00|0.00|0.00|0.00|0.02|-0.06|0.00|-0.05|-0.04|-0.04|0.00|0.00|63553.00|641.00
4.263670921325684|0.08|-0.00|0.02|-0.00|0.03|0.00|0.00|-0.00|0.00|-0.00|0.00|0.00|0.01|0.00|0.00|-0.12|0.11|0.00|-0.05|-0.04|-0.04|0.00|0.00|63536.00|657.00
4.40723991394043|0.09|-0.20|0.06|-0.01|0.06|0.00|0.00|-0.06|-0.00|-0.03|0.01|0.00|0.02|0.00|0.00|-8.94|0.01|-0.00|-0.05|-0.04|-0.04|0.00|0.00|62240.00|658.00
4.5580644607543945|0.12|-0.03|0.17|-0.00|-0.12|0.00|0.00|-0.15|-0.00|-0.03|0.03|0.00|-0.00|0.00|0.00|-30.95|-0.52|-0.01|-0.05|-0.04|-0.04|0.00|0.00|57691.00|582.00
4.709392070770264|0.11|-0.09|-0.07|0.01|-0.00|0.00|0.00|-0.00|0.01|-0.05|0.02|0.00|-0.00|0.00|0.00|-31.12|0.40|-0.02|-0.04|-0.04|-0.04|0.00|0.00|52992.00|642.00
4.853077411651611|0.10|0.03|-0.11|0.00|0.04|0.00|0.00|0.21|-0.00|-0.04|0.01|0.00|0.00|0.00|0.00|-0.45|0.03|-0.02|-0.04|-0.04|-0.04|0.00|0.00|52925.00|647.00
5.0006186962127686|0.08|-0.24|0.13|-0.00|-0.01|0.00|0.00|-0.03|-0.00|-0.08|0.03|0.00|0.00|0.00|0.00|-5.01|-0.38|-0.03|-0.04|-0.03|-0.04|0.00|0.00|52198.00|592.00
5.152193307876587|0.09|0.39|0.06|-0.00|-0.03|0.00|0.00|-0.10|0.00|-0.02|0.03|0.00|-0.00|0.00|0.00|-20.02|-0.37|-0.04|-0.03|-0.03|-0.04|0.00|0.00|49235.00|537.00
5.2958455085754395|0.11|0.22|-0.12|0.00|-0.01|0.00|0.00|0.08|0.01|0.01|0.02|0.00|-0.00|0.00|0.00|-8.67|0.47|-0.03|-0.03|-0.03|-0.04|0.00|0.00|47935.00|608.00
5.443440914154053|0.09|-0.04|-0.03|-0.01|0.04|0.00|0.00|0.06|-0.00|0.01|0.01|0.00|0.00|0.00|0.00|-0.03|0.00|-0.03|-0.03|-0.03|-0.04|0.00|0.00|47931.00|608.00
5.5900537967681885|0.09|-0.11|0.11|-0.01|-0.06|0.00|0.00|-0.02|-0.00|-0.01|0.03|-0.00|-0.01|0.00|0.00|-3.33|0.15|-0.03|-0.03|-0.03|-0.04|0.00|0.00|47448.00|630.00
5.741661787033081|0.10|0.09|-0.06|0.01|-0.00|0.00|0.00|-0.05|0.00|0.00|0.02|0.00|-0.01|0.00|0.00|-11.47|0.40|-0.03|-0.02|-0.03|-0.04|2360.00|12.00|45727.00|690.00
5.8932785987854|0.12|0.04|-0.06|0.00|0.05|0.00|0.00|0.08|-0.00|0.01|0.01|0.00|0.00|27.80|-0.32|-0.04|0.05|-0.03|-0.02|-0.03|-0.04|6558.00|-37.00|45721.00|698.00
6.048926830291748|0.11|0.04|-0.08|-0.00|-0.00|-0.17|-0.00|0.00|-0.00|0.02|-0.00|0.00|0.00|2.48|-0.76|-0.01|0.02|-0.03|-0.02|-0.03|-0.04|6933.00|-152.00|45720.00|701.00
6.200421571731567|0.09|-0.21|0.02|0.00|-0.00|0.01|0.01|-0.00|0.00|-0.02|0.00|0.00|0.00|4.28|0.31|-0.16|0.03|-0.03|-0.02|-0.03|-0.04|7601.00|-103.00|45695.00|705.00
6.357038736343384|0.11|0.10|-0.03|-0.00|0.01|0.03|-0.01|0.00|-0.00|-0.00|-0.00|0.00|0.00|8.16|-0.48|-0.07|-0.02|-0.03|-0.02|-0.03|-0.04|8833.00|-176.00|45684.00|702.00
6.511578321456909|0.09|0.07|-0.01|-0.00|0.01|-0.05|0.00|0.00|0.00|0.01|-0.00|0.00|0.00|0.40|-0.23|-0.03|-0.01|-0.03|-0.02|-0.03|-0.04|8896.00|-212.00|45680.00|700.00
6.668203115463257|0.11|-0.00|0.02|0.00|0.04|0.00|-0.00|-0.00|-0.00|0.01|-0.00|0.00|0.01|0.75|-0.52|-0.06|-0.03|-0.03|-0.02|-0.03|-0.04|9010.00|-291.00|45671.00|695.00
6.819764614105225|0.09|-0.10|0.05|0.00|-0.05|0.08|0.01|-0.05|0.00|-0.01|0.01|0.00|0.00|12.41|0.88|-8.25|0.17|-0.03|-0.02|-0.03|-0.04|10933.00|-154.00|44393.00|721.00
6.97938346862793|0.12|0.15|-0.14|-0.00|-0.00|-0.01|-0.01|0.01|0.00|0.01|-0.01|0.00|0.00|11.13|-0.30|-6.82|0.19|-0.03|-0.02|-0.03|-0.04|12658.00|-201.00|43336.00|750.00
7.134964227676392|0.10|-0.07|0.02|0.00|0.00|-0.07|0.00|0.04|-0.00|0.00|-0.01|0.00|0.00|0.42|-0.24|-0.06|-0.02|-0.03|-0.02|-0.03|-0.04|12723.00|-239.00|43327.00|747.00
7.290550470352173|0.10|-0.02|0.08|-0.01|0.06|-0.00|0.00|0.00|-0.00|-0.00|0.00|-0.00|0.01|0.00|0.00|0.37|-0.07|-0.03|-0.02|-0.03|-0.04|12723.00|-239.00|43384.00|736.00
7.442190170288086|0.09|0.03|0.02|0.01|-0.05|-0.00|0.00|-0.02|0.00|0.00|0.00|0.00|0.00|0.07|0.26|-2.28|0.08|-0.03|-0.02|-0.03|-0.04|12734.00|-199.00|43029.00|748.00
7.597827911376953|0.10|-0.01|-0.05|0.01|-0.00|-0.00|-0.00|-0.02|0.00|0.00|-0.00|0.00|0.00|0.01|-0.05|-4.58|0.21|-0.03|-0.02|-0.03|-0.04|12735.00|-207.00|42338.00|779.00
7.7532958984375|0.12|-0.01|0.02|-0.00|0.01|-0.00|0.00|0.03|-0.00|0.00|0.00|0.00|0.01|0.01|0.00|-0.38|-0.04|-0.03|-0.02|-0.03|-0.04|12736.00|-207.00|42278.00|773.00
7.908881187438965|0.09|-0.00|0.02|-0.00|-0.01|0.00|0.00|-0.01|0.00|-0.00|0.00|0.00|0.00|0.01|0.02|-2.60|-0.02|-0.03|-0.02|-0.03|-0.04|12737.00|-204.00|41875.00|770.00
8.060495138168335|0.10|0.00|-0.02|-0.00|-0.01|0.01|0.00|-0.02|0.00|-0.00|0.00|0.00|0.00|1.60|0.09|-5.42|0.20|-0.03|-0.02|-0.03|-0.04|12983.00|-190.00|41041.00|801.00
8.216085433959961|0.09|0.02|-0.02|-0.00|0.00|0.01|0.00|0.01|-0.00|0.00|-0.00|0.00|0.00|3.66|0.16|-4.05|0.00|-0.03|-0.02|-0.03|-0.04|13546.00|-165.00|40418.00|801.00
8.367721557617188|0.10|-0.02|0.03|-0.00|0.00|-0.02|-0.00|0.01|-0.00|0.00|0.00|0.00|0.00|0.04|0.03|-2.23|-0.09|-0.03|-0.02|-0.03|-0.03|13552.00|-160.00|40077.00|787.00
8.523212909698486|0.12|0.00|-0.01|0.00|0.00|-0.00|0.00|-0.04|-0.00|0.00|0.00|0.00|0.00|0.01|0.05|-9.06|-0.16|-0.03|-0.02|-0.03|-0.03|13554.00|-153.00|38672.00|762.00
8.678842544555664|0.08|0.00|-0.00|-0.00|0.01|-0.00|-0.00|0.05|0.00|0.00|0.00|0.00|0.00|-0.02|0.01|-1.01|-0.01|-0.03|-0.02|-0.03|-0.03|13551.00|-152.00|38517.00|761.00
8.834421396255493|0.11|-0.00|0.01|0.00|-0.01|-0.05|-0.00|0.03|-0.00|0.00|0.00|0.00|0.00|-7.12|-0.09|3.81|-0.06|-0.03|-0.02|-0.03|-0.03|12447.00|-166.00|39107.00|751.00
8.990009546279907|0.09|-0.02|0.01|0.01|0.04|-0.09|-0.00|0.13|0.00|-0.00|0.00|0.00|0.01|-20.99|-0.52|24.30|-0.04|-0.03|-0.02|-0.03|-0.03|9172.00|-247.00|42898.00|745.00
9.149587392807007|0.09|0.02|-0.02|-0.01|-0.05|0.07|0.00|-0.06|-0.00|0.00|0.00|0.00|-0.00|-10.23|-0.08|15.43|-0.09|-0.03|-0.02|-0.03|-0.03|7587.00|-260.00|45289.00|731.00
9.309162139892578|0.08|0.01|0.02|-0.00|-0.00|-0.01|-0.00|-0.10|0.00|0.00|0.00|0.00|-0.00|-11.08|-0.09|-0.08|-0.03|-0.03|-0.02|-0.03|-0.03|5825.00|-275.00|45276.00|727.00
9.469725847244263|0.11|-0.00|-0.02|-0.00|-0.01|0.01|-0.00|-0.01|-0.00|0.00|-0.00|-0.00|-0.00|-9.58|-0.13|-1.69|-0.04|-0.03|-0.02|-0.03|-0.03|4312.00|-296.00|45009.00|720.00
9.629306077957153|0.09|-0.01|0.01|-0.01|-0.00|-0.00|-0.00|-0.04|0.00|0.00|0.00|-0.00|-0.00|-10.08|-0.24|-8.01|-0.01|-0.03|-0.02|-0.03|-0.03|2689.00|-334.00|43720.00|719.00
9.780855417251587|0.11|-0.01|0.00|-0.02|0.02|0.06|0.00|0.01|0.00|0.00|0.00|-0.00|0.00|-0.78|0.05|-6.41|0.17|-0.03|-0.02|-0.03|-0.03|2564.00|-326.00|42695.00|746.00
9.940477132797241|0.10|-0.00|-0.02|0.02|-0.04|0.01|0.00|-0.04|-0.00|-0.00|-0.00|-0.00|-0.00|-0.01|0.13|-13.11|-0.01|-0.03|-0.02|-0.03|-0.03|2562.00|-307.00|40703.00|744.00
10.1000497341156|0.10|-0.02|-0.00|0.02|0.01|0.00|-0.00|-0.09|-0.00|-0.00|-0.00|0.00|-0.00|0.01|0.09|-26.83|-0.27|-0.03|-0.02|-0.03|-0.03|2564.00|-292.00|36383.00|701.00
10.255588293075562|0.10|0.02|0.02|-0.01|0.03|0.00|-0.00|0.10|0.00|0.00|0.00|-0.00|0.00|0.31|-0.15|-11.81|-0.10|-0.03|-0.02|-0.03|-0.03|2613.00|-316.00|34529.00|686.00
10.407235145568848|0.09|0.00|-0.01|0.02|-0.02|0.00|0.00|0.04|0.00|0.00|-0.00|0.00|-0.00|0.47|0.18|-4.95|0.13|-0.03|-0.02|-0.03|-0.03|2686.00|-289.00|33766.00|706.00
10.56287431716919|0.11|-0.00|-0.00|-0.01|0.00|0.05|0.00|-0.01|-0.00|-0.00|-0.00|0.00|-0.00|7.66|0.50|-6.22|0.01|-0.03|-0.02|-0.03|-0.03|3858.00|-213.00|32814.00|708.00
10.71849513053894|0.10|-0.01|0.02|-0.00|0.00|-0.04|-0.00|-0.02|0.00|-0.00|0.00|0.00|-0.00|0.83|0.12|-8.83|0.02|-0.03|-0.02|-0.03|-0.04|3987.00|-194.00|31446.00|711.00
10.874024868011475|0.10|0.01|-0.02|0.01|-0.01|-0.00|-0.00|0.01|-0.00|0.00|-0.00|0.00|-0.00|0.12|0.10|-7.77|0.01|-0.03|-0.02|-0.03|-0.04|4006.00|-178.00|30242.00|713.00
11.025569677352905|0.10|0.00|-0.01|-0.00|0.02|-0.00|-0.00|0.05|-0.00|0.00|-0.00|0.00|0.00|0.00|0.09|0.03|-0.02|-0.03|-0.02|-0.03|-0.04|4006.00|-164.00|30246.00|710.00
11.181164979934692|0.10|0.01|0.01|-0.00|0.00|-0.00|-0.00|-0.00|0.00|0.00|-0.00|0.00|0.00|-3.21|0.00|0.00|-0.01|-0.03|-0.02|-0.03|-0.04|3515.00|-164.00|30246.00|709.00
11.340690851211548|0.12|-0.05|0.01|-0.00|-0.00|-0.07|-0.00|-0.00|0.00|-0.01|0.00|0.00|0.00|-13.50|-0.38|-0.45|0.00|-0.03|-0.02|-0.03|-0.04|1436.00|-222.00|30177.00|709.00
11.492377519607544|0.10|0.07|-0.04|0.00|-0.01|0.08|0.00|-0.00|0.00|0.00|-0.01|0.00|-0.00|-1.18|0.15|-0.66|0.03|-0.03|-0.02|-0.03|-0.04|1249.00|-199.00|30072.00|714.00
11.648017883300781|0.09|-0.01|0.06|0.00|0.04|0.01|-0.00|0.00|-0.00|0.00|0.00|0.00|0.00|-0.01|0.06|-0.01|-0.01|-0.03|-0.02|-0.03|-0.03|1247.00|-190.00|30071.00|712.00
11.79949951171875|0.11|-0.04|0.00|0.00|-0.02|0.01|-0.00|-0.00|0.00|-0.00|0.00|0.00|0.00|1.23|0.01|-0.01|0.01|-0.03|-0.02|-0.03|-0.03|1435.00|-188.00|30070.00|713.00
11.955090761184692|0.09|0.03|-0.02|-0.00|-0.01|0.10|0.00|-0.02|-0.00|0.00|0.00|0.00|-0.00|16.98|0.68|-2.90|-0.32|-0.03|-0.02|-0.03|-0.03|4016.00|-84.00|29629.00|665.00
12.102705240249634|0.08|0.00|0.02|0.00|0.02|0.01|-0.00|0.01|0.00|0.00|0.00|0.00|0.00|18.59|0.53|-0.64|0.03|-0.03|-0.02|-0.03|-0.03|6916.00|-1.00|29529.00|670.00
12.250312089920044|0.10|-0.00|-0.02|0.01|0.01|-0.07|-0.00|0.00|0.00|0.00|0.00|0.00|0.00|8.05|0.28|0.00|0.08|-0.03|-0.02|-0.03|-0.03|8100.00|40.00|29529.00|682.00
12.405901432037354|0.11|-0.00|-0.00|-0.01|-0.04|-0.02|-0.00|0.00|0.00|0.00|0.00|0.00|-0.00|4.97|0.21|-3.23|0.32|-0.03|-0.02|-0.03|-0.03|8840.00|71.00|29047.00|729.00
12.553487062454224|0.10|0.00|0.01|-0.00|0.02|0.01|0.00|0.01|-0.00|0.00|0.00|0.00|0.00|5.89|0.29|-1.45|0.13|-0.03|-0.02|-0.03|-0.03|9736.00|115.00|28826.00|749.00
12.705100774765015|0.11|0.00|-0.00|0.00|-0.00|-0.02|-0.00|0.01|-0.00|0.00|0.00|0.00|0.00|3.23|0.13|-0.07|0.04|-0.03|-0.02|-0.03|-0.03|10220.00|134.00|28816.00|755.00
12.860681056976318|0.10|0.00|-0.01|0.01|-0.01|-0.01|-0.00|0.00|0.00|0.00|-0.00|0.00|-0.00|1.43|0.04|0.29|0.08|-0.03|-0.02|-0.03|-0.03|10437.00|140.00|28860.00|767.00
13.016215562820435|0.10|0.03|-0.02|-0.01|-0.03|-0.01|-0.00|0.04|-0.00|0.01|-0.00|0.00|-0.00|0.03|0.00|6.98|0.00|-0.03|-0.02|-0.03|-0.03|10441.00|140.00|29928.00|767.00
13.1678147315979|0.10|-0.06|0.04|0.00|0.02|-0.00|-0.00|0.02|-0.00|-0.00|0.00|0.00|-0.00|-0.24|0.04|9.33|-0.31|-0.03|-0.02|-0.03|-0.03|10403.00|146.00|31384.00|719.00
13.331456422805786|0.10|0.01|-0.01|-0.00|0.01|-0.01|-0.00|-0.01|-0.00|-0.00|-0.00|-0.00|-0.00|-2.23|-0.09|8.47|-0.34|-0.03|-0.02|-0.03|-0.03|10059.00|132.00|32688.00|666.00
13.487029552459717|0.10|-0.02|0.00|-0.00|-0.00|-0.01|-0.00|0.03|0.00|-0.00|0.00|-0.00|-0.00|-3.21|-0.16|13.76|-0.26|-0.03|-0.02|-0.03|-0.03|9545.00|107.00|34889.00|625.00
13.642547607421875|0.09|0.03|-0.00|0.00|-0.01|0.01|0.00|-0.03|0.00|0.00|-0.00|-0.00|-0.00|-1.14|-0.04|9.36|0.08|-0.03|-0.02|-0.03|-0.04|9363.00|101.00|36377.00|637.00
13.794182538986206|0.10|-0.00|0.01|0.00|0.02|0.00|0.00|-0.06|-0.00|-0.00|0.00|0.00|0.00|-0.96|-0.03|0.01|0.02|-0.03|-0.02|-0.03|-0.04|9216.00|96.00|36379.00|640.00
13.94578504562378|0.09|0.01|-0.01|0.00|0.00|0.00|-0.00|-0.00|-0.00|0.00|0.00|0.00|0.00|-0.48|-0.09|-0.31|0.00|-0.03|-0.02|-0.03|-0.04|9143.00|82.00|36332.00|640.00
14.101370334625244|0.11|0.00|-0.01|-0.00|-0.01|0.00|-0.00|0.00|-0.00|0.00|-0.00|0.00|-0.00|-0.30|-0.11|-0.02|-0.01|-0.03|-0.02|-0.03|-0.04|9097.00|65.00|36329.00|639.00
14.252965927124023|0.07|-0.00|0.01|-0.00|0.01|0.00|0.00|0.00|0.00|0.00|0.00|0.00|0.00|-0.06|-0.03|0.00|-0.01|-0.03|-0.02|-0.03|-0.04|9087.00|60.00|36329.00|638.00
14.404584407806396|0.10|-0.00|-0.01|-0.00|-0.00|0.00|-0.00|0.00|0.00|0.00|0.00|0.00|0.00|-0.04|-0.07|0.00|0.00|-0.03|-0.02|-0.03|-0.03|9081.00|50.00|36329.00|638.00
14.556137561798096|0.09|0.00|-0.00|0.00|-0.00|-0.00|-0.00|0.00|0.00|0.00|-0.00|0.00|-0.00|-0.34|-0.07|0.00|0.00|-0.03|-0.02|-0.03|-0.03|9030.00|39.00|36329.00|638.00
14.707743406295776|0.09|-0.01|0.00|0.00|0.00|-0.02|-0.00|0.00|0.00|0.00|-0.00|0.00|0.00|-3.88|-0.10|0.00|0.00|-0.03|-0.02|-0.03|-0.03|8436.00|24.00|36329.00|638.00
14.85934567451477|0.09|0.02|0.00|0.00|0.00|-0.06|-0.00|0.00|0.00|0.00|0.00|0.00|0.00|-12.71|-0.19|1.82|-0.03|-0.03|-0.02|-0.03|-0.03|6529.00|-4.00|36602.00|633.00
15.010928630828857|0.09|-0.01|0.01|-0.01|-0.01|0.08|0.00|-0.01|0.00|0.00|0.00|0.00|-0.00|-0.75|-0.05|0.20|0.01|-0.03|-0.02|-0.03|-0.03|6416.00|-12.00|36632.00|635.00
15.162915706634521|0.09|-0.01|-0.00|0.00|0.01|0.01|0.00|-0.00|0.00|0.00|0.00|0.00|0.00|0.06|-0.03|0.00|0.08|-0.02|-0.02|-0.03|-0.03|6425.00|-17.00|36632.00|647.00
15.318501472473145|0.10|-0.00|-0.01|-0.00|-0.00|-0.00|0.00|-0.00|-0.00|0.00|-0.00|0.00|0.00|0.00|-0.02|0.01|0.00|-0.02|-0.02|-0.03|-0.03|6425.00|-20.00|36633.00|647.00
15.474092483520508|0.09|-0.00|0.00|-0.00|-0.00|-0.00|0.00|0.01|-0.00|0.00|-0.00|-0.00|-0.00|0.00|-0.01|0.83|0.01|-0.02|-0.02|-0.03|-0.03|6425.00|-21.00|36762.00|648.00
15.625698328018188|0.09|0.00|0.01|-0.00|-0.00|-0.00|-0.00|0.00|-0.00|0.00|0.00|-0.00|-0.00|-0.01|-0.03|1.32|0.00|-0.02|-0.02|-0.03|-0.03|6423.00|-26.00|36966.00|648.00
15.781286239624023|0.11|0.01|-0.01|0.00|0.00|0.00|-0.00|-0.01|-0.00|0.00|0.00|-0.00|-0.00|0.06|-0.13|0.39|-0.05|-0.02|-0.02|-0.03|-0.03|6433.00|-46.00|37026.00|640.00
15.932875633239746|0.09|-0.02|-0.01|0.00|0.00|0.00|-0.00|-0.00|0.00|-0.00|-0.00|0.00|0.00|0.33|-0.16|0.03|0.10|-0.02|-0.02|-0.03|-0.03|6483.00|-71.00|37030.00|655.00
16.088462591171265|0.09|0.03|-0.01|0.00|-0.00|0.01|0.00|-0.00|-0.00|0.00|-0.00|0.00|-0.00|1.77|-0.10|0.01|0.00|-0.02|-0.02|-0.03|-0.03|6754.00|-86.00|37032.00|655.00
16.24003577232361|0.11|-0.01|0.01|0.00|0.00|-0.01|-0.00|-0.00|-0.00|0.00|-0.00|0.00|0.00|0.66|-0.25|0.00|0.01|-0.02|-0.02|-0.03|-0.03|6855.00|-125.00|37032.00|657.00
16.395619869232178|0.11|0.00|0.03|-0.01|0.00|-0.00|0.00|-0.00|-0.00|0.00|0.00|-0.00|0.00|0.10|-0.25|0.00|0.01|-0.02|-0.02|-0.03|-0.03|6870.00|-163.00|37032.00|658.00
16.551217555999756|0.09|-0.01|-0.03|0.00|-0.01|0.00|0.00|-0.00|-0.00|0.00|-0.00|0.00|-0.00|0.10|-0.24|0.00|0.00|-0.02|-0.02|-0.03|-0.03|6886.00|-199.00|37032.00|658.00
16.702905893325806|0.09|0.01|-0.00|-0.00|0.00|-0.00|0.00|-0.00|-0.00|0.00|-0.00|0.00|0.00|0.09|-0.07|0.00|0.00|-0.02|-0.02|-0.03|-0.03|6900.00|-210.00|37032.00|658.00
16.85840678215027|0.09|-0.01|0.01|0.00|-0.00|-0.00|-0.00|-0.00|-0.00|0.00|0.00|0.00|-0.00|0.03|-0.08|0.00|0.00|-0.02|-0.02|-0.03|-0.03|6904.00|-222.00|37032.00|658.00
17.013993501663208|0.09|0.00|-0.01|0.00|0.00|0.00|-0.00|-0.00|-0.00|0.00|-0.00|0.00|0.00|0.06|-0.14|0.00|0.00|-0.02|-0.02|-0.03|-0.03|6913.00|-243.00|37032.00|658.00
17.165569305419922|0.09|-0.01|0.01|-0.00|0.00|-0.00|0.00|-0.00|-0.00|-0.00|0.00|0.00|0.00|0.04|-0.06|0.00|0.00|-0.02|-0.02|-0.03|-0.03|6919.00|-252.00|37032.00|658.00
17.321159601211548|0.09|-0.02|0.02|0.00|-0.00|-0.00|-0.00|-0.00|-0.00|-0.00|0.00|0.00|-0.00|0.03|-0.07|0.00|0.00|-0.02|-0.02|-0.03|-0.03|6923.00|-263.00|37032.00|658.00
17.480743646621704|0.11|0.02|-0.04|-0.00|-0.00|0.00|-0.00|-0.00|-0.00|0.00|-0.00|-0.00|-0.00|0.08|-0.17|0.00|0.00|-0.02|-0.02|-0.03|-0.03|6936.00|-289.00|37032.00|658.00
17.632293462753296|0.09|0.00|0.00|0.00|0.01|-0.00|0.00|-0.00|-0.00|0.00|-0.00|-0.00|-0.00|0.08|-0.13|0.00|0.00|-0.02|-0.02|-0.03|-0.03|6949.00|-310.00|37032.00|658.00
17.791914463043213|0.10|-0.00|-0.01|-0.00|-0.01|0.00|-0.00|-0.00|-0.00|0.00|-0.00|-0.00|-0.00|0.12|-0.15|0.00|0.00|-0.02|-0.02|-0.03|-0.03|6967.00|-333.00|37032.00|658.00
17.947455167770386|0.09|0.01|0.00|0.00|-0.00|-0.00|0.00|-0.00|-0.00|0.00|-0.00|0.00|-0.00|0.00|-0.04|0.00|0.00|-0.02|-0.02|-0.03|-0.04|6967.00|-340.00|37032.00|658.00
18.10308337211609|0.09|-0.01|0.01|0.00|0.01|-0.00|-0.00|-0.00|-0.00|-0.00|-0.00|0.00|-0.00|0.03|-0.05|0.00|0.00|-0.02|-0.02|-0.03|-0.04|6972.00|-348.00|37032.00|658.00
18.25467538833618|0.10|-0.00|0.00|-0.00|0.00|-0.00|0.00|-0.00|-0.00|-0.00|0.00|-0.00|0.00|0.01|0.01|0.00|0.00|-0.02|-0.02|-0.03|-0.04|6974.00|-346.00|37032.00|658.00
18.41025996208191|0.09|-0.02|0.01|0.01|0.00|-0.00|-0.00|-0.00|-0.00|-0.00|0.00|0.00|0.00|0.00|0.00|0.00|0.00|-0.02|-0.02|-0.03|-0.04|6974.00|-346.00|37032.00|658.00
18.565877676010132|0.10|0.03|-0.02|-0.00|-0.01|-0.00|-0.00|-0.00|-0.00|0.00|-0.00|-0.00|-0.00|0.68|0.34|0.00|0.00|-0.02|-0.02|-0.03|-0.04|7079.00|-294.00|37032.00|658.00
18.721380949020386|0.11|-0.01|0.01|-0.00|0.00|-0.00|-0.00|-0.00|-0.00|0.00|0.00|-0.00|0.00|0.25|-0.17|0.00|0.00|-0.02|-0.02|-0.03|-0.04|7119.00|-320.00|37032.00|658.00
18.877962589263916|0.11|0.02|-0.01|0.00|-0.00|-0.00|0.00|-0.00|-0.00|0.00|-0.00|-0.00|0.00|0.11|-0.13|0.00|0.00|-0.02|-0.02|-0.03|-0.04|7136.00|-340.00|37032.00|658.00
19.032590866088867|0.09|-0.02|-0.00|0.00|0.00|0.00|-0.00|-0.00|-0.00|0.00|-0.00|0.00|0.00|0.22|-0.13|0.00|0.00|-0.02|-0.02|-0.03|-0.03|7170.00|-361.00|37032.00|658.00
19.185179471969604|0.09|-0.00|0.01|-0.00|-0.00|-0.00|0.00|-0.00|-0.00|0.00|0.00|-0.00|0.00|0.04|-0.04|0.00|0.00|-0.02|-0.02|-0.03|-0.03|7176.00|-367.00|37032.00|658.00
19.340763092041016|0.10|0.00|-0.01|0.00|-0.00|-0.00|-0.00|-0.00|-0.00|0.00|0.00|0.00|-0.00|0.03|-0.05|0.00|0.00|-0.02|-0.02|-0.03|-0.03|7181.00|-374.00|37032.00|658.00
19.49635624885559|0.10|0.00|-0.00|0.00|-0.00|-0.00|0.00|-0.00|-0.00|0.00|-0.00|0.00|-0.00|0.01|-0.02|0.00|0.00|-0.02|-0.02|-0.03|-0.03|7182.00|-377.00|37032.00|658.00
19.652045726776123|0.10|-0.01|0.00|0.00|-0.00|-0.00|0.00|-0.00|-0.00|-0.00|-0.00|0.00|-0.00|0.00|0.00|0.00|0.00|-0.02|-0.02|-0.03|-0.03|7182.00|-377.00|37032.00|658.00
19.807578325271606|0.10|0.00|0.01|-0.00|-0.01|-0.00|0.00|-0.00|-0.00|-0.00|0.00|-0.00|-0.00|0.00|0.00|0.00|0.00|-0.02|-0.02|-0.03|-0.04|7182.00|-377.00|37032.00|658.00
19.9591224193573|0.10|0.01|-0.01|0.00|0.01|-0.00|0.00|-0.00|-0.00|0.00|-0.00|0.00|0.00|0.00|0.00|0.03|-0.03|-0.02|-0.02|-0.03|-0.04|7182.00|-377.00|37036.00|653.00
20.110716104507446|0.10|0.03|0.05|0.03|-0.01|-0.00|0.00|0.00|0.00|0.01|0.01|0.00|-0.00|0.32|0.05|0.03|0.03|-0.02|-0.02|-0.03|-0.04|7231.00|-370.00|37041.00|658.00
20.26231551170349|0.11|-0.05|-0.03|-0.03|0.01|0.04|0.00|-0.00|0.00|-0.00|0.00|0.00|0.00|6.78|0.09|0.03|0.10|-0.02|-0.02|-0.03|-0.04|8248.00|-357.00|37045.00|673.00
20.41790270805359|0.09|0.01|-0.02|-0.01|-0.03|-0.03|0.00|0.00|-0.00|-0.00|-0.00|-0.00|-0.00|2.16|0.11|0.28|0.04|-0.02|-0.02|-0.03|-0.04|8574.00|-341.00|37088.00|679.00
20.569494485855103|0.11|0.01|-0.01|0.01|0.03|-0.01|-0.00|0.02|0.00|0.00|-0.00|0.00|0.00|0.20|0.00|3.76|0.15|-0.02|-0.02|-0.03|-0.04|8605.00|-341.00|37678.00|703.00
20.725080490112305|0.11|-0.02|0.01|0.01|-0.01|0.01|-0.00|-0.01|-0.00|-0.00|-0.00|0.00|-0.00|1.19|0.01|1.50|-0.01|-0.02|-0.02|-0.03|-0.04|8785.00|-339.00|37904.00|701.00
20.88072919845581|0.12|0.02|-0.01|-0.01|0.01|0.00|0.00|0.09|-0.00|0.00|-0.00|-0.00|-0.00|1.25|0.05|16.19|-0.46|-0.02|-0.02|-0.03|-0.04|8978.00|-331.00|40413.00|629.00
21.032247304916382|0.09|-0.00|0.01|0.00|0.00|0.00|0.00|-0.04|0.00|0.00|-0.00|0.00|-0.00|1.85|0.06|10.33|-0.20|-0.02|-0.02|-0.03|-0.04|9266.00|-322.00|42025.00|598.00
21.187834978103638|0.11|-0.01|0.01|-0.00|0.00|0.02|0.00|-0.06|0.00|-0.00|0.00|-0.00|-0.00|4.17|0.13|1.51|-0.03|-0.02|-0.02|-0.03|-0.04|9900.00|-302.00|42255.00|593.00
21.343435287475586|0.11|0.01|-0.02|-0.00|0.00|-0.03|-0.00|-0.01|0.00|0.00|-0.00|-0.00|0.00|0.06|-0.01|0.17|-0.02|-0.02|-0.02|-0.03|-0.04|9910.00|-303.00|42281.00|590.00
21.499018669128418|0.09|-0.01|0.02|0.00|0.00|-0.00|0.00|0.00|-0.00|-0.00|0.00|-0.00|0.00|0.01|0.00|0.25|-0.07|-0.02|-0.02|-0.03|-0.04|9911.00|-303.00|42321.00|579.00
21.65067410469055|0.10|0.01|-0.02|-0.00|0.00|0.00|0.00|0.01|-0.00|0.00|-0.00|-0.00|0.00|0.01|0.01|1.34|-0.24|-0.02|-0.02|-0.03|-0.04|9913.00|-301.00|42525.00|542.00
21.80625891685486|0.09|0.01|0.01|-0.02|-0.02|-0.00|-0.00|0.09|-0.00|0.00|-0.00|-0.00|-0.00|0.00|0.00|15.01|-0.62|-0.02|-0.02|-0.03|-0.04|9913.00|-301.00|44821.00|447.00
21.961758136749268|0.10|0.00|0.01|-0.01|-0.01|-0.00|-0.00|-0.06|0.00|0.00|0.00|-0.00|-0.01|0.09|0.00|5.22|-0.22|-0.02|-0.02|-0.03|-0.04|9928.00|-301.00|45646.00|413.00
22.121345043182373|0.10|-0.00|-0.01|-0.02|-0.02|0.00|-0.00|-0.03|0.00|0.00|-0.00|-0.01|-0.01|0.23|0.01|-0.13|0.01|-0.02|-0.02|-0.03|-0.04|9964.00|-299.00|45626.00|414.00
22.276933193206787|0.10|-0.01|0.01|-0.01|-0.02|-0.00|0.00|-0.08|-0.00|0.00|0.00|-0.01|-0.01|0.01|0.02|-12.81|-0.09|-0.02|-0.02|-0.03|-0.04|9965.00|-296.00|43615.00|400.00
22.436506509780884|0.09|-0.00|-0.03|-0.03|-0.06|0.00|0.00|-0.17|-0.00|0.00|-0.00|-0.01|-0.02|0.01|0.04|-39.87|-0.11|-0.02|-0.02|-0.03|-0.04|9967.00|-290.00|37275.00|383.00
22.59209156036377|0.09|-0.00|0.03|0.03|0.07|-0.00|-0.00|-0.04|0.00|-0.00|0.00|-0.01|-0.01|0.00|0.02|-45.76|0.14|-0.02|-0.02|-0.04|-0.05|9967.00|-287.00|30045.00|405.00
22.75666117668152|0.09|-0.00|0.00|-0.09|-0.06|-0.00|-0.00|-0.06|-0.01|-0.00|0.00|-0.02|-0.02|-0.01|0.00|-55.42|-1.15|-0.02|-0.02|-0.04|-0.05|9966.00|-287.00|21400.00|226.00
22.912247896194458|0.08|0.01|-0.02|-0.06|0.00|0.00|-0.00|-0.09|0.00|0.00|-0.00|-0.03|-0.02|0.00|0.00|-69.25|-1.12|-0.02|-0.02|-0.04|-0.05|9966.00|-287.00|10182.00|45.00
23.06782865524292|0.10|-0.00|0.00|0.03|0.07|0.00|-0.00|-0.07|0.00|0.00|-0.00|-0.03|-0.01|0.00|0.00|-79.56|-0.64|-0.02|-0.02|-0.05|-0.05|9966.00|-287.00|-2150.00|-54.00
23.227404832839966|0.09|0.01|-0.00|0.03|0.01|0.00|-0.00|-0.16|0.00|0.00|-0.00|-0.02|-0.01|0.00|0.00|-104.65|-0.62|-0.02|-0.02|-0.05|-0.05|9966.00|-287.00|-18580.00|-151.00
23.378997802734375|0.11|-0.02|0.01|0.05|0.01|0.00|-0.00|0.54|0.01|-0.00|0.00|-0.02|-0.01|0.00|0.00|-19.53|0.96|-0.02|-0.02|-0.06|-0.05|9966.00|-287.00|-21685.00|1.00
23.538576126098633|0.10|-0.00|-0.02|-0.19|0.01|0.00|-0.00|0.13|-0.00|-0.00|-0.00|-0.05|-0.00|-0.01|0.01|0.20|0.30|-0.02|-0.02|-0.06|-0.06|9965.00|-286.00|-21655.00|46.00
23.694157123565674|0.11|0.00|-0.02|0.36|0.03|-0.00|0.00|-0.00|-0.01|-0.00|-0.00|0.01|0.00|-0.04|0.06|0.06|-0.54|-0.02|-0.02|-0.06|-0.06|9958.00|-276.00|-21646.00|-40.00
23.849744081497192|0.09|0.01|0.04|-0.05|-0.01|-0.03|-0.00|0.00|0.00|0.00|0.00|0.00|-0.00|-4.42|-0.10|0.24|-0.28|-0.02|-0.02|-0.06|-0.06|9269.00|-291.00|-21608.00|-84.00
24.009316205978394|0.12|0.05|-0.01|-0.00|-0.01|-0.03|-0.00|-0.00|-0.01|0.01|-0.00|0.00|-0.00|-9.45|-0.28|0.06|-1.64|-0.02|-0.02|-0.06|-0.06|7804.00|-334.00|-21599.00|-338.00
24.173876762390137|0.09|-0.02|-0.02|-0.01|0.01|-0.04|-0.00|-0.00|0.01|0.01|-0.00|0.00|-0.00|-16.13|-0.49|0.00|-0.09|-0.02|-0.02|-0.06|-0.06|5191.00|-414.00|-21599.00|-352.00
24.333449602127075|0.09|-0.01|-0.01|0.00|-0.00|-0.04|-0.00|-0.00|-0.00|0.00|-0.01|0.00|-0.00|-23.27|-0.57|0.48|-0.14|-0.02|-0.02|-0.06|-0.06|1444.00|-505.00|-21521.00|-375.00
24.49302339553833|0.11|0.03|0.03|0.00|0.00|-0.08|-0.00|-0.00|0.00|0.01|-0.00|0.00|-0.00|-36.69|-0.83|0.01|-0.11|-0.02|-0.02|-0.06|-0.06|-4536.00|-640.00|-21519.00|-393.00
24.6525981426239|0.10|-0.00|0.00|0.00|0.00|0.14|0.00|0.00|-0.00|0.01|-0.00|0.00|-0.00|-14.27|-0.31|0.01|-0.26|-0.02|-0.02|-0.06|-0.06|-6790.00|-689.00|-21517.00|-434.00
24.80819010734558|0.12|0.00|-0.00|0.00|-0.00|0.08|0.00|-0.00|0.00|0.01|-0.00|0.00|-0.00|-1.15|-0.04|0.00|0.01|-0.01|-0.02|-0.06|-0.06|-6971.00|-695.00|-21517.00|-433.00
24.967758417129517|0.09|0.02|-0.01|0.00|-0.00|0.00|0.00|-0.00|0.00|0.01|-0.00|0.00|-0.00|-0.57|-0.01|0.00|0.02|-0.01|-0.02|-0.06|-0.06|-7061.00|-696.00|-21517.00|-430.00
25.123382568359375|0.10|-0.03|0.04|-0.00|0.00|0.00|0.00|-0.00|-0.00|0.00|0.00|0.00|-0.00|-0.02|0.10|0.00|0.00|-0.01|-0.02|-0.06|-0.06|-7064.00|-681.00|-21517.00|-430.00
25.28387761116028|0.09|-0.04|-0.04|-0.00|-0.01|0.00|0.00|-0.00|-0.00|-0.00|-0.00|0.00|-0.00|0.36|0.48|0.00|0.00|-0.01|-0.02|-0.06|-0.06|-7008.00|-606.00|-21517.00|-430.00
25.439483642578125|0.09|0.05|-0.03|-0.00|0.00|-0.00|-0.00|-0.00|-0.00|0.01|-0.01|0.00|-0.00|0.19|0.04|0.00|0.00|-0.01|-0.03|-0.06|-0.06|-6977.00|-599.00|-21517.00|-430.00
25.59512233734131|0.11|-0.04|0.07|-0.00|0.00|0.00|0.00|-0.00|-0.00|0.00|0.00|0.00|-0.00|0.22|0.10|0.00|0.00|-0.01|-0.03|-0.06|-0.06|-6942.00|-583.00|-21517.00|-430.00
25.75474762916565|0.10|-0.00|-0.02|0.00|-0.00|0.01|-0.00|-0.00|-0.00|-0.00|0.00|0.00|-0.00|1.39|0.04|0.00|0.00|-0.01|-0.03|-0.06|-0.06|-6728.00|-577.00|-21517.00|-430.00
25.910227298736572|0.10|0.01|-0.02|-0.00|0.00|0.08|0.00|-0.00|-0.00|0.00|-0.00|0.00|-0.00|13.66|0.18|0.00|0.00|-0.01|-0.03|-0.06|-0.06|-4556.00|-548.00|-21517.00|-430.00
26.069800853729248|0.10|-0.08|0.03|0.00|-0.00|0.02|0.00|-0.00|-0.00|-0.01|0.00|0.00|-0.00|16.41|0.24|0.00|0.00|-0.01|-0.03|-0.06|-0.06|-1980.00|-511.00|-21517.00|-430.00
26.221413612365723|0.11|0.01|-0.01|0.00|-0.00|0.01|0.00|-0.00|-0.00|-0.01|0.00|0.00|-0.00|18.29|0.99|0.00|0.00|-0.01|-0.03|-0.06|-0.06|892.00|-355.00|-21517.00|-430.00
26.37700319290161|0.11|0.11|0.06|-0.00|0.00|-0.11|-0.00|-0.00|-0.00|0.01|0.01|0.00|-0.00|1.38|0.49|0.00|0.00|-0.01|-0.02|-0.06|-0.06|1106.00|-279.00|-21517.00|-430.00
26.53253412246704|0.10|-0.02|-0.03|0.00|0.00|0.00|-0.00|-0.00|-0.00|0.00|0.00|0.00|-0.00|1.94|0.19|0.00|0.00|-0.01|-0.02|-0.06|-0.06|1407.00|-250.00|-21517.00|-430.00
26.69218349456787|0.09|-0.01|-0.04|-0.00|-0.00|0.02|0.00|-0.00|-0.00|0.00|-0.00|0.00|-0.00|5.40|0.37|0.00|0.00|-0.01|-0.02|-0.06|-0.06|2244.00|-192.00|-21517.00|-430.00
26.847694158554077|0.11|-0.02|0.01|-0.00|-0.00|0.04|0.00|-0.00|-0.00|-0.00|-0.00|0.00|-0.00|11.55|0.57|0.00|0.00|-0.01|-0.02|-0.06|-0.06|4057.00|-103.00|-21517.00|-430.00
27.003314971923828|0.11|-0.00|0.04|-0.00|0.00|-0.01|-0.00|-0.00|-0.00|-0.00|0.00|0.00|-0.00|9.27|0.33|0.00|0.00|-0.01|-0.02|-0.06|-0.06|5521.00|-51.00|-21517.00|-430.00
27.158868312835693|0.11|0.02|0.02|-0.00|-0.00|-0.03|-0.00|-0.00|-0.00|0.00|0.01|0.00|-0.00|4.90|0.13|0.00|0.00|-0.01|-0.02|-0.06|-0.06|6285.00|-31.00|-21517.00|-430.00
27.315466165542603|0.10|-0.03|-0.06|0.00|0.00|0.03|0.00|-0.00|-0.00|-0.00|-0.00|0.00|-0.00|9.43|0.50|0.00|0.00|-0.01|-0.02|-0.06|-0.06|7746.00|46.00|-21517.00|-430.00
27.471031427383423|0.11|0.01|0.02|0.00|0.00|0.05|-0.00|-0.00|-0.00|-0.00|0.00|0.00|-0.00|16.32|0.07|0.00|0.00|-0.01|-0.02|-0.06|-0.06|10243.00|56.00|-21517.00|-430.00
27.626655101776123|0.12|-0.01|-0.01|-0.00|0.00|-0.00|0.00|-0.00|-0.00|-0.00|0.00|0.00|-0.00|15.89|0.15|0.00|0.00|-0.01|-0.02|-0.06|-0.06|12706.00|80.00|-21517.00|-430.00
27.782243728637695|0.09|0.02|0.02|-0.00|-0.00|-0.10|-0.00|-0.00|-0.00|0.00|0.00|0.00|-0.00|0.61|0.02|0.00|0.00|-0.01|-0.02|-0.06|-0.06|12802.00|83.00|-21517.00|-430.00
27.937828302383423|0.10|-0.01|-0.02|0.00|0.00|0.00|-0.00|-0.00|-0.00|-0.00|0.00|0.00|-0.00|1.25|-0.01|0.00|0.00|-0.01|-0.02|-0.06|-0.06|12995.00|82.00|-21517.00|-430.00
28.09341788291931|0.10|0.02|-0.01|-0.00|0.00|0.03|0.00|-0.00|-0.00|0.00|-0.00|0.00|-0.00|5.42|0.17|0.00|0.00|-0.01|-0.02|-0.06|-0.06|13846.00|108.00|-21517.00|-430.00
28.249001264572144|0.10|0.00|0.03|-0.00|-0.00|-0.02|-0.00|-0.00|-0.00|0.00|0.00|0.00|-0.00|1.81|0.08|0.00|0.00|-0.01|-0.02|-0.06|-0.06|14126.00|121.00|-21517.00|-430.00
28.4045352935791|0.10|-0.00|-0.01|0.00|0.00|-0.01|-0.00|-0.00|-0.00|0.00|0.00|0.00|-0.00|0.00|0.00|0.00|0.00|-0.01|-0.02|-0.06|-0.06|14126.00|121.00|-21517.00|-430.00
28.564149618148804|0.11|-0.00|0.02|-0.00|0.00|-0.01|-0.00|-0.00|-0.00|0.00|0.00|0.00|-0.00|-0.01|-0.03|0.00|0.00|-0.01|-0.02|-0.06|-0.06|14125.00|116.00|-21517.00|-430.00
28.72376322746277|0.10|-0.01|-0.00|-0.00|-0.00|0.00|0.00|-0.00|-0.00|-0.00|0.00|0.00|-0.00|-0.01|-0.01|0.00|0.00|-0.01|-0.02|-0.05|-0.06|14124.00|115.00|-21517.00|-430.00
28.87935709953308|0.09|-0.00|-0.01|-0.00|0.00|0.00|0.00|-0.00|-0.00|-0.00|0.00|0.00|-0.00|0.00|0.00|0.00|0.00|-0.01|-0.02|-0.05|-0.06|14124.00|115.00|-21517.00|-430.00
29.034963846206665|0.12|-0.01|-0.02|0.00|0.00|0.00|0.00|-0.00|-0.00|-0.00|-0.00|0.00|-0.00|0.00|0.00|0.00|0.00|-0.01|-0.02|-0.05|-0.06|14124.00|115.00|-21517.00|-430.00
29.190469980239868|0.10|0.02|0.01|-0.00|-0.00|0.00|0.00|-0.00|-0.00|0.00|-0.00|0.00|-0.00|-0.01|-0.02|0.00|0.00|-0.01|-0.02|-0.05|-0.06|14123.00|112.00|-21517.00|-430.00
29.35104203224182|0.12|-0.01|-0.02|-0.00|-0.00|0.00|0.00|-0.00|-0.00|0.00|-0.00|0.00|-0.00|0.00|-0.01|0.00|0.00|-0.01|-0.02|-0.05|-0.06|14123.00|110.00|-21517.00|-430.00
29.506630659103394|0.10|0.01|0.00|0.00|-0.00|0.00|0.00|-0.00|-0.00|0.00|-0.00|0.00|-0.00|-0.06|0.03|0.00|0.00|-0.01|-0.02|-0.05|-0.06|14113.00|114.00|-21517.00|-430.00
29.662227869033813|0.11|-0.01|0.02|-0.00|0.00|-0.04|-0.00|-0.00|-0.00|-0.00|0.00|0.00|-0.00|-5.91|-0.15|0.00|0.00|-0.01|-0.02|-0.05|-0.06|13197.00|91.00|-21517.00|-430.00
29.821752548217773|0.11|0.00|-0.02|-0.00|0.00|-0.03|0.00|-0.00|-0.00|-0.00|-0.00|0.00|-0.00|-11.32|-0.09|0.00|0.00|-0.01|-0.02|-0.05|-0.06|11420.00|77.00|-21517.00|-430.00
