0.1316847801208496||0.00|0.00|0.02|0.01|0.10|-0.35|0.00|0.00|0.00|0.00|1.50|-51.33|0.88|-46.69|-1.00|-4.00|-4.00|-4.00|0.85|0.04|0.63|0.84|0.05|0.61
0.30717968940734863|0.05|-0.82|-1.47|0.48|0.04|0.00|0.00|0.00|0.00|-0.12|-0.24|0.18|-0.34|0.00|0.00|0.00|0.00|1.48|-51.37|0.91|-46.75|-1.00|-4.00|-4.00|-4.00|0.85|0.03|0.62|0.84|0.06|0.60
0.48375988006591797|0.05|-0.25|-0.74|-0.15|1.38|0.00|0.00|0.00|0.00|-0.16|-0.37|0.15|-0.10|0.00|0.00|0.00|0.00|1.45|-51.43|0.94|-46.77|-1.00|-4.00|-4.00|-4.00|0.85|0.04|0.62|0.84|0.06|0.61
0.6592378616333008|0.07|1.15|1.00|-0.85|-4.33|0.00|0.00|0.00|0.00|0.04|-0.19|0.00|-0.86|0.00|0.00|0.00|0.00|1.45|-51.47|0.94|-46.92|-1.00|-4.00|-4.00|-4.00|0.84|0.04|0.63|0.84|0.05|0.61
0.8318328857421875|0.08|-0.17|0.02|1.53|3.17|0.00|0.00|0.00|0.00|0.01|-0.19|0.27|-0.31|0.00|0.00|0.00|0.00|1.46|-51.50|0.98|-46.98|-1.00|-4.00|-4.00|-4.00|0.85|0.04|0.62|0.84|0.05|0.61
1.0033214092254639|0.07|0.43|1.85|-2.34|-0.74|0.00|0.00|0.00|0.00|0.09|0.13|-0.14|-0.44|0.00|0.00|0.00|0.00|1.47|-51.48|0.96|-47.05|-1.00|-4.00|-4.00|-4.00|0.85|0.03|0.62|0.84|0.05|0.62
1.1799304485321045|0.07|-0.41|-1.27|1.64|-1.36|0.00|0.00|0.00|0.00|0.02|-0.09|0.14|-0.67|0.00|0.00|0.00|0.00|1.47|-51.49|0.99|-47.17|-1.00|-4.00|-4.00|-4.00|0.85|0.04|0.62|0.84|0.05|0.61
1.3513925075531006|0.07|0.31|0.25|-0.86|3.35|0.00|0.00|0.00|0.00|0.07|-0.05|-0.01|-0.09|0.00|0.00|0.00|0.00|1.49|-51.50|0.98|-47.18|-1.00|-4.00|-4.00|-4.00|0.84|0.04|0.62|0.83|0.05|0.62
1.5279209613800049|0.07|-0.40|0.94|1.46|-2.42|0.00|0.00|0.00|0.00|0.00|0.12|0.25|-0.51|0.00|0.00|0.00|0.00|1.49|-51.48|1.03|-47.27|-1.00|-4.00|-4.00|-4.00|0.85|0.03|0.63|0.84|0.04|0.61
1.704479694366455|0.05|-0.46|-2.05|0.74|-1.76|0.00|0.00|0.00|0.00|-0.08|-0.23|0.37|-0.81|0.00|0.00|0.00|0.00|1.47|-51.52|1.09|-47.41|-1.00|-4.00|-4.00|-4.00|0.84|0.03|0.63|0.84|0.05|0.61
1.8759925365447998|0.07|1.21|2.43|-3.72|1.28|0.00|0.00|0.00|0.00|0.13|0.19|-0.28|-0.59|0.00|0.00|0.00|0.00|1.50|-51.49|1.04|-47.52|-1.00|-4.00|-4.00|-4.00|0.85|0.04|0.63|0.83|0.05|0.61
2.0486807823181152|0.07|-1.60|0.65|3.08|2.61|0.00|0.00|0.00|0.00|-0.14|0.31|0.25|-0.13|0.00|0.00|0.00|0.00|1.47|-51.44|1.09|-47.54|-1.00|-4.00|-4.00|-4.00|0.85|0.04|0.63|0.84|0.05|0.62
2.2240586280822754|0.08|0.64|-2.17|0.30|-2.44|0.00|0.00|0.00|0.00|-0.03|-0.07|0.30|-0.55|0.00|0.00|0.00|0.00|1.47|-51.45|1.14|-47.63|-1.00|-4.00|-4.00|-4.00|0.85|0.03|0.63|0.84|0.05|0.62
2.400625467300415|0.07|-0.80|-1.25|-1.42|-1.06|0.00|0.00|0.00|0.00|-0.17|-0.29|0.06|-0.74|0.00|0.00|0.00|0.00|1.44|-51.50|1.15|-47.76|-1.00|-4.00|-4.00|-4.00|0.85|0.05|0.63|0.83|0.06|0.60
2.5731332302093506|0.07|1.01|1.24|-0.42|1.47|0.00|0.00|0.00|0.00|0.00|-0.07|-0.02|-0.48|0.00|0.00|0.00|0.00|1.44|-51.51|1.15|-47.85|-1.00|-4.00|-4.00|-4.00|0.85|0.03|0.63|0.84|0.05|0.61
2.7486579418182373|0.07|-0.30|-0.21|1.14|0.53|0.00|0.00|0.00|0.00|-0.05|-0.11|0.18|-0.39|0.00|0.00|0.00|0.00|1.43|-51.53|1.18|-47.92|-1.00|-4.00|-4.00|-4.00|0.85|0.04|0.63|0.84|0.05|0.61
2.9202046394348145|0.07|0.74|0.01|0.66|-0.84|0.00|0.00|0.00|0.00|0.08|-0.10|0.30|-0.54|0.00|0.00|0.00|0.00|1.44|-51.55|1.23|-48.01|-1.00|-4.00|-4.00|-4.00|0.85|0.04|0.63|0.84|0.05|0.62
3.0967633724212646|0.07|0.28|0.39|-2.44|-0.63|0.00|0.00|0.00|0.00|0.13|-0.04|-0.12|-0.64|0.00|0.00|0.00|0.00|1.47|-51.55|1.21|-48.12|-1.00|-4.00|-4.00|-4.00|0.85|0.03|0.63|0.84|0.05|0.61
3.2692983150482178|0.08|-0.75|0.71|1.83|1.75|0.00|0.00|0.00|0.00|0.00|0.09|0.20|-0.34|0.00|0.00|0.00|0.00|1.47|-51.54|1.24|-48.18|-1.00|-4.00|-4.00|-4.00|0.85|0.03|0.63|0.84|0.05|0.60
3.4408164024353027|0.07|0.29|-1.01|0.31|0.11|0.00|0.00|0.00|0.00|0.05|-0.09|0.25|-0.32|0.00|0.00|0.00|0.00|1.47|-51.55|1.29|-48.24|-1.00|-4.00|-4.00|-4.00|0.84|0.04|0.63|0.84|0.05|0.61
3.6173388957977295|0.07|0.32|0.02|-2.05|1.58|0.00|0.00|0.00|0.00|0.11|-0.08|-0.10|-0.04|0.00|0.00|0.00|0.00|1.49|-51.57|1.27|-48.24|-1.00|-4.00|-4.00|-4.00|0.85|0.04|0.62|0.84|0.05|0.63
3.7888851165771484|0.07|-0.07|0.09|0.72|-1.60|0.00|0.00|0.00|0.00|0.09|-0.07|0.02|-0.32|0.00|0.00|0.00|0.00|1.51|-51.58|1.27|-48.30|-1.00|-4.00|-4.00|-4.00|0.84|0.04|0.63|0.85|0.05|0.62
3.9614243507385254|0.07|0.16|0.03|0.64|-0.50|0.00|0.00|0.00|0.00|0.12|-0.06|0.13|-0.41|0.00|0.00|0.00|0.00|1.53|-51.59|1.29|-48.37|-1.00|-4.00|-4.00|-4.00|0.86|0.03|0.64|0.83|0.05|0.62
4.1329665184021|0.07|-0.56|0.24|0.06|1.25|0.00|0.00|0.00|0.00|0.02|-0.02|0.14|-0.19|0.00|0.00|0.00|0.00|1.53|-51.59|1.32|-48.40|-1.00|-4.00|-4.00|-4.00|0.85|0.04|0.63|0.84|0.05|0.62
4.3134846687316895|0.08|-0.77|-0.67|-0.93|-2.60|0.00|0.00|0.00|0.00|-0.11|-0.13|-0.02|-0.64|0.00|0.00|0.00|0.00|1.52|-51.61|1.31|-48.51|-1.00|-4.00|-4.00|-4.00|0.85|0.04|0.63|0.85|0.05|0.62
4.4850263595581055|0.07|0.34|0.75|1.27|1.68|0.00|0.00|0.00|0.00|-0.05|-0.00|0.21|-0.34|0.00|0.00|0.00|0.00|1.51|-51.61|1.35|-48.57|-1.00|-4.00|-4.00|-4.00|0.84|0.03|0.62|0.84|0.05|0.61
4.661555290222168|0.05|0.42|-0.15|-0.75|0.07|0.00|0.00|0.00|0.00|0.03|-0.03|0.08|-0.33|0.00|0.00|0.00|0.00|1.51|-51.62|1.36|-48.63|-1.00|-4.00|-4.00|-4.00|0.85|0.04|0.63|0.83|0.06|0.61
4.8330934047698975|0.07|-0.81|1.41|-1.39|-0.99|0.00|0.00|0.00|0.00|-0.11|0.22|-0.16|-0.50|0.00|0.00|0.00|0.00|1.49|-51.58|1.34|-48.72|-1.00|-4.00|-4.00|-4.00|0.85|0.04|0.63|0.84|0.05|0.61
5.009626626968384|0.05|0.34|-2.22|2.65|-0.59|0.00|0.00|0.00|0.00|-0.05|-0.17|0.30|-0.60|0.00|0.00|0.00|0.00|1.48|-51.61|1.39|-48.82|-1.00|-4.00|-4.00|-4.00|0.84|0.05|0.62|0.84|0.05|0.62
5.1851584911346436|0.08|-0.02|-0.22|-1.82|1.48|0.00|0.00|0.00|0.00|-0.06|-0.21|-0.02|-0.34|0.00|0.00|0.00|0.00|1.47|-51.65|1.39|-48.88|-1.00|-4.00|-4.00|-4.00|0.85|0.04|0.62|0.83|0.06|0.61
5.3616862297058105|0.07|-0.29|0.08|0.13|0.43|0.00|0.00|0.00|0.00|-0.11|-0.20|0.01|-0.27|0.00|0.00|0.00|0.00|1.45|-51.68|1.39|-48.93|-1.00|-4.00|-4.00|-4.00|0.85|0.04|0.63|0.83|0.05|0.61
5.5342254638671875|0.07|1.24|1.29|-0.29|0.65|0.00|0.00|0.00|0.00|0.11|0.02|-0.04|-0.15|0.00|0.00|0.00|0.00|1.47|-51.68|1.38|-48.96|-1.00|-4.00|-4.00|-4.00|0.85|0.03|0.63|0.84|0.05|0.61
5.709753513336182|0.07|-1.22|-0.65|2.02|0.43|0.00|0.00|0.00|0.00|-0.10|-0.09|0.30|-0.08|0.00|0.00|0.00|0.00|1.45|-51.69|1.43|-48.97|-1.00|-4.00|-4.00|-4.00|0.85|0.04|0.63|0.83|0.05|0.62
5.882296562194824|0.07|0.13|1.60|-1.17|-1.66|0.00|0.00|0.00|0.00|-0.08|0.19|0.10|-0.37|0.00|0.00|0.00|0.00|1.44|-51.66|1.45|-49.04|-1.00|-4.00|-4.00|-4.00|0.85|0.04|0.63|0.84|0.05|0.61
6.053838729858398|0.07|0.49|-1.02|0.51|-0.43|0.00|0.00|0.00|0.00|0.01|0.02|0.19|-0.45|0.00|0.00|0.00|0.00|1.44|-51.66|1.48|-49.11|-1.00|-4.00|-4.00|-4.00|0.84|0.04|0.63|0.84|0.05|0.61
6.230366945266724|0.05|-0.14|-0.95|-0.89|1.30|0.00|0.00|0.00|0.00|-0.02|-0.15|0.04|-0.22|0.00|0.00|0.00|0.00|1.44|-51.68|1.49|-49.15|-1.00|-4.00|-4.00|-4.00|0.85|0.04|0.62|0.84|0.05|0.62
6.405898332595825|0.07|-0.38|1.23|-0.14|0.55|0.00|0.00|0.00|0.00|-0.09|0.07|0.01|-0.13|0.00|0.00|0.00|0.00|1.42|-51.67|1.49|-49.18|-1.00|-4.00|-4.00|-4.00|0.85|0.04|0.62|0.84|0.05|0.62
6.582464694976807|0.05|1.12|-0.39|-0.81|-2.42|0.00|0.00|0.00|0.00|0.11|0.00|-0.13|-0.55|0.00|0.00|0.00|0.00|1.44|-51.67|1.47|-49.27|-1.00|-4.00|-4.00|-4.00|0.85|0.04|0.63|0.84|0.05|0.61
6.753969430923462|0.05|-1.05|-0.56|0.75|0.20|0.00|0.00|0.00|0.00|-0.07|-0.10|0.00|-0.51|0.00|0.00|0.00|0.00|1.43|-51.69|1.47|-49.36|-1.00|-4.00|-4.00|-4.00|0.85|0.03|0.64|0.84|0.05|0.61
6.926509141921997|0.08|0.55|0.48|0.11|0.36|0.00|0.00|0.00|0.00|0.02|-0.01|0.02|-0.45|0.00|0.00|0.00|0.00|1.43|-51.69|1.47|-49.44|-1.00|-4.00|-4.00|-4.00|0.85|0.03|0.63|0.84|0.05|0.60
7.098051071166992|0.07|0.01|0.66|-0.76|0.75|0.00|0.00|0.00|0.00|0.02|0.10|-0.11|-0.32|0.00|0.00|0.00|0.00|1.44|-51.67|1.46|-49.49|-1.00|-4.00|-4.00|-4.00|0.85|0.04|0.63|0.84|0.05|0.62
7.274630784988403|0.07|-0.49|0.12|0.58|-1.14|0.00|0.00|0.00|0.00|-0.06|0.12|-0.01|-0.52|0.00|0.00|0.00|0.00|1.43|-51.65|1.45|-49.58|-1.00|-4.00|-4.00|-4.00|0.85|0.04|0.63|0.84|0.05|0.61
7.447169780731201|0.05|1.72|-0.78|0.48|2.33|0.00|0.00|0.00|0.00|0.24|-0.02|0.08|-0.11|0.00|0.00|0.00|0.00|1.47|-51.65|1.47|-49.60|-1.00|-4.00|-4.00|-4.00|0.85|0.03|0.62|0.84|0.06|0.62
7.62279486656189|0.07|-2.39|-0.97|0.55|-0.23|0.00|0.00|0.00|0.00|-0.17|-0.18|0.17|-0.15|0.00|0.00|0.00|0.00|1.44|-51.69|1.50|-49.63|-1.00|-4.00|-4.00|-4.00|0.85|0.04|0.62|0.84|0.05|0.62
7.79917573928833|0.09|0.34|1.08|0.37|-0.59|0.00|0.00|0.00|0.00|-0.11|0.01|0.24|-0.26|0.00|0.00|0.00|0.00|1.42|-51.68|1.54|-49.67|-1.00|-4.00|-4.00|-4.00|0.85|0.05|0.62|0.84|0.06|0.61
7.970721244812012|0.10|1.43|-0.30|-1.33|0.20|0.00|0.00|0.00|0.00|0.13|-0.04|0.01|-0.22|0.01|0.00|0.00|0.00|1.44|-51.69|1.54|-49.71|0.00|-4.00|-4.00|-4.00|0.85|0.04|0.63|0.84|0.05|0.62
8.143295764923096|0.07|-0.66|1.25|-0.70|0.19|0.00|0.00|0.00|0.00|0.02|0.17|-0.11|-0.19|0.01|0.00|0.00|0.00|1.45|-51.66|1.52|-49.74|3.00|-4.00|-4.00|-4.00|0.85|0.04|0.62|0.85|0.05|0.62
8.318941116333008|0.07|-0.07|-1.44|0.96|-0.60|-0.00|0.00|0.00|0.00|0.01|-0.08|0.05|-0.29|0.00|0.00|0.00|0.00|1.45|-51.68|1.53|-49.79|3.00|-4.00|-4.00|-4.00|0.85|0.05|0.63|0.84|0.04|0.60
8.495317459106445|0.10|-0.38|-0.46|0.20|-0.87|-0.00|0.00|0.00|0.00|-0.06|-0.16|0.09|-0.44|0.00|0.00|0.00|0.00|1.44|-51.70|1.54|-49.87|3.00|-4.00|-4.00|-4.00|0.86|0.03|0.62|0.85|0.06|0.61
8.670848369598389|0.05|-0.27|-0.44|-1.08|1.06|-0.00|0.00|0.00|0.00|-0.11|-0.23|-0.10|-0.26|0.00|0.00|0.00|0.00|1.42|-51.74|1.53|-49.92|3.00|-4.00|-4.00|-4.00|0.84|0.04|0.62|0.85|0.06|0.61
8.839398384094238|0.05|1.62|2.31|1.75|0.55|-0.00|0.00|0.00|0.00|0.18|0.17|0.21|-0.16|0.00|0.00|0.00|0.00|1.45|-51.71|1.56|-49.95|3.00|-4.00|-4.00|-4.00|0.85|0.03|0.62|0.84|0.05|0.61
9.014959335327148|0.07|-1.55|-1.77|2.09|2.49|-0.00|0.00|0.00|0.00|-0.08|-0.13|0.56|0.26|0.00|0.00|0.00|0.00|1.44|-51.73|1.66|-49.90|3.00|-4.00|-4.00|-4.00|0.85|0.03|0.64|0.84|0.07|0.61
9.191604614257812|0.07|-0.70|0.69|-5.07|-2.23|-0.00|0.00|0.00|0.00|-0.20|-0.01|-0.32|-0.12|0.00|0.00|0.00|0.00|1.40|-51.74|1.60|-49.92|3.00|-4.00|-4.00|-4.00|0.84|0.03|0.63|0.84|0.05|0.63
9.363001346588135|0.08|1.92|0.26|3.40|0.52|-0.00|0.00|0.00|0.00|0.13|0.04|0.28|-0.03|0.00|0.00|0.00|0.00|1.42|-51.73|1.65|-49.93|3.00|-4.00|-4.00|-4.00|0.84|0.04|0.63|0.85|0.05|0.61
9.539532899856567|0.08|-0.09|0.10|-1.87|-1.80|-0.00|0.00|0.00|0.00|0.12|0.06|-0.04|-0.34|0.00|0.00|0.00|0.00|1.45|-51.72|1.64|-49.99|3.00|-4.00|-4.00|-4.00|0.85|0.03|0.62|0.84|0.05|0.61
9.712069988250732|0.07|-1.08|-0.03|0.96|0.21|-0.00|0.00|0.00|0.00|-0.07|0.05|0.13|-0.30|0.00|0.00|0.00|0.00|1.43|-51.71|1.66|-50.04|3.00|-4.00|-4.00|-4.00|0.85|0.03|0.63|0.84|0.05|0.61
9.883611917495728|0.08|0.44|-0.46|-1.30|1.98|-0.00|0.00|0.00|0.00|0.00|-0.03|-0.10|0.04|0.00|0.00|0.00|0.00|1.43|-51.72|1.65|-50.03|3.00|-4.00|-4.00|-4.00|0.84|0.04|0.63|0.84|0.05|0.62
10.060179948806763|0.07|-0.12|0.10|1.23|0.26|-0.00|0.00|0.00|0.00|-0.02|-0.01|0.11|0.08|0.00|0.00|0.00|0.00|1.43|-51.72|1.67|-50.02|3.00|-4.00|-4.00|-4.00|0.85|0.04|0.62|0.85|0.05|0.60
10.231686353683472|0.07|0.17|-0.11|-0.79|-0.44|-0.00|0.00|0.00|0.00|0.01|-0.03|-0.02|0.01|0.00|0.00|0.00|0.00|1.43|-51.72|1.66|-50.02|3.00|-4.00|-4.00|-4.00|0.85|0.04|0.63|0.84|0.05|0.62
10.408365249633789|0.07|-1.15|1.02|0.53|-0.49|-0.00|0.00|0.00|0.00|-0.19|0.15|0.07|-0.08|0.00|0.00|0.00|0.00|1.40|-51.70|1.67|-50.03|3.00|-4.00|-4.00|-4.00|0.85|0.04|0.63|0.84|0.06|0.61
10.579801321029663|0.07|1.36|-0.47|0.61|-0.58|-0.00|0.00|0.00|0.00|0.05|0.07|0.18|-0.18|0.00|0.00|0.00|0.00|1.41|-51.68|1.71|-50.06|3.00|-4.00|-4.00|-4.00|0.85|0.04|0.63|0.85|0.05|0.62
10.75628137588501|0.07|-0.62|0.66|-2.25|0.47|-0.00|0.00|0.00|0.00|-0.06|0.18|-0.21|-0.10|0.00|0.00|0.00|0.00|1.40|-51.65|1.67|-50.08|3.00|-4.00|-4.00|-4.00|0.85|0.04|0.64|0.84|0.05|0.62
10.931812047958374|0.07|-0.17|-0.74|-0.59|1.78|-0.00|0.00|0.00|0.00|-0.09|0.05|-0.31|0.21|0.00|0.00|0.00|0.00|1.38|-51.64|1.61|-50.04|3.00|-4.00|-4.00|-4.00|0.86|-0.03|0.64|0.85|0.04|0.59
11.108486890792847|0.07|-0.35|-0.18|0.69|-1.86|-0.00|0.00|0.00|0.00|-0.15|0.02|-0.19|-0.11|0.00|0.00|0.00|0.00|1.36|-51.64|1.58|-50.06|3.00|-4.00|-4.00|-4.00|0.85|0.03|0.63|0.84|0.05|0.62
11.279958724975586|0.05|1.22|-0.57|1.56|0.18|-0.00|0.00|0.00|0.00|0.07|-0.08|0.08|-0.08|0.00|0.00|0.00|0.00|1.37|-51.66|1.59|-50.07|3.00|-4.00|-4.00|-4.00|0.85|0.04|0.63|0.84|0.05|0.62
11.452425956726074|0.08|-0.08|1.40|-1.95|1.11|-0.00|0.00|0.00|0.00|0.05|0.16|-0.26|0.11|0.00|0.00|0.00|0.00|1.38|-51.63|1.55|-50.05|3.00|-4.00|-4.00|-4.00|0.84|0.03|0.63|0.84|0.05|0.61
11.628972291946411|0.07|-0.54|-2.21|3.52|-0.86|-0.00|0.00|0.00|0.00|-0.04|-0.22|0.35|-0.03|0.00|0.00|0.00|0.00|1.37|-51.67|1.61|-50.06|3.00|-4.00|-4.00|-4.00|0.85|0.04|0.62|0.85|0.05|0.60
11.800495624542236|0.07|0.40|0.86|-2.07|1.26|-0.00|0.00|0.00|0.00|0.03|-0.07|-0.02|0.19|0.00|0.00|0.00|0.00|1.38|-51.68|1.61|-50.03|3.00|-4.00|-4.00|-4.00|0.84|0.04|0.62|0.84|0.05|0.62
11.977022171020508|0.07|-1.28|1.02|-0.22|-1.11|-0.00|0.00|0.00|0.00|-0.19|0.11|-0.06|-0.00|0.00|0.00|0.00|0.00|1.34|-51.66|1.60|-50.03|3.00|-4.00|-4.00|-4.00|0.85|0.04|0.63|0.84|0.05|0.62
12.152557373046875|0.03|0.51|-0.84|1.09|-0.00|-0.00|0.00|0.00|0.00|-0.10|-0.04|0.13|-0.00|0.00|0.00|0.00|0.00|1.32|-51.67|1.62|-50.03|3.00|-4.00|-4.00|-4.00|0.85|0.03|0.62|0.85|0.05|0.61
12.325145483016968|0.08|0.63|-0.17|0.45|-1.67|-0.00|0.00|0.00|0.00|0.01|-0.07|0.21|-0.30|0.00|0.00|0.00|0.00|1.33|-51.68|1.66|-50.08|3.00|-4.00|-4.00|-4.00|0.85|0.04|0.62|0.84|0.05|0.61
12.500624418258667|0.08|0.28|-0.72|-1.68|0.02|-0.00|0.00|0.00|0.00|0.06|-0.19|-0.08|-0.29|0.00|0.00|0.00|0.00|1.34|-51.71|1.64|-50.13|3.00|-4.00|-4.00|-4.00|0.85|0.04|0.63|0.85|0.05|0.61
12.677156686782837|0.07|-0.56|1.02|0.65|0.18|-0.00|0.00|0.00|0.00|-0.04|-0.02|0.04|-0.26|0.00|0.00|0.00|0.00|1.33|-51.71|1.65|-50.18|3.00|-4.00|-4.00|-4.00|0.85|0.04|0.63|0.84|0.05|0.62
12.84473443031311|0.07|-0.24|0.45|1.21|1.80|-0.00|0.00|0.00|0.00|-0.08|0.06|0.25|0.05|0.00|0.00|0.00|0.00|1.31|-51.70|1.69|-50.17|3.00|-4.00|-4.00|-4.00|0.85|0.03|0.63|0.84|0.05|0.61
13.021238327026367|0.03|0.51|0.26|-1.29|-1.07|-0.00|0.00|0.00|0.00|0.00|0.11|0.03|-0.13|0.00|0.00|0.00|0.00|1.31|-51.68|1.70|-50.19|3.00|-4.00|-4.00|-4.00|0.85|0.04|0.62|0.84|0.06|0.61
13.192924499511719|0.07|0.35|-1.72|0.49|-0.08|-0.00|0.00|0.00|0.00|0.06|-0.19|0.11|-0.15|0.00|0.00|0.00|0.00|1.32|-51.72|1.72|-50.21|3.00|-4.00|-4.00|-4.00|0.85|0.04|0.63|0.85|0.05|0.62
13.369305610656738|0.07|-0.14|0.60|-1.19|-1.52|-0.00|0.00|0.00|0.00|0.04|-0.09|-0.10|-0.41|0.00|0.00|0.00|0.00|1.33|-51.73|1.70|-50.29|3.00|-4.00|-4.00|-4.00|0.84|0.03|0.63|0.85|0.05|0.60
13.540850639343262|0.08|0.06|1.25|0.52|0.42|-0.00|0.00|0.00|0.00|0.05|0.13|-0.01|-0.34|0.00|0.00|0.00|0.00|1.34|-51.71|1.70|-50.34|3.00|-4.00|-4.00|-4.00|0.85|0.04|0.63|0.84|0.05|0.61
13.717378377914429|0.07|0.83|-1.00|-0.09|0.89|-0.00|0.00|0.00|0.00|0.19|-0.04|-0.02|-0.18|0.00|0.00|0.00|0.00|1.37|-51.71|1.70|-50.38|3.00|-4.00|-4.00|-4.00|0.85|0.04|0.63|0.84|0.05|0.60
13.888921976089478|0.04|-0.58|-1.52|1.14|-0.20|-0.00|0.00|0.00|0.00|0.09|-0.30|0.18|-0.22|0.00|0.00|0.00|0.00|1.39|-51.77|1.73|-50.41|3.00|-4.00|-4.00|-4.00|0.85|0.03|0.63|0.83|0.05|0.62
14.065446853637695|0.07|0.10|1.81|-1.26|-1.14|-0.00|0.00|0.00|0.00|0.11|0.01|-0.04|-0.42|0.00|0.00|0.00|0.00|1.41|-51.76|1.72|-50.49|3.00|-4.00|-4.00|-4.00|0.85|0.03|0.63|0.84|0.05|0.61
14.236992835998535|0.07|-0.58|1.01|0.54|2.67|-0.00|0.00|0.00|0.00|0.01|0.19|0.05|0.05|0.00|0.00|0.00|0.00|1.41|-51.73|1.73|-50.48|3.00|-4.00|-4.00|-4.00|0.85|0.04|0.63|0.84|0.05|0.62
14.409532070159912|0.05|1.35|0.37|-0.02|-2.21|-0.00|0.00|0.00|0.00|0.24|0.25|0.05|-0.33|0.00|0.00|0.00|0.00|1.45|-51.69|1.74|-50.54|3.00|-4.00|-4.00|-4.00|0.85|0.03|0.64|0.84|0.05|0.62
14.585062980651855|0.07|-2.23|-1.70|0.39|0.22|-0.00|0.00|0.00|0.00|-0.15|-0.04|0.12|-0.29|0.00|0.00|0.00|0.00|1.43|-51.70|1.76|-50.59|3.00|-4.00|-4.00|-4.00|0.84|0.04|0.62|0.84|0.05|0.62
14.75760269165039|0.07|0.56|-0.65|-0.47|0.03|-0.00|0.00|0.00|0.00|-0.05|-0.16|0.03|-0.29|0.00|0.00|0.00|0.00|1.42|-51.72|1.76|-50.64|3.00|-4.00|-4.00|-4.00|0.85|0.04|0.63|0.85|0.05|0.62
14.930180072784424|0.07|0.21|-0.98|1.08|1.65|-0.00|0.00|0.00|0.00|-0.01|-0.33|0.22|0.00|0.00|0.00|0.00|0.00|1.41|-51.78|1.80|-50.64|3.00|-4.00|-4.00|-4.00|0.85|0.04|0.63|0.83|0.06|0.62
15.105674028396606|0.07|0.29|0.59|-2.80|-1.14|-0.00|0.00|0.00|0.00|0.04|-0.23|-0.26|-0.19|0.00|0.00|0.00|0.00|1.42|-51.82|1.76|-50.67|3.00|-4.00|-4.00|-4.00|0.85|0.04|0.62|0.84|0.05|0.61
15.28220248222351|0.08|-0.31|1.67|1.29|-0.16|-0.00|0.00|0.00|0.00|-0.02|0.07|-0.03|-0.22|0.00|0.00|0.00|0.00|1.42|-51.81|1.75|-50.71|3.00|-4.00|-4.00|-4.00|0.85|0.04|0.63|0.83|0.05|0.62
15.457733392715454|0.05|0.00|-1.12|-0.22|0.53|-0.00|0.00|0.00|0.00|-0.02|-0.13|-0.07|-0.13|0.00|0.00|0.00|0.00|1.41|-51.83|1.74|-50.73|3.00|-4.00|-4.00|-4.00|0.85|0.04|0.63|0.84|0.05|0.61
15.63027286529541|0.07|0.18|-0.15|0.65|-0.38|-0.00|0.00|0.00|0.00|0.01|-0.16|0.04|-0.19|0.00|0.00|0.00|0.00|1.42|-51.86|1.75|-50.76|3.00|-4.00|-4.00|-4.00|0.85|0.04|0.63|0.85|0.05|0.62
15.805800914764404|0.07|-0.28|0.64|-0.75|1.96|-0.00|0.00|0.00|0.00|-0.04|-0.04|-0.09|0.15|0.00|0.00|0.00|0.00|1.41|-51.87|1.73|-50.74|3.00|-4.00|-4.00|-4.00|0.85|0.04|0.63|0.84|0.05|0.62
15.982479572296143|0.07|-0.03|-0.23|0.95|-1.71|-0.00|0.00|0.00|0.00|-0.04|-0.08|0.08|-0.15|0.00|0.00|0.00|0.00|1.40|-51.88|1.75|-50.76|3.00|-4.00|-4.00|-4.00|0.85|0.04|0.63|0.84|0.05|0.62
16.158862113952637|0.07|1.48|0.18|-0.78|-0.13|-0.00|0.00|0.00|0.00|0.22|-0.05|-0.06|-0.17|0.00|0.00|0.00|0.00|1.44|-51.89|1.74|-50.80|3.00|-4.00|-4.00|-4.00|0.85|0.04|0.63|0.84|0.05|0.62
16.330404043197632|0.07|-0.73|1.31|0.44|0.76|-0.00|0.00|0.00|0.00|0.09|0.18|0.02|-0.04|0.00|0.00|0.00|0.00|1.46|-51.86|1.74|-50.80|3.00|-4.00|-4.00|-4.00|0.85|0.03|0.63|0.84|0.04|0.61
16.503012895584106|0.05|-0.26|-1.73|0.54|-0.90|-0.00|0.00|0.00|0.00|0.05|-0.12|0.11|-0.20|0.00|0.00|0.00|0.00|1.47|-51.88|1.76|-50.84|3.00|-4.00|-4.00|-4.00|0.85|0.04|0.63|0.84|0.05|0.60
16.674485445022583|0.08|0.72|1.12|0.71|0.98|-0.00|0.00|0.00|0.00|0.17|0.08|0.24|-0.02|0.00|0.00|0.00|0.00|1.50|-51.87|1.80|-50.84|3.00|-4.00|-4.00|-4.00|0.85|0.04|0.64|0.84|0.06|0.61
16.851009607315063|0.07|-1.19|-0.38|-0.27|-2.21|-0.00|0.00|0.00|0.00|-0.03|0.01|0.19|-0.40|0.00|0.00|0.00|0.00|1.49|-51.86|1.83|-50.91|3.00|-4.00|-4.00|-4.00|0.85|0.04|0.63|0.84|0.05|0.62
17.022552490234375|0.07|0.35|0.12|-2.41|0.61|-0.00|0.00|0.00|0.00|0.03|0.03|-0.23|-0.30|0.00|0.00|0.00|0.00|1.49|-51.86|1.79|-50.96|3.00|-4.00|-4.00|-4.00|0.84|0.03|0.62|0.84|0.05|0.60
17.199084758758545|0.08|-0.00|-0.35|1.28|-0.07|-0.00|0.00|0.00|0.00|0.03|-0.03|-0.01|-0.31|0.00|0.00|0.00|0.00|1.50|-51.86|1.79|-51.01|3.00|-4.00|-4.00|-4.00|0.85|0.04|0.63|0.84|0.05|0.61
17.374616622924805|0.07|-0.94|0.32|-0.58|-0.36|-0.00|0.00|0.00|0.00|-0.14|0.03|-0.11|-0.37|0.00|0.00|0.00|0.00|1.47|-51.86|1.77|-51.08|3.00|-4.00|-4.00|-4.00|0.85|0.04|0.63|0.84|0.05|0.60
17.55129885673523|0.05|-0.02|-1.71|1.91|0.75|-0.00|0.00|0.00|0.00|-0.14|-0.27|0.22|-0.24|0.00|0.00|0.00|0.00|1.45|-51.91|1.81|-51.12|3.00|-4.00|-4.00|-4.00|0.84|0.03|0.62|0.84|0.05|0.61
17.727673530578613|0.07|-0.04|0.68|-2.03|0.82|-0.00|0.00|0.00|0.00|-0.15|-0.15|-0.13|-0.09|0.00|0.00|0.00|0.00|1.42|-51.93|1.79|-51.14|3.00|-4.00|-4.00|-4.00|0.85|0.04|0.63|0.84|0.05|0.62
17.89930748939514|0.07|1.60|0.71|0.88|-0.77|-0.00|0.00|0.00|0.00|0.13|-0.03|0.02|-0.23|0.00|0.00|0.00|0.00|1.45|-51.94|1.79|-51.18|3.00|-4.00|-4.00|-4.00|0.84|0.04|0.63|0.85|0.05|0.62
18.070796728134155|0.07|-0.26|2.01|0.13|1.08|-0.00|0.00|0.00|0.00|0.08|0.32|0.04|-0.04|0.00|0.00|0.00|0.00|1.46|-51.88|1.80|-51.18|3.00|-4.00|-4.00|-4.00|0.85|0.03|0.63|0.84|0.05|0.61
18.243297815322876|0.07|-0.40|-1.80|1.55|0.03|-0.00|0.00|0.00|0.00|0.01|0.01|0.31|-0.04|0.00|0.00|0.00|0.00|1.46|-51.88|1.85|-51.19|3.00|-4.00|-4.00|-4.00|0.84|0.03|0.62|0.84|0.05|0.61
18.423811197280884|0.07|-0.90|-2.12|-2.39|-1.09|-0.00|0.00|0.00|0.00|-0.14|-0.35|-0.10|-0.22|0.00|0.00|0.00|0.00|1.44|-51.94|1.84|-51.23|3.00|-4.00|-4.00|-4.00|0.84|0.04|0.63|0.84|0.05|0.61
18.595357656478882|0.07|1.82|3.74|0.38|0.94|-0.00|0.00|0.00|0.00|0.18|0.32|-0.03|-0.06|0.00|0.00|0.00|0.00|1.47|-51.88|1.83|-51.24|3.00|-4.00|-4.00|-4.00|0.84|0.04|0.63|0.84|0.05|0.61
18.768025398254395|0.07|-1.73|-1.33|1.72|0.71|-0.00|0.00|0.00|0.00|-0.11|0.09|0.26|0.07|0.00|0.00|0.00|0.00|1.45|-51.87|1.87|-51.23|3.00|-4.00|-4.00|-4.00|0.85|0.04|0.63|0.84|0.05|0.61
18.94342851638794|0.07|-0.22|-1.68|-2.13|-1.61|-0.00|0.00|0.00|0.00|-0.15|-0.20|-0.11|-0.21|0.00|0.00|0.00|0.00|1.43|-51.90|1.86|-51.26|3.00|-4.00|-4.00|-4.00|0.85|0.04|0.64|0.84|0.05|0.61
19.115967750549316|0.07|0.95|1.65|1.09|0.20|-0.00|0.00|0.00|0.00|0.02|0.09|0.09|-0.18|0.00|0.00|0.00|0.00|1.43|-51.89|1.87|-51.30|3.00|-4.00|-4.00|-4.00|0.85|0.04|0.63|0.84|0.05|0.62
19.291496515274048|0.07|-0.23|-0.16|-0.03|0.53|-0.00|0.00|0.00|0.00|-0.02|0.06|0.08|-0.09|0.00|0.00|0.00|0.00|1.43|-51.88|1.89|-51.31|3.00|-4.00|-4.00|-4.00|0.84|0.03|0.63|0.84|0.05|0.62
19.46812653541565|0.07|-1.22|-0.71|0.92|-0.91|-0.00|0.00|0.00|0.00|-0.23|-0.06|0.25|-0.25|0.00|0.00|0.00|0.00|1.39|-51.89|1.93|-51.35|3.00|-4.00|-4.00|-4.00|0.85|0.03|0.62|0.84|0.05|0.61
19.639626502990723|0.05|1.21|-0.26|-1.89|1.69|-0.00|0.00|0.00|0.00|-0.02|-0.11|-0.09|0.05|0.00|0.00|0.00|0.00|1.38|-51.91|1.91|-51.34|3.00|-4.00|-4.00|-4.00|0.85|0.04|0.63|0.84|0.05|0.61
19.81609869003296|0.07|0.50|0.09|0.37|-1.13|-0.00|0.00|0.00|0.00|0.07|-0.09|-0.02|-0.15|0.00|0.00|0.00|0.00|1.39|-51.92|1.91|-51.37|3.00|-4.00|-4.00|-4.00|0.85|0.05|0.63|0.84|0.05|0.62
19.98769211769104|0.07|-0.50|1.52|0.49|-0.16|-0.00|0.00|0.00|0.00|-0.02|0.17|0.06|-0.17|0.00|0.00|0.00|0.00|1.39|-51.89|1.92|-51.40|3.00|-4.00|-4.00|-4.00|0.85|0.04|0.63|0.84|0.06|0.61
20.164169311523438|0.07|-0.47|-0.53|-0.80|0.08|-0.00|0.00|0.00|0.00|-0.10|0.08|-0.08|-0.16|0.00|0.00|0.00|0.00|1.37|-51.88|1.91|-51.43|3.00|-4.00|-4.00|-4.00|0.85|0.04|0.63|0.84|0.05|0.61
20.336738348007202|0.07|1.19|-0.74|0.66|0.13|-0.00|0.00|0.00|0.00|0.11|-0.05|0.04|-0.14|0.00|0.00|0.00|0.00|1.39|-51.89|1.91|-51.45|3.00|-4.00|-4.00|-4.00|0.85|0.04|0.63|0.84|0.05|0.61
20.512240171432495|0.07|-0.28|-0.14|0.34|-0.38|-0.00|0.00|0.00|0.00|0.06|-0.07|0.10|-0.20|0.00|0.00|0.00|0.00|1.40|-51.90|1.93|-51.49|3.00|-4.00|-4.00|-4.00|0.85|0.04|0.63|0.85|0.05|0.61
20.68882155418396|0.07|-0.61|0.33|-1.20|0.34|-0.00|0.00|0.00|0.00|-0.04|-0.02|-0.11|-0.14|0.00|0.00|0.00|0.00|1.40|-51.90|1.91|-51.51|3.00|-4.00|-4.00|-4.00|0.84|0.04|0.63|0.84|0.06|0.61
20.864327430725098|0.07|-0.63|-0.21|0.91|1.03|-0.00|0.00|0.00|0.00|-0.15|-0.05|0.05|0.04|0.00|0.00|0.00|0.00|1.37|-51.91|1.92|-51.50|3.00|-4.00|-4.00|-4.00|0.85|0.05|0.63|0.84|0.05|0.61
21.036983251571655|0.07|1.06|0.90|-1.15|-1.41|-0.00|0.00|0.00|0.00|0.03|0.10|-0.15|-0.20|0.00|0.00|0.00|0.00|1.38|-51.89|1.90|-51.54|3.00|-4.00|-4.00|-4.00|0.85|0.04|0.63|0.84|0.05|0.61
21.208386659622192|0.07|-0.02|0.20|1.01|1.57|-0.00|0.00|0.00|0.00|0.03|0.14|0.03|0.07|0.00|0.00|0.00|0.00|1.38|-51.87|1.90|-51.53|3.00|-4.00|-4.00|-4.00|0.84|0.04|0.63|0.84|0.05|0.62
21.380921125411987|0.07|-0.73|-0.43|0.53|-0.27|-0.00|0.00|0.00|0.00|-0.10|0.07|0.12|0.02|0.00|0.00|0.00|0.00|1.36|-51.86|1.92|-51.52|3.00|-4.00|-4.00|-4.00|0.84|0.04|0.63|0.83|0.05|0.61
21.552463054656982|0.07|0.25|0.08|-0.28|1.53|-0.00|0.00|0.00|0.00|-0.06|0.08|0.07|0.29|0.00|0.00|0.00|0.00|1.35|-51.84|1.93|-51.47|3.00|-4.00|-4.00|-4.00|0.85|0.04|0.63|0.83|0.06|0.62
21.725001335144043|0.07|0.99|0.23|0.15|0.09|-0.00|0.00|0.00|0.00|0.11|0.12|0.10|0.30|0.00|0.00|0.00|0.00|1.37|-51.82|1.95|-51.42|3.00|-4.00|-4.00|-4.00|0.85|0.04|0.63|0.84|0.05|0.62
21.896544218063354|0.07|-0.35|-0.59|-1.15|-1.39|-0.00|0.00|0.00|0.00|0.05|0.02|-0.10|0.07|0.00|0.00|0.00|0.00|1.38|-51.82|1.93|-51.41|3.00|-4.00|-4.00|-4.00|0.85|0.04|0.62|0.85|0.05|0.62
22.07318949699402|0.07|1.26|-0.25|-0.35|-0.76|-0.00|0.00|0.00|0.00|0.27|-0.03|-0.16|-0.06|0.00|0.00|0.00|0.00|1.43|-51.83|1.90|-51.42|3.00|-4.00|-4.00|-4.00|0.84|0.04|0.63|0.84|0.05|0.61
22.24860429763794|0.07|-1.22|0.10|1.19|-0.23|-0.00|0.00|0.00|0.00|0.06|-0.01|0.05|-0.11|0.00|0.00|0.00|0.00|1.44|-51.83|1.91|-51.44|3.00|-4.00|-4.00|-4.00|0.84|0.04|0.63|0.84|0.05|0.62
22.417154788970947|0.07|0.08|0.83|-0.02|0.80|-0.00|0.00|0.00|0.00|0.07|0.14|0.05|0.03|0.00|0.00|0.00|0.00|1.45|-51.80|1.92|-51.44|3.00|-4.00|-4.00|-4.00|0.84|0.04|0.63|0.84|0.05|0.61
22.597670316696167|0.07|-0.63|-1.05|-0.74|-0.37|-0.00|0.00|0.00|0.00|-0.03|-0.04|-0.08|-0.03|0.00|0.00|0.00|0.00|1.45|-51.81|1.91|-51.44|3.00|-4.00|-4.00|-4.00|0.85|0.03|0.63|0.84|0.05|0.62
