0.07681035995483398|0|0.00|0.00|-0.39|0.01|0.00|-0.05|0.06|-0.00|-5.00|0.00|-1205.00|-334.00
0.2234034538269043|0.08|0.00|0.00|-0.00|0.00|0.00|0.00|-0.01|-0.00|0.00|0.00|-0.00|-0.00|0.00|0.00|-1.95|-0.11|0.00|-0.05|0.06|-0.00|-5.00|0.00|-1494.00|-350.00
0.3749995231628418|0.08|-0.00|-0.00|-0.01|-0.00|0.00|0.00|-0.01|0.00|0.00|-0.00|-0.00|-0.00|0.00|0.00|-3.41|-0.11|0.00|-0.05|0.06|-0.00|-5.00|0.00|-1999.00|-366.00
0.5265951156616211|0.09|-0.00|0.00|0.02|0.00|0.00|0.00|-0.10|-0.00|-0.00|0.00|-0.00|-0.00|0.00|0.00|-19.07|-0.58|0.00|-0.05|0.06|-0.00|-5.00|0.00|-4859.00|-453.00
0.6702096462249756|0.08|0.00|-0.00|0.00|0.00|0.00|0.00|0.10|0.00|0.00|-0.00|0.00|-0.00|0.00|0.00|-3.42|-0.10|0.00|-0.05|0.06|-0.01|-5.00|0.00|-5372.00|-468.00
0.8138480186462402|0.08|-0.00|0.00|0.00|0.01|0.00|0.00|0.02|0.00|0.00|-0.00|0.00|0.00|0.00|0.00|-0.01|0.00|0.00|-0.05|0.06|-0.01|-5.00|0.00|-5374.00|-468.00
0.9654567241668701|0.10|-0.00|0.00|-0.03|-0.01|0.00|0.00|-0.00|0.00|0.00|0.00|-0.00|-0.00|0.00|0.00|-0.02|-0.24|0.00|-0.05|0.06|-0.01|-5.00|0.00|-5377.00|-503.00
1.112597942352295|0.10|-0.00|-0.00|0.05|0.02|0.00|0.00|-0.00|-0.00|-0.00|-0.00|0.00|0.00|0.00|0.00|-0.10|-0.39|0.00|-0.05|0.06|-0.01|-5.00|0.00|-5392.00|-560.00
1.26021409034729|0.09|0.00|0.00|-0.03|0.00|0.00|0.00|-0.00|-0.00|0.00|0.00|0.00|0.00|0.00|0.00|-0.40|-0.58|0.00|-0.05|0.06|-0.00|-5.00|0.00|-5451.00|-646.00
1.4077777862548828|0.08|-0.00|-0.00|-0.03|-0.04|0.00|0.00|0.00|0.00|-0.00|-0.00|-0.00|-0.00|0.00|0.00|-0.03|-0.10|0.00|-0.05|0.06|-0.01|-5.00|0.00|-5455.00|-661.00
1.5543928146362305|0.08|-0.00|-0.00|0.01|0.01|0.00|0.00|0.00|0.00|-0.00|-0.00|-0.00|-0.00|0.00|0.00|0.05|0.09|0.00|-0.05|0.06|-0.01|-5.00|0.00|-5447.00|-647.00
1.7060132026672363|0.08|0.00|-0.00|0.01|0.01|0.00|0.00|-0.00|-0.00|-0.00|-0.00|-0.00|-0.00|0.00|0.00|-0.02|0.09|0.00|-0.05|0.06|-0.01|-5.00|0.00|-5450.00|-634.00
1.8496308326721191|0.10|0.00|0.00|0.03|0.03|0.00|0.00|0.00|-0.00|0.00|-0.00|0.00|0.00|0.00|0.00|0.11|-0.07|0.00|-0.05|0.06|-0.01|-5.00|0.00|-5434.00|-644.00
1.989267110824585|0.10|-0.01|0.00|0.40|0.35|0.00|0.00|0.30|0.01|-0.00|0.00|0.06|0.05|0.00|0.00|42.83|1.61|0.00|-0.05|0.07|0.00|-5.00|0.00|691.00|-414.00
2.1318747997283936|0.10|0.01|0.00|-0.33|-0.16|0.00|0.00|-0.01|-0.01|0.00|0.00|0.02|0.03|0.00|0.00|41.47|0.40|0.00|-0.05|0.07|0.01|-5.00|0.00|6497.00|-358.00
2.2794814109802246|0.09|-0.00|-0.01|-0.03|-0.09|0.00|0.00|-0.07|-0.00|0.00|-0.00|0.01|0.02|0.00|0.00|30.88|0.12|0.00|-0.05|0.07|0.01|-5.00|0.00|10943.00|-341.00
2.4270951747894287|0.10|0.00|0.00|-0.10|-0.03|0.00|0.00|-0.05|0.00|0.00|0.00|-0.00|0.01|0.00|0.00|22.97|0.56|0.00|-0.05|0.07|0.01|-5.00|0.00|14342.00|-258.00
2.5746941566467285|0.08|-0.00|-0.00|0.00|-0.05|0.00|0.00|0.06|-0.00|-0.00|0.00|-0.00|0.01|0.00|0.00|31.51|-0.15|0.00|-0.05|0.07|0.01|-5.00|0.00|18879.00|-280.00
2.722322940826416|0.09|0.00|-0.00|0.00|-0.04|0.00|0.00|0.06|-0.00|0.00|-0.00|-0.00|0.00|0.00|0.00|40.95|-0.66|0.00|-0.05|0.07|0.01|-5.00|0.00|24940.00|-378.00
2.864922046661377|0.09|-0.00|0.00|0.01|0.03|0.00|0.00|0.02|-0.00|-0.00|-0.00|-0.00|0.01|0.00|0.00|43.18|-1.18|0.00|-0.05|0.07|0.01|-5.00|0.00|31244.00|-550.00
3.016515016555786|0.09|-0.00|-0.00|-0.01|-0.05|0.00|0.00|-0.13|0.00|-0.00|-0.00|-0.00|-0.00|0.00|0.00|23.41|-0.88|0.00|-0.05|0.07|0.01|-5.00|0.00|34685.00|-679.00
3.168107509613037|0.08|-0.00|0.00|-0.01|-0.04|0.00|0.00|-0.01|-0.00|-0.00|0.00|-0.00|-0.01|0.00|0.00|21.28|-0.95|0.00|-0.05|0.07|0.01|-5.00|0.00|37899.00|-823.00
3.319707155227661|0.10|-0.00|-0.00|0.03|-0.02|0.00|0.00|-0.02|0.00|-0.00|-0.00|0.00|-0.01|-0.04|0.00|19.01|-0.21|0.00|-0.05|0.07|0.01|-11.00|-4.00|40750.00|-854.00
3.4672820568084717|0.08|0.03|-0.01|-0.03|0.01|0.00|0.00|-0.12|0.00|0.00|-0.00|-0.00|-0.01|0.27|0.23|0.39|-0.03|0.00|-0.05|0.07|0.01|30.00|31.00|40809.00|-859.00
3.6190078258514404|0.07|-0.02|0.01|0.02|0.01|-0.00|-0.00|-0.00|0.00|0.00|-0.00|-0.00|-0.01|0.14|-0.07|0.02|-0.03|0.00|-0.05|0.07|0.01|50.00|20.00|40812.00|-863.00
3.766533613204956|0.09|0.02|0.01|0.00|0.03|-0.00|0.00|-0.00|-0.00|0.00|0.00|-0.00|-0.00|-0.04|0.04|-0.01|-0.03|0.00|-0.05|0.07|0.01|44.00|26.00|40810.00|-868.00
3.9181878566741943|0.07|-0.03|-0.00|-0.01|-0.01|0.00|0.00|-0.00|-0.00|0.00|-0.00|-0.00|-0.00|-0.03|0.22|-0.05|-0.05|0.00|-0.05|0.07|0.01|39.00|59.00|40803.00|-876.00
4.069724082946777|0.09|-0.01|0.00|0.00|-0.00|0.00|-0.00|0.00|0.00|-0.00|-0.00|-0.00|-0.00|0.06|-0.10|0.00|0.00|0.00|-0.05|0.07|0.01|48.00|44.00|40803.00|-876.00
4.217331886291504|0.10|-0.01|-0.00|0.00|0.01|-0.00|0.00|0.00|0.00|-0.00|-0.00|-0.00|0.00|0.00|0.00|-0.68|0.02|0.00|-0.05|0.07|0.01|48.00|44.00|40702.00|-873.00
4.368994235992432|0.10|0.01|0.00|-0.00|-0.01|-0.00|0.00|-0.03|-0.00|-0.00|0.00|-0.00|-0.00|0.00|0.00|-4.93|-0.20|0.00|-0.05|0.07|0.01|48.00|44.00|39972.00|-902.00
4.5154876708984375|0.08|0.02|0.01|-0.00|-0.01|-0.00|0.00|0.01|0.00|0.00|0.00|-0.00|-0.00|0.00|0.00|-2.77|-0.05|0.00|-0.05|0.07|0.01|48.00|44.00|39553.00|-909.00
4.663161993026733|0.07|-0.00|-0.00|-0.00|0.00|-0.00|0.00|0.02|0.00|0.00|0.00|-0.00|-0.00|0.00|0.00|-0.31|-0.04|0.00|-0.05|0.07|0.01|48.00|44.00|39507.00|-915.00
4.814684867858887|0.08|-0.10|-0.03|0.01|0.02|-0.00|0.00|-0.00|0.00|-0.01|-0.00|-0.00|0.00|-0.02|-0.03|-0.91|-0.03|0.00|-0.05|0.07|0.01|45.00|39.00|39371.00|-920.00
4.979379177093506|0.10|-0.04|0.10|-0.01|-0.01|-0.32|-0.00|-0.04|-0.00|-0.02|0.01|-0.00|-0.00|-48.40|-0.67|-6.61|-0.05|-0.00|-0.05|0.07|0.01|-7312.00|-63.00|38367.00|-928.00
5.138928174972534|0.09|0.03|-0.05|0.00|0.00|-0.46|0.06|-0.01|-0.00|-0.01|0.01|-0.00|-0.00|-121.75|8.59|-8.91|-0.09|-0.00|-0.05|0.07|0.01|-26914.00|1320.00|36933.00|-942.00
5.294436693191528|0.10|-0.04|0.03|0.01|0.01|0.11|-0.02|0.01|-0.00|-0.02|0.01|-0.00|0.00|-104.84|5.16|-7.19|-0.14|-0.01|-0.05|0.07|0.01|-43794.00|2150.00|35775.00|-965.00
5.454013824462891|0.10|-0.07|0.04|-0.00|-0.01|0.11|-0.01|0.03|0.00|-0.03|0.02|-0.00|-0.00|-87.08|3.99|-2.61|0.00|-0.01|-0.05|0.07|0.01|-57552.00|2781.00|35362.00|-965.00
5.609605073928833|0.11|-0.21|0.06|-0.00|0.00|0.03|-0.01|0.02|0.00|-0.06|0.03|-0.00|-0.00|-82.50|2.48|0.54|0.03|-0.02|-0.04|0.07|0.01|-70505.00|3171.00|35447.00|-961.00
5.769179105758667|0.09|0.07|0.05|0.00|0.00|0.41|-0.01|-0.00|-0.00|-0.05|0.03|-0.00|-0.00|-17.73|0.27|-0.20|-0.12|-0.03|-0.04|0.07|0.01|-73288.00|3214.00|35416.00|-980.00
5.928760051727295|0.09|0.30|-0.14|-0.00|-0.00|0.16|-0.00|0.00|0.00|-0.00|0.01|-0.00|-0.00|7.06|-0.22|-0.07|-0.01|-0.03|-0.03|0.07|0.01|-72173.00|3179.00|35405.00|-981.00
6.084326267242432|0.09|-0.08|0.05|-0.00|-0.00|0.16|0.00|0.00|-0.00|-0.02|0.02|-0.00|-0.00|31.69|-0.14|-0.04|-0.02|-0.03|-0.03|0.07|0.01|-67198.00|3157.00|35399.00|-984.00
6.244919300079346|0.09|0.10|-0.06|0.00|0.00|0.08|-0.00|0.00|-0.00|-0.00|0.01|-0.00|-0.00|44.99|-0.34|-0.01|-0.04|-0.03|-0.03|0.07|0.01|-59999.00|3103.00|35397.00|-990.00
6.400501251220703|0.09|-0.01|0.02|0.00|-0.00|0.12|-0.01|0.00|0.00|-0.00|0.01|-0.00|-0.00|63.53|-1.39|0.00|0.00|-0.03|-0.03|0.07|0.01|-49962.00|2884.00|35397.00|-990.00
6.55608606338501|0.08|0.02|-0.06|-0.00|-0.01|-0.12|0.01|0.00|0.00|-0.00|0.00|-0.00|-0.00|45.65|0.46|0.00|0.00|-0.03|-0.03|0.07|0.01|-42886.00|2956.00|35397.00|-990.00
6.711673974990845|0.10|0.02|-0.02|-0.00|0.01|-0.21|-0.00|0.00|0.00|0.00|-0.00|-0.00|-0.00|12.16|0.11|0.00|0.00|-0.03|-0.03|0.07|0.01|-40977.00|2973.00|35397.00|-990.00
6.867252349853516|0.09|-0.02|0.03|0.00|0.01|-0.03|-0.00|0.00|0.00|-0.00|0.01|-0.00|0.00|7.89|0.03|0.00|0.00|-0.03|-0.03|0.07|0.01|-39746.00|2978.00|35397.00|-990.00
7.022839307785034|0.10|0.03|-0.06|-0.00|-0.01|0.04|-0.00|0.00|0.00|0.00|-0.00|-0.00|-0.00|14.21|0.02|-0.09|-0.06|-0.03|-0.03|0.07|0.01|-37586.00|2981.00|35384.00|-999.00
7.178427457809448|0.11|-0.01|0.02|0.00|0.01|-0.06|-0.00|0.00|0.00|0.00|-0.00|-0.00|-0.00|4.82|-0.15|0.00|0.00|-0.03|-0.03|0.07|0.01|-36819.00|2957.00|35384.00|-999.00
7.334015607833862|0.10|-0.00|0.01|-0.00|0.00|-0.01|0.00|0.00|0.00|0.00|0.00|-0.00|-0.00|2.91|-0.14|0.00|0.00|-0.03|-0.03|0.07|0.01|-36368.00|2936.00|35384.00|-999.00
7.489630699157715|0.09|0.00|0.00|0.00|0.00|-0.02|0.00|0.00|0.00|0.00|0.00|-0.00|0.00|0.05|-0.01|-0.02|-0.01|-0.03|-0.03|0.07|0.01|-36361.00|2934.00|35381.00|-1001.00
7.641173839569092|0.05|0.00|-0.00|0.00|-0.01|-0.00|0.00|0.00|0.00|0.00|0.00|-0.00|-0.00|-0.03|0.01|0.00|0.00|-0.03|-0.03|0.07|0.01|-36366.00|2935.00|35381.00|-1001.00
7.796770334243774|0.11|-0.00|0.00|0.00|0.02|0.00|-0.00|0.00|0.00|0.00|0.00|-0.00|0.00|0.00|-0.01|20.38|0.19|-0.03|-0.03|0.07|0.01|-36366.00|2933.00|38540.00|-972.00
7.952358245849609|0.09|-0.00|-0.00|-0.02|-0.03|0.00|0.00|0.05|0.00|0.00|0.00|-0.00|-0.00|0.00|0.00|28.20|0.48|-0.03|-0.03|0.07|0.01|-36366.00|2933.00|42827.00|-899.00
8.107946634292603|0.11|0.01|-0.00|0.01|0.00|0.00|0.00|-0.18|-0.00|0.00|0.00|-0.00|-0.00|-1.12|0.00|-0.01|0.14|-0.03|-0.03|0.06|0.01|-36540.00|2933.00|42825.00|-877.00
8.263537406921387|0.09|-0.01|0.01|0.01|0.00|-0.13|0.00|-0.06|-0.00|0.00|0.00|-0.00|-0.00|-20.82|0.27|-9.67|-0.27|-0.03|-0.03|0.06|0.01|-39747.00|2975.00|41336.00|-919.00
8.424051523208618|0.10|0.01|-0.04|0.01|0.01|-0.06|-0.01|-0.04|0.00|0.00|-0.00|-0.00|0.00|-30.08|-0.78|-15.78|-0.12|-0.03|-0.03|0.06|0.01|-44500.00|2852.00|38842.00|-938.00
8.583668231964111|0.08|-0.03|0.03|-0.01|-0.01|0.13|0.00|0.07|0.00|-0.00|0.00|-0.00|-0.00|-8.75|-0.50|-4.01|-0.03|-0.03|-0.03|0.06|0.01|-45908.00|2772.00|38196.00|-943.00
8.739357948303223|0.08|0.03|-0.00|-0.01|-0.02|0.05|0.00|-0.03|0.00|0.00|0.00|-0.00|-0.00|-0.06|0.03|-8.36|0.19|-0.03|-0.03|0.06|0.01|-45917.00|2776.00|36875.00|-913.00
8.898924589157104|0.09|0.00|-0.01|0.01|0.02|0.00|-0.00|-0.03|-0.00|0.00|-0.00|-0.00|-0.00|-0.01|-0.02|-12.53|-0.22|-0.03|-0.03|0.06|0.01|-45918.00|2773.00|34921.00|-947.00
9.058469772338867|0.07|0.01|-0.02|-0.03|0.02|-0.00|-0.00|0.08|0.00|0.00|-0.00|-0.01|0.00|-0.06|-0.03|0.19|-0.04|-0.03|-0.03|0.06|0.01|-45927.00|2768.00|34952.00|-953.00
9.20999550819397|0.10|-0.01|0.03|0.02|-0.01|0.00|0.00|-0.00|0.00|0.00|0.00|-0.00|0.00|0.00|0.00|-0.56|0.04|-0.03|-0.03|0.06|0.01|-45927.00|2768.00|34864.00|-946.00
9.36557912826538|0.09|-0.02|0.02|0.01|-0.03|0.00|0.00|-0.01|0.00|-0.00|0.00|-0.00|-0.00|0.00|0.00|-2.38|0.05|-0.03|-0.03|0.06|0.01|-45927.00|2768.00|34500.00|-938.00
9.521203756332397|0.08|0.02|-0.04|-0.01|0.02|0.00|0.00|0.04|-0.00|0.00|-0.00|-0.00|-0.00|0.12|0.33|3.32|0.05|-0.03|-0.03|0.06|0.01|-45909.00|2819.00|35015.00|-930.00
9.67276906967163|0.09|0.01|0.01|0.00|0.01|-0.00|-0.00|-0.01|-0.00|0.00|0.00|-0.00|0.00|0.01|-0.01|2.52|-0.01|-0.03|-0.03|0.06|0.01|-45907.00|2818.00|35401.00|-932.00
9.832342147827148|0.11|0.00|0.00|0.00|-0.01|-0.00|0.00|-0.04|-0.00|0.00|0.00|-0.00|-0.00|0.01|0.00|-3.08|-0.11|-0.03|-0.03|0.06|0.01|-45906.00|2818.00|34921.00|-949.00
9.987929344177246|0.09|-0.00|0.00|-0.01|-0.01|0.01|0.00|-0.00|0.00|0.00|0.00|-0.00|-0.00|0.86|0.06|-3.08|0.06|-0.03|-0.03|0.06|0.01|-45772.00|2828.00|34440.00|-939.00
10.139522552490234|0.11|0.02|-0.03|0.01|0.00|0.02|0.00|-0.01|-0.00|0.00|-0.00|-0.00|-0.00|3.56|0.07|-5.34|0.04|-0.03|-0.03|0.06|0.01|-45223.00|2839.00|33618.00|-933.00
10.29910135269165|0.08|-0.02|0.01|0.01|0.00|-0.02|-0.00|-0.00|-0.00|0.00|-0.00|0.00|-0.00|0.26|0.03|-5.35|-0.18|-0.03|-0.03|0.06|0.01|-45182.00|2843.00|32783.00|-961.00
10.454689741134644|0.10|-0.02|0.02|-0.09|0.05|-0.01|-0.00|0.06|0.00|-0.00|0.00|-0.01|0.01|-0.77|-0.19|3.46|0.01|-0.03|-0.03|0.06|0.01|-45303.00|2813.00|33327.00|-959.00
10.61523985862732|0.08|0.02|-0.02|0.02|-0.02|0.00|-0.00|0.00|-0.00|0.00|-0.00|-0.01|0.00|-0.66|-0.30|3.74|-0.35|-0.03|-0.03|0.06|0.01|-45405.00|2766.00|33906.00|-1014.00
10.770861864089966|0.07|-0.01|0.00|0.09|-0.05|0.00|0.00|-0.14|-0.00|0.00|-0.00|0.01|-0.00|0.06|-0.01|-18.79|-0.58|-0.03|-0.03|0.06|0.01|-45395.00|2764.00|30918.00|-1107.00
10.930458068847656|0.08|0.00|0.01|-0.03|0.02|-0.00|-0.00|-0.03|0.00|0.00|0.00|0.00|0.00|0.01|-0.04|-23.72|-0.12|-0.03|-0.03|0.06|0.01|-45394.00|2758.00|27147.00|-1126.00
11.08608627319336|0.10|-0.00|-0.00|0.03|-0.02|-0.00|0.00|0.13|0.00|0.00|-0.00|0.00|-0.00|0.00|0.00|-2.98|0.06|-0.03|-0.03|0.06|0.01|-45394.00|2758.00|26682.00|-1117.00
11.24156403541565|0.10|0.01|-0.02|-0.00|0.01|-0.00|0.00|0.01|0.00|0.00|-0.00|0.00|-0.00|0.90|0.11|-1.95|0.06|-0.03|-0.03|0.06|0.01|-45253.00|2776.00|26376.00|-1107.00
11.393229484558105|0.09|-0.01|0.03|-0.01|0.02|-0.00|0.00|0.01|0.00|0.00|0.00|0.00|0.00|0.15|0.13|-0.48|0.06|-0.03|-0.03|0.06|0.01|-45229.00|2796.00|26302.00|-1097.00
11.552699089050293|0.10|0.00|-0.00|-0.03|-0.02|-0.00|-0.00|-0.02|-0.00|0.00|0.00|-0.00|-0.00|0.05|0.05|-3.58|0.01|-0.03|-0.03|0.06|0.01|-45222.00|2804.00|25758.00|-1096.00
11.712273836135864|0.10|0.00|-0.01|-0.02|-0.02|-0.00|-0.00|0.01|-0.00|0.00|-0.00|-0.00|-0.00|0.03|0.02|-1.81|-0.03|-0.03|-0.03|0.06|0.00|-45217.00|2807.00|25468.00|-1100.00
11.872847557067871|0.09|-0.00|0.01|-0.01|0.02|-0.00|-0.00|0.09|-0.00|0.00|0.00|-0.01|-0.00|-0.03|-0.08|11.91|-0.03|-0.03|-0.03|0.06|0.00|-45221.00|2794.00|27374.00|-1105.00
12.027487516403198|0.09|-0.01|0.01|0.02|0.01|0.00|0.00|0.07|0.00|0.00|0.00|-0.00|-0.00|0.20|0.08|22.83|0.06|-0.03|-0.03|0.06|0.00|-45189.00|2807.00|31050.00|-1095.00
12.184049129486084|0.10|0.00|-0.01|0.00|0.00|-0.00|-0.00|-0.10|0.00|0.00|-0.00|-0.00|-0.00|0.00|-0.01|8.25|0.31|-0.03|-0.03|0.06|0.00|-45189.00|2805.00|32304.00|-1048.00
12.339645862579346|0.10|-0.00|0.00|0.01|0.00|-0.00|0.00|-0.02|-0.00|0.00|0.00|-0.00|0.00|0.00|0.00|4.49|0.06|-0.03|-0.03|0.06|0.00|-45189.00|2805.00|33009.00|-1038.00
12.495246887207031|0.10|0.01|0.04|-0.05|-0.03|-0.00|0.00|0.03|0.00|0.00|0.01|-0.01|-0.00|-0.14|0.20|8.49|0.19|-0.03|-0.03|0.06|0.00|-45211.00|2836.00|34317.00|-1009.00
12.6508047580719|0.08|-0.01|-0.03|0.10|0.03|-0.00|-0.00|0.07|-0.00|0.00|0.00|0.01|0.00|-0.21|0.08|19.46|0.12|-0.03|-0.03|0.06|0.00|-45243.00|2849.00|37334.00|-990.00
12.806396961212158|0.10|0.00|-0.01|-0.03|-0.00|0.01|-0.00|-0.13|-0.00|0.00|0.00|0.00|-0.00|0.87|-0.10|-0.81|-0.01|-0.03|-0.03|0.06|0.00|-45108.00|2834.00|37209.00|-991.00
12.965969800949097|0.09|0.01|-0.02|-0.01|-0.01|0.04|0.00|0.00|-0.00|0.00|-0.00|-0.00|-0.00|7.86|-0.03|-0.04|-0.06|-0.03|-0.03|0.06|0.00|-43866.00|2829.00|37203.00|-1000.00
13.121554613113403|0.09|0.02|-0.02|0.06|0.02|0.05|0.00|0.00|0.00|0.01|-0.00|0.01|0.00|16.40|0.55|-0.02|-0.02|-0.02|-0.03|0.06|0.00|-41258.00|2917.00|37200.00|-1003.00
13.277140855789185|0.10|-0.04|0.04|-0.03|-0.04|0.04|0.00|-0.04|0.00|-0.00|0.00|0.00|-0.00|22.32|0.64|-5.97|0.05|-0.02|-0.03|0.06|0.00|-37821.00|3016.00|36281.00|-995.00
13.436724662780762|0.10|0.13|0.06|-0.19|-0.07|-0.08|0.00|-0.11|-0.00|0.02|0.01|-0.03|-0.02|9.60|0.75|-23.31|-0.05|-0.02|-0.03|0.06|0.00|-36323.00|3133.00|32645.00|-1003.00
13.596293926239014|0.09|0.00|-0.09|0.14|0.04|-0.06|-0.01|-0.17|0.01|0.02|-0.00|-0.00|-0.01|-0.05|-0.36|-51.08|0.82|-0.02|-0.03|0.06|-0.00|-36331.00|3075.00|24523.00|-872.00
13.755867958068848|0.09|-0.25|-0.01|0.05|0.04|0.00|0.00|0.17|-0.01|-0.02|-0.01|0.01|-0.00|0.00|0.16|-23.23|-0.08|-0.02|-0.03|0.06|-0.00|-36331.00|3100.00|20806.00|-885.00
13.90842056274414|0.09|0.17|0.08|-0.03|0.02|0.00|0.00|0.13|-0.00|0.01|0.01|-0.00|0.00|-0.13|0.17|-2.44|-0.28|-0.02|-0.03|0.06|-0.00|-36351.00|3127.00|20418.00|-930.00
14.068027973175049|0.07|0.06|-0.02|-0.00|0.00|-0.00|-0.00|0.01|0.00|0.02|0.00|-0.00|0.00|-0.32|-0.14|-0.44|-0.08|-0.02|-0.03|0.06|-0.00|-36401.00|3105.00|20351.00|-942.00
14.227608919143677|0.10|0.02|-0.05|-0.00|-0.01|-0.05|-0.00|0.16|-0.00|0.02|-0.00|-0.00|0.00|-8.88|-0.46|25.27|-0.22|-0.02|-0.03|0.06|-0.00|-37804.00|3032.00|24344.00|-976.00
14.387157201766968|0.09|-0.11|-0.06|-0.01|0.00|0.01|0.00|-0.07|0.00|0.00|-0.01|-0.00|0.00|-7.67|-0.12|13.72|0.07|-0.01|-0.03|0.06|-0.00|-39046.00|3012.00|26567.00|-964.00
14.546699285507202|0.10|-0.02|0.07|0.01|0.02|-0.01|0.00|-0.09|-0.00|-0.00|-0.00|-0.00|0.00|-9.06|0.19|0.11|-0.01|-0.02|-0.03|0.06|0.00|-40468.00|3042.00|26585.00|-965.00
14.706311225891113|0.09|0.01|-0.01|-0.08|-0.02|-0.10|-0.00|-0.00|-0.00|0.00|-0.00|-0.01|0.00|-25.36|0.03|0.06|-0.04|-0.01|-0.03|0.05|0.00|-44475.00|3047.00|26595.00|-971.00
14.870873928070068|0.09|-0.04|-0.01|0.04|-0.02|-0.04|0.00|-0.00|-0.00|-0.01|-0.00|-0.01|-0.00|-31.23|0.16|-0.44|-0.34|-0.02|-0.03|0.05|-0.00|-49471.00|3072.00|26525.00|-1026.00
15.026409387588501|0.09|-0.06|0.02|0.09|0.03|0.10|-0.00|0.00|0.00|-0.01|0.00|0.01|0.00|-14.47|0.09|-0.19|0.09|-0.02|-0.03|0.05|0.00|-51859.00|3087.00|26494.00|-1011.00
15.182137727737427|0.09|0.03|0.01|-0.02|-0.01|0.12|-0.00|-0.00|0.00|-0.01|0.00|0.01|0.00|3.30|-0.08|-0.23|0.14|-0.02|-0.03|0.06|0.00|-51351.00|3075.00|26458.00|-989.00
15.333673238754272|0.07|0.05|0.03|-0.04|0.00|0.02|0.00|0.00|-0.00|-0.00|0.01|-0.00|0.00|7.04|0.16|0.01|-0.04|-0.02|-0.03|0.06|0.00|-50260.00|3100.00|26459.00|-995.00
15.489171028137207|0.09|0.10|-0.05|-0.02|-0.03|0.02|0.00|-0.00|0.00|0.01|-0.00|-0.00|-0.00|10.42|0.20|-0.41|0.03|-0.02|-0.03|0.05|0.00|-48665.00|3131.00|26397.00|-991.00
15.64888858795166|0.09|-0.15|-0.12|0.06|-0.02|0.04|0.00|-0.11|0.00|-0.01|-0.02|0.01|-0.01|17.20|0.54|-18.31|0.16|-0.02|-0.03|0.06|-0.00|-45964.00|3216.00|23522.00|-966.00
15.812311887741089|0.09|0.06|0.09|-0.03|0.03|-0.09|-0.00|-0.11|-0.00|0.00|-0.00|-0.00|-0.00|2.93|0.46|-35.36|-0.25|-0.02|-0.03|0.06|-0.00|-45498.00|3289.00|17900.00|-1006.00
15.971954345703125|0.09|0.07|0.02|-0.04|-0.06|-0.05|-0.00|-0.00|0.01|0.01|-0.00|-0.01|-0.01|-4.61|0.09|-35.96|2.07|-0.02|-0.03|0.05|-0.00|-46245.00|3304.00|12075.00|-670.00
16.132469415664673|0.08|0.17|-0.07|0.02|0.07|0.02|-0.00|0.00|-0.01|0.04|-0.01|-0.00|-0.00|-2.22|-0.31|-35.65|-0.28|-0.01|-0.03|0.05|-0.00|-46598.00|3254.00|6406.00|-715.00
16.288071870803833|0.12|-0.20|0.00|0.03|0.01|0.00|-0.00|0.12|0.00|0.01|-0.01|0.00|0.00|-1.91|-0.75|-16.74|-0.11|-0.01|-0.04|0.05|-0.00|-46902.00|3134.00|3745.00|-732.00
16.443668127059937|0.11|-0.04|-0.00|0.02|0.03|0.00|0.00|0.05|-0.00|0.00|-0.01|0.00|0.01|-1.79|-0.63|-8.34|-0.21|-0.01|-0.04|0.06|-0.00|-47183.00|3035.00|2436.00|-765.00
16.59925413131714|0.13|-0.01|0.09|-0.03|-0.03|0.01|0.00|0.04|0.00|-0.00|0.00|0.00|0.00|0.10|-0.19|-2.30|-0.11|-0.01|-0.04|0.06|-0.00|-47167.00|3005.00|2077.00|-782.00
16.74681520462036|0.12|0.05|-0.00|-0.00|0.00|0.00|0.00|0.02|0.00|0.01|0.00|0.00|0.00|0.16|0.03|1.12|0.03|-0.01|-0.04|0.06|-0.00|-47142.00|3009.00|2250.00|-778.00
16.906444311141968|0.09|-0.03|-0.05|0.00|0.00|0.02|-0.00|0.07|-0.00|0.00|-0.01|0.00|0.00|2.49|-0.03|11.89|-0.20|-0.01|-0.04|0.06|-0.00|-46766.00|3005.00|4046.00|-808.00
17.05801796913147|0.10|-0.09|0.05|0.02|0.03|0.05|0.00|0.00|-0.00|-0.01|0.00|0.00|0.01|10.86|0.48|12.65|-0.35|-0.01|-0.04|0.06|-0.00|-45082.00|3079.00|6007.00|-863.00
17.213603258132935|0.09|-0.21|0.16|0.08|0.05|-0.12|0.00|0.02|-0.00|-0.04|0.03|0.02|0.01|-7.32|0.51|15.58|-0.36|-0.02|-0.03|0.06|0.00|-46209.00|3157.00|8407.00|-918.00
17.36917495727539|0.09|0.12|-0.02|-0.10|-0.06|0.03|0.00|0.04|-0.00|-0.02|0.02|0.00|0.00|-2.00|0.72|22.50|-0.86|-0.02|-0.03|0.06|0.00|-46519.00|3269.00|11895.00|-1052.00
17.52875590324402|0.09|0.09|-0.04|-0.01|-0.01|0.02|-0.00|0.03|0.00|-0.01|0.02|-0.00|0.00|0.71|0.03|26.76|-0.29|-0.02|-0.03|0.06|0.00|-46408.00|3273.00|16069.00|-1097.00
17.680350303649902|0.10|0.07|-0.09|-0.00|0.00|0.01|0.00|-0.06|0.00|0.00|0.00|-0.00|0.00|1.62|0.20|17.34|0.04|-0.02|-0.03|0.06|0.00|-46154.00|3305.00|18791.00|-1091.00
17.83989930152893|0.07|0.10|-0.08|-0.01|-0.06|-0.01|-0.00|-0.05|-0.00|0.02|-0.01|-0.00|-0.01|0.39|0.03|9.70|0.02|-0.02|-0.03|0.06|0.00|-46094.00|3309.00|20295.00|-1088.00
17.995532035827637|0.09|-0.14|0.09|0.03|0.05|-0.00|0.00|-0.06|0.00|-0.01|0.00|0.00|0.00|0.16|0.06|-0.03|0.04|-0.02|-0.03|0.06|0.00|-46069.00|3319.00|20291.00|-1081.00
18.155086755752563|0.10|0.04|-0.00|-0.02|-0.02|-0.00|-0.00|0.00|-0.00|0.00|0.00|-0.00|-0.00|-0.06|0.06|-0.01|-0.12|-0.02|-0.03|0.06|0.00|-46079.00|3328.00|20290.00|-1099.00
18.310671091079712|0.09|0.01|-0.02|-0.05|-0.07|0.00|0.00|0.03|0.00|0.00|-0.00|-0.01|-0.01|0.01|0.20|5.45|0.08|-0.02|-0.03|0.06|0.00|-46078.00|3361.00|21167.00|-1086.00
18.467227458953857|0.10|-0.01|0.05|0.06|0.08|-0.04|-0.00|0.12|-0.00|-0.00|0.01|0.00|0.00|-6.77|-0.20|23.41|-0.48|-0.02|-0.03|0.06|0.00|-47121.00|3330.00|24772.00|-1160.00
18.626797676086426|0.11|-0.02|-0.02|-0.07|0.01|-0.06|0.00|-0.10|0.00|-0.00|0.00|-0.01|0.00|-16.30|-0.13|7.28|0.01|-0.02|-0.03|0.06|0.00|-49713.00|3310.00|25929.00|-1159.00
18.786398887634277|0.09|0.02|-0.02|0.07|-0.01|0.07|0.00|-0.08|-0.00|0.00|-0.00|0.00|0.00|-5.08|-0.07|-6.13|-0.21|-0.02|-0.03|0.06|0.00|-50520.00|3299.00|24955.00|-1193.00
18.941986322402954|0.12|0.01|0.03|-0.00|0.00|-0.10|-0.00|0.05|0.00|0.00|0.00|0.00|0.00|-20.29|-0.20|1.53|0.22|-0.02|-0.03|0.06|0.00|-53705.00|3267.00|25195.00|-1159.00
19.101560831069946|0.10|0.02|-0.02|0.00|-0.00|0.03|0.00|-0.02|-0.00|0.01|0.00|0.00|-0.00|-16.10|0.23|-1.28|-0.04|-0.02|-0.03|0.06|0.00|-56217.00|3303.00|24995.00|-1165.00
19.261133909225464|0.08|0.00|-0.03|-0.01|-0.01|0.09|-0.00|-0.05|0.00|0.01|-0.00|-0.00|-0.00|-1.16|-0.09|-9.29|0.10|-0.02|-0.03|0.06|0.00|-56401.00|3288.00|23527.00|-1149.00
19.416735649108887|0.09|-0.02|-0.01|0.01|0.01|0.01|0.00|0.06|-0.00|0.00|-0.00|0.00|-0.00|0.03|-0.02|-0.41|-0.01|-0.02|-0.03|0.06|0.00|-56397.00|3285.00|23462.00|-1150.00
19.57228708267212|0.08|0.00|-0.05|0.01|0.01|0.01|0.00|-0.01|-0.00|0.00|-0.01|0.00|0.00|1.05|0.03|-1.38|-0.08|-0.02|-0.03|0.06|0.00|-56231.00|3290.00|23244.00|-1162.00
19.72785711288452|0.08|-0.07|0.11|-0.01|-0.00|0.03|0.00|-0.00|0.00|-0.01|0.00|0.00|0.00|5.03|0.06|-1.73|0.03|-0.02|-0.03|0.06|0.00|-55452.00|3300.00|22976.00|-1157.00
19.883472681045532|0.10|0.01|0.01|0.01|0.01|0.05|-0.00|-0.02|0.00|-0.01|0.01|0.00|0.00|13.38|-0.10|-4.45|0.16|-0.02|-0.03|0.06|0.00|-53391.00|3284.00|22290.00|-1133.00
20.039055347442627|0.11|0.05|-0.04|-0.01|-0.02|-0.03|0.00|0.03|-0.00|0.00|-0.00|-0.00|-0.00|9.40|0.34|0.10|-0.17|-0.02|-0.03|0.06|0.00|-51924.00|3337.00|22306.00|-1160.00
20.194610118865967|0.09|-0.05|0.03|0.01|0.02|-0.03|-0.00|0.01|0.00|-0.01|0.01|0.00|0.00|5.21|0.07|0.96|0.01|-0.02|-0.03|0.06|0.00|-51101.00|3348.00|22458.00|-1158.00
20.350196361541748|0.08|-0.00|-0.01|-0.01|-0.01|0.02|0.00|-0.02|0.00|-0.01|0.00|0.00|0.00|8.41|0.14|-2.20|0.11|-0.02|-0.03|0.06|0.00|-49822.00|3370.00|22124.00|-1141.00
20.5058171749115|0.07|-0.02|0.05|-0.00|-0.00|0.01|-0.00|0.01|-0.00|-0.01|0.01|0.00|0.00|9.93|0.13|-0.78|-0.14|-0.02|-0.03|0.06|0.00|-48263.00|3391.00|22002.00|-1163.00
20.66240167617798|0.09|0.07|-0.07|0.00|0.00|-0.06|-0.00|0.01|0.00|0.00|-0.00|0.00|0.00|0.99|-0.03|0.06|-0.04|-0.02|-0.03|0.06|0.00|-48108.00|3386.00|22011.00|-1170.00
20.821967840194702|0.09|-0.03|-0.01|-0.00|-0.00|-0.01|0.00|-0.00|0.00|-0.00|-0.00|0.00|-0.00|0.06|0.02|0.00|0.00|-0.02|-0.03|0.06|0.00|-48098.00|3389.00|22011.00|-1170.00
20.973587036132812|0.08|0.01|0.02|0.00|0.00|-0.00|-0.00|-0.00|0.00|-0.00|0.00|0.00|0.00|-0.01|0.00|0.03|0.05|-0.02|-0.03|0.06|0.00|-48099.00|3389.00|22016.00|-1162.00
21.133134126663208|0.07|0.02|0.00|-0.01|-0.01|0.00|-0.00|-0.00|-0.00|0.00|0.00|-0.00|-0.00|0.00|0.00|0.00|0.00|-0.02|-0.03|0.06|0.00|-48099.00|3389.00|22016.00|-1162.00
21.288720846176147|0.08|0.05|-0.02|0.00|0.00|0.00|-0.00|-0.00|-0.00|0.01|-0.00|0.00|-0.00|0.02|-0.05|0.50|-0.14|-0.02|-0.03|0.06|0.00|-48096.00|3382.00|22093.00|-1183.00
21.444273948669434|0.10|0.00|0.00|0.00|0.00|-0.00|-0.00|0.03|0.00|0.01|-0.00|0.00|0.00|-0.04|-0.06|4.69|0.00|-0.02|-0.03|0.06|0.00|-48102.00|3372.00|22834.00|-1183.00
21.603848218917847|0.10|-0.06|-0.02|-0.00|-0.00|-0.00|-0.00|-0.03|0.00|0.00|-0.00|0.00|-0.00|-0.67|-0.13|-0.69|0.03|-0.02|-0.03|0.06|0.00|-48205.00|3352.00|22727.00|-1178.00
21.75946283340454|0.09|-0.02|0.03|0.00|0.00|-0.01|0.00|0.01|-0.00|-0.00|-0.00|0.00|0.00|-1.86|0.09|0.17|-0.02|-0.02|-0.03|0.06|0.00|-48505.00|3366.00|22755.00|-1181.00
21.920011281967163|0.09|0.02|-0.00|-0.00|0.00|0.01|-0.00|-0.00|0.00|0.00|-0.00|-0.00|0.00|-0.04|-0.04|-0.01|-0.01|-0.02|-0.03|0.06|0.00|-48512.00|3359.00|22754.00|-1182.00
22.07861089706421|0.09|-0.03|-0.00|0.00|0.00|-0.00|0.00|-0.02|-0.00|-0.00|-0.00|0.00|0.00|-0.65|0.09|-3.33|-0.03|-0.02|-0.03|0.06|0.00|-48615.00|3373.00|22224.00|-1186.00
22.234764575958252|0.07|0.02|0.00|-0.00|-0.01|0.00|0.00|0.02|0.00|0.00|-0.00|-0.00|-0.00|-0.11|0.10|-0.86|-0.01|-0.02|-0.03|0.06|0.00|-48632.00|3389.00|22087.00|-1187.00
22.394342184066772|0.08|-0.00|-0.03|0.01|-0.00|0.01|0.00|-0.00|0.00|-0.00|-0.01|0.00|-0.00|2.06|0.11|-1.06|0.00|-0.02|-0.03|0.06|0.00|-48308.00|3406.00|21921.00|-1187.00
22.549919366836548|0.09|-0.01|0.01|-0.01|-0.01|-0.00|0.00|-0.00|0.00|-0.00|-0.01|0.00|-0.00|1.71|0.28|-1.48|0.01|-0.02|-0.03|0.06|0.00|-48039.00|3450.00|21689.00|-1186.00
22.705564498901367|0.09|0.02|0.03|-0.00|0.00|-0.01|-0.00|0.01|0.00|0.00|-0.00|-0.00|-0.00|0.11|0.25|-0.01|0.01|-0.02|-0.03|0.06|0.00|-48022.00|3489.00|21687.00|-1184.00
22.86906933784485|0.10|-0.01|-0.05|-0.02|-0.04|0.01|0.00|-0.00|-0.00|0.00|-0.01|-0.00|-0.01|0.98|0.37|-0.01|-0.06|-0.02|-0.03|0.06|0.00|-47870.00|3546.00|21685.00|-1193.00
23.025651454925537|0.12|0.03|0.00|-0.00|-0.01|0.03|0.00|-0.00|0.00|0.00|-0.01|-0.00|-0.01|5.76|0.45|-0.55|0.43|-0.02|-0.03|0.06|-0.00|-46942.00|3619.00|21597.00|-1123.00
23.181238412857056|0.09|-0.02|0.03|0.03|0.05|-0.03|-0.00|0.01|-0.00|0.00|-0.00|0.00|-0.00|0.66|0.13|0.91|-0.12|-0.01|-0.03|0.06|-0.00|-46839.00|3639.00|21740.00|-1142.00
23.340816974639893|0.09|-0.01|0.01|0.01|0.02|-0.00|-0.00|-0.01|0.00|-0.00|0.00|0.00|0.00|0.03|-0.01|-0.04|0.03|-0.01|-0.03|0.06|-0.00|-46835.00|3637.00|21733.00|-1138.00
23.50038480758667|0.10|-0.02|0.02|-0.00|-0.00|0.00|-0.00|-0.00|-0.00|-0.00|0.00|0.00|0.00|0.21|-0.31|-0.05|-0.03|-0.02|-0.03|0.06|-0.00|-46802.00|3588.00|21725.00|-1142.00
23.655994176864624|0.07|0.02|-0.01|-0.02|-0.01|0.06|0.00|0.00|0.00|-0.00|0.00|-0.00|0.00|9.48|0.05|0.00|-0.01|-0.02|-0.03|0.06|-0.00|-45285.00|3596.00|21725.00|-1143.00
23.811671257019043|0.08|0.01|-0.02|0.01|-0.00|0.02|0.00|0.00|0.00|0.00|-0.00|-0.00|-0.00|13.21|0.41|-2.53|0.10|-0.02|-0.03|0.06|-0.00|-43238.00|3659.00|21333.00|-1127.00
23.971129655838013|0.09|-0.01|0.01|0.01|0.00|-0.07|-0.00|-0.00|0.00|-0.00|0.00|0.00|0.00|1.99|0.09|-3.09|0.19|-0.02|-0.03|0.06|-0.00|-42923.00|3674.00|20845.00|-1097.00
24.122721195220947|0.10|0.00|0.01|0.00|0.01|-0.01|0.00|0.01|-0.00|0.00|0.00|0.00|0.00|0.34|0.34|-1.28|-0.05|-0.02|-0.03|0.06|-0.00|-42870.00|3727.00|20645.00|-1105.00
24.28229784965515|0.09|0.01|-0.02|-0.00|-0.00|0.01|-0.00|-0.02|0.00|0.00|-0.00|0.00|0.00|1.24|0.01|-4.04|-0.04|-0.02|-0.03|0.06|0.00|-42680.00|3728.00|20027.00|-1111.00
24.437880277633667|0.09|-0.00|0.01|-0.00|-0.01|-0.00|0.00|0.02|-0.00|0.00|0.00|0.00|0.00|0.70|0.07|-0.95|-0.06|-0.02|-0.03|0.06|0.00|-42569.00|3739.00|19877.00|-1120.00
24.594483852386475|0.08|-0.00|0.00|0.00|0.00|-0.00|-0.00|-0.00|0.00|0.00|0.00|0.00|0.00|0.63|-0.06|-1.34|0.00|-0.02|-0.03|0.06|0.00|-42470.00|3729.00|19668.00|-1120.00
24.746059894561768|0.07|-0.01|-0.00|0.00|0.01|0.01|0.00|-0.00|0.00|-0.00|0.00|0.00|0.00|2.00|-0.03|-1.45|0.12|-0.02|-0.03|0.06|0.00|-42162.00|3725.00|19444.00|-1102.00
24.900647163391113|0.09|-0.01|-0.00|0.00|0.01|-0.00|0.00|0.00|-0.00|-0.00|0.00|0.00|0.00|1.60|0.00|-1.05|0.08|-0.02|-0.03|0.06|0.00|-41912.00|3725.00|19280.00|-1090.00
25.05722427368164|0.11|0.00|-0.00|-0.00|-0.01|-0.01|0.00|0.01|-0.00|-0.00|0.00|0.00|0.00|0.06|0.03|-0.04|0.03|-0.02|-0.03|0.06|0.00|-41903.00|3729.00|19274.00|-1086.00
25.21680235862732|0.10|0.00|-0.00|0.00|-0.01|-0.00|-0.00|0.00|-0.00|-0.00|0.00|0.00|0.00|0.00|0.00|-0.01|-0.02|-0.02|-0.03|0.06|0.00|-41903.00|3729.00|19273.00|-1089.00
25.368399381637573|0.10|0.16|-0.10|0.08|0.10|-0.00|-0.00|0.02|0.00|0.02|-0.02|0.01|0.02|0.09|-0.03|3.61|0.04|-0.01|-0.03|0.06|0.00|-41888.00|3725.00|19844.00|-1082.00
25.527971029281616|0.10|-0.15|0.11|-0.06|-0.09|0.09|-0.00|0.09|-0.01|0.00|0.00|0.00|0.00|14.24|-0.27|17.12|-0.97|-0.01|-0.03|0.06|0.01|-39709.00|3683.00|22464.00|-1231.00
25.687548637390137|0.08|-0.02|0.01|-0.03|-0.03|-0.03|0.00|-0.11|0.01|-0.00|0.00|-0.00|-0.00|9.23|0.20|0.44|-0.01|-0.01|-0.03|0.06|0.00|-38251.00|3714.00|22533.00|-1232.00
25.84309983253479|0.08|-0.00|-0.01|0.00|0.01|-0.06|-0.00|0.04|0.00|-0.00|0.00|-0.00|0.00|0.12|0.01|6.84|0.00|-0.01|-0.03|0.06|0.00|-38232.00|3715.00|23620.00|-1232.00
25.998716354370117|0.09|0.00|-0.00|0.00|-0.01|-0.00|-0.00|0.01|0.00|-0.00|0.00|0.00|-0.00|-0.01|-0.10|8.66|-0.08|-0.01|-0.03|0.06|0.00|-38233.00|3700.00|24963.00|-1244.00
26.15831160545349|0.07|0.01|-0.01|-0.01|-0.01|0.00|0.00|0.01|0.00|-0.00|0.00|-0.00|-0.00|-0.01|-0.09|9.69|0.04|-0.01|-0.03|0.06|0.00|-38234.00|3686.00|26494.00|-1237.00
26.31384587287903|0.11|-0.00|0.00|0.00|0.01|-0.00|0.00|0.03|0.00|-0.00|0.00|-0.00|-0.00|-0.04|-0.01|14.81|0.04|-0.01|-0.03|0.06|0.00|-38240.00|3685.00|28819.00|-1230.00
26.469457864761353|0.10|-0.00|0.00|0.00|0.01|-0.01|-0.00|0.09|0.00|-0.00|0.00|-0.00|0.00|-2.06|-0.09|28.43|0.20|-0.01|-0.03|0.06|0.00|-38564.00|3671.00|33283.00|-1198.00
26.634020566940308|0.10|0.01|-0.01|-0.00|-0.02|-0.01|-0.00|-0.04|-0.00|-0.00|0.00|-0.00|-0.00|-3.13|-0.17|22.69|-0.25|-0.01|-0.03|0.06|0.00|-39055.00|3644.00|36846.00|-1237.00
26.79359531402588|0.10|-0.00|0.00|0.00|0.01|-0.02|0.00|-0.04|0.00|-0.00|0.00|-0.00|-0.00|-7.15|-0.15|15.92|-0.10|-0.01|-0.03|0.06|0.00|-40220.00|3620.00|39441.00|-1253.00
26.953144073486328|0.09|0.00|-0.00|0.00|-0.00|-0.03|-0.00|-0.08|0.00|-0.00|0.00|-0.00|-0.00|-12.26|-0.21|2.67|0.01|-0.01|-0.03|0.06|0.00|-42169.00|3587.00|39866.00|-1252.00
27.10875368118286|0.10|-0.01|0.01|0.00|0.01|0.03|0.00|0.01|0.00|-0.00|0.00|-0.00|0.00|-7.27|-0.13|4.65|0.17|-0.01|-0.03|0.06|0.00|-43339.00|3566.00|40615.00|-1225.00
27.268324613571167|0.10|-0.00|0.00|-0.00|-0.01|-0.01|-0.00|-0.00|-0.00|-0.00|0.00|-0.00|-0.00|-8.37|-0.46|4.53|0.11|-0.01|-0.03|0.06|0.00|-44620.00|3496.00|41308.00|-1208.00
27.427908420562744|0.10|0.01|-0.01|0.00|0.01|0.02|0.00|-0.02|-0.00|-0.00|0.00|-0.00|0.00|-5.59|-0.02|0.88|0.02|-0.01|-0.03|0.06|0.00|-45526.00|3493.00|41450.00|-1205.00
27.588480472564697|0.09|-0.00|0.00|-0.00|-0.00|-0.01|-0.00|-0.01|-0.00|-0.00|0.00|-0.00|0.00|-6.69|-0.34|0.01|-0.02|-0.01|-0.03|0.06|0.00|-46570.00|3440.00|41451.00|-1208.00
27.748021364212036|0.09|0.00|-0.00|0.00|-0.01|0.02|0.00|-0.00|0.00|-0.00|0.00|-0.00|-0.00|-3.93|-0.04|0.01|-0.01|-0.01|-0.03|0.06|0.00|-47199.00|3433.00|41452.00|-1209.00
27.90761923789978|0.08|0.00|-0.00|-0.00|0.00|0.02|0.00|-0.00|-0.00|-0.00|-0.00|-0.00|-0.00|-0.92|0.01|0.00|-0.01|-0.01|-0.03|0.06|0.00|-47346.00|3435.00|41452.00|-1211.00
28.059219121932983|0.09|-0.00|0.01|0.00|0.00|0.00|0.00|-0.00|0.00|-0.00|0.00|0.00|0.00|-0.82|0.04|0.00|-0.01|-0.01|-0.03|0.06|0.00|-47477.00|3442.00|41452.00|-1213.00
28.218791246414185|0.10|-0.00|0.00|-0.00|-0.00|0.00|0.00|-0.00|0.00|-0.00|0.00|-0.00|0.00|-0.29|0.07|-0.01|0.00|-0.01|-0.03|0.06|0.00|-47522.00|3452.00|41450.00|-1213.00
28.37437415122986|0.08|-0.00|-0.00|0.00|0.00|0.00|-0.00|-0.00|0.00|-0.00|0.00|-0.00|0.00|0.22|-0.03|-0.06|-0.03|-0.01|-0.03|0.06|0.00|-47487.00|3448.00|41441.00|-1217.00
28.53394889831543|0.09|0.00|-0.00|0.00|-0.00|0.02|0.00|-0.00|0.00|0.00|-0.00|-0.00|-0.00|3.01|0.11|-0.13|-0.03|-0.01|-0.03|0.06|0.00|-47011.00|3465.00|41420.00|-1221.00
28.693552494049072|0.09|-0.01|0.02|-0.00|-0.01|-0.01|-0.00|0.00|-0.00|-0.00|0.00|-0.00|-0.00|2.22|-0.02|-0.13|-0.08|-0.01|-0.03|0.06|0.00|-46661.00|3462.00|41400.00|-1233.00
28.84911012649536|0.11|0.01|-0.02|0.00|0.01|0.01|0.00|0.00|-0.00|0.00|-0.00|-0.00|0.00|4.36|0.03|-0.07|-0.10|-0.01|-0.03|0.06|0.00|-45963.00|3466.00|41389.00|-1249.00
29.009702444076538|0.09|-0.00|0.00|-0.00|0.02|-0.01|0.00|-0.00|-0.00|-0.00|-0.00|-0.00|0.00|2.68|0.10|-0.45|-0.26|-0.01|-0.03|0.06|0.00|-45547.00|3481.00|41319.00|-1289.00
29.165261268615723|0.09|-0.00|0.01|0.00|-0.02|-0.02|-0.00|0.00|0.00|-0.00|0.00|-0.00|-0.00|0.11|0.05|-0.02|0.00|-0.01|-0.03|0.06|0.00|-45529.00|3489.00|41316.00|-1289.00
29.32483720779419|0.09|-0.00|-0.00|0.00|-0.00|0.00|-0.00|0.00|0.00|-0.00|0.00|-0.00|-0.00|0.46|-0.02|0.00|0.00|-0.01|-0.03|0.06|0.00|-45457.00|3486.00|41316.00|-1289.00
29.480422258377075|0.11|0.00|-0.00|-0.00|0.00|0.00|-0.00|0.00|0.00|0.00|-0.00|-0.00|-0.00|0.62|-0.10|-0.01|0.00|-0.01|-0.03|0.06|0.00|-45360.00|3470.00|41315.00|-1289.00
29.6359760761261|0.10|-0.01|0.01|-0.00|-0.01|0.01|0.00|0.00|0.00|-0.00|0.00|-0.00|-0.00|2.51|0.10|0.00|0.00|-0.01|-0.03|0.06|0.00|-44964.00|3486.00|41315.00|-1289.00
29.7876033782959|0.10|0.01|-0.02|0.00|0.02|0.01|-0.00|0.00|0.00|0.00|-0.00|-0.00|0.00|4.07|0.04|0.11|-0.15|-0.01|-0.03|0.06|0.00|-44337.00|3492.00|41332.00|-1312.00
29.951165437698364|0.09|-0.01|0.01|-0.00|-0.01|-0.05|-0.00|-0.00|0.00|-0.00|0.00|-0.00|-0.00|-3.67|-0.05|0.08|0.15|-0.01|-0.03|0.06|0.00|-44902.00|3485.00|41344.00|-1289.00
30.10677194595337|0.09|-0.00|0.00|0.00|-0.01|0.01|-0.00|-0.00|-0.00|-0.00|0.00|-0.00|-0.00|-2.34|-0.18|0.00|0.03|-0.01|-0.03|0.06|0.00|-45278.00|3456.00|41344.00|-1284.00
30.26632571220398|0.11|0.00|-0.01|0.00|0.01|0.01|0.00|-0.00|-0.00|0.00|-0.00|-0.00|0.00|-0.06|-0.01|0.00|0.01|-0.01|-0.03|0.06|0.00|-45288.00|3455.00|41344.00|-1283.00
30.42190909385681|0.10|-0.00|0.00|-0.00|-0.00|0.00|0.00|-0.00|-0.00|0.00|0.00|-0.00|-0.00|-0.01|0.01|0.00|0.00|-0.01|-0.03|0.06|0.00|-45289.00|3456.00|41344.00|-1283.00
30.578505992889404|0.08|-0.00|-0.00|0.00|-0.00|0.00|0.00|-0.00|-0.00|0.00|-0.00|-0.00|-0.00|0.00|0.03|0.00|0.00|-0.01|-0.03|0.06|0.00|-45289.00|3461.00|41344.00|-1283.00
30.734091758728027|0.09|-0.00|0.01|0.00|0.00|0.00|-0.00|-0.00|-0.00|-0.00|0.00|-0.00|-0.00|0.00|0.00|0.00|0.00|-0.01|-0.03|0.06|0.00|-45289.00|3461.00|41344.00|-1283.00
30.89362144470215|0.08|0.00|0.00|-0.00|-0.00|0.00|-0.00|-0.00|-0.00|-0.00|0.00|-0.00|-0.00|1.45|-0.10|0.00|0.00|-0.01|-0.03|0.06|0.00|-45062.00|3446.00|41344.00|-1283.00
31.04925036430359|0.09|0.00|-0.01|0.00|0.01|0.01|0.00|-0.00|-0.00|-0.00|0.00|-0.00|0.00|2.68|0.03|0.00|0.00|-0.01|-0.03|0.06|0.00|-44638.00|3451.00|41344.00|-1283.00
31.20482110977173|0.09|0.00|0.00|-0.00|-0.01|0.00|0.00|-0.00|-0.00|-0.00|0.00|-0.00|-0.00|3.36|0.17|0.00|-0.03|-0.01|-0.03|0.06|0.00|-44124.00|3477.00|41344.00|-1287.00
31.364362478256226|0.11|-0.00|-0.00|0.00|0.01|-0.01|-0.00|-0.00|-0.00|-0.00|0.00|-0.00|0.00|1.97|-0.06|-0.08|-0.14|-0.02|-0.03|0.06|0.00|-43812.00|3468.00|41332.00|-1309.00
31.5199773311615|0.08|0.00|-0.00|0.00|-0.00|-0.01|0.00|0.00|0.00|-0.00|0.00|0.00|-0.00|-0.01|-0.05|0.00|0.00|-0.02|-0.03|0.06|0.00|-43813.00|3460.00|41332.00|-1309.00
31.67955207824707|0.10|0.00|-0.00|-0.00|-0.00|0.00|0.00|0.00|0.00|-0.00|-0.00|-0.00|-0.00|0.00|0.00|-0.01|0.01|-0.02|-0.03|0.06|0.00|-43813.00|3460.00|41331.00|-1308.00
31.83511757850647|0.09|0.00|-0.01|0.00|-0.00|0.00|0.00|0.00|-0.00|0.00|-0.00|-0.00|-0.00|0.00|0.00|0.00|0.00|-0.02|-0.03|0.06|0.00|-43813.00|3460.00|41331.00|-1308.00
31.990721702575684|0.07|-0.00|0.00|-0.00|0.00|0.00|0.00|0.00|-0.00|0.00|-0.00|-0.00|-0.00|0.00|0.00|0.00|0.00|-0.02|-0.03|0.06|0.00|-43813.00|3460.00|41331.00|-1308.00
32.14228701591492|0.07|0.00|0.00|0.00|-0.01|0.00|0.00|0.00|-0.00|0.00|0.00|-0.00|-0.00|0.00|0.00|0.00|0.00|-0.02|-0.03|0.06|0.00|-43813.00|3460.00|41331.00|-1308.00
32.29787230491638|0.05|-0.00|0.00|-0.00|0.01|0.00|0.00|0.00|-0.00|-0.00|0.00|-0.00|-0.00|0.00|0.00|0.00|0.00|-0.02|-0.03|0.06|0.00|-43813.00|3460.00|41331.00|-1308.00
32.44949913024902|0.09|-0.00|-0.00|0.00|0.00|0.00|0.00|0.00|-0.00|-0.00|0.00|-0.00|0.00|0.00|0.00|0.00|0.00|-0.02|-0.03|0.06|0.00|-43813.00|3460.00|41331.00|-1308.00
32.605082273483276|0.07|0.00|0.00|-0.00|-0.00|0.00|0.00|0.00|-0.00|-0.00|0.00|-0.00|-0.00|0.00|0.00|0.00|0.00|-0.02|-0.03|0.06|0.00|-43813.00|3460.00|41331.00|-1308.00
32.75668430328369|0.08|0.00|0.00|0.00|0.01|0.00|0.00|0.00|-0.00|-0.00|0.00|-0.00|0.00|0.00|0.00|0.00|0.00|-0.02|-0.03|0.06|0.00|-43813.00|3460.00|41331.00|-1308.00
32.916250467300415|0.09|0.00|-0.01|-0.00|-0.01|0.00|0.00|0.00|-0.00|0.00|-0.00|-0.00|-0.00|0.00|0.00|0.00|0.00|-0.02|-0.03|0.06|0.00|-43813.00|3460.00|41331.00|-1308.00
33.067846059799194|0.08|-0.00|0.01|0.00|0.00|0.00|0.00|0.00|-0.00|-0.00|0.00|-0.00|-0.00|0.00|0.00|-0.05|0.00|-0.02|-0.03|0.06|0.00|-43813.00|3460.00|41323.00|-1308.00
33.228415966033936|0.08|-0.00|-0.01|-0.00|0.00|0.00|0.00|-0.01|-0.00|-0.00|-0.00|-0.00|0.00|0.00|0.00|-1.00|0.04|-0.02|-0.03|0.06|0.00|-43813.00|3460.00|41167.00|-1301.00
33.38799023628235|0.07|0.00|0.00|0.00|-0.00|0.00|0.00|-0.02|-0.00|-0.00|-0.00|-0.00|-0.00|0.00|0.00|-4.73|0.00|-0.02|-0.03|0.06|0.00|-43813.00|3460.00|40425.00|-1301.00
33.54358386993408|0.08|-0.00|0.00|-0.00|-0.00|0.00|0.00|0.02|-0.00|-0.00|0.00|-0.00|-0.00|0.00|0.00|-2.30|0.22|-0.02|-0.03|0.06|0.00|-43813.00|3460.00|40064.00|-1267.00
33.699254512786865|0.08|-0.00|0.00|0.00|-0.00|0.00|0.00|0.01|-0.00|-0.00|0.00|-0.00|-0.00|0.00|0.00|-0.17|0.00|-0.02|-0.03|0.06|0.00|-43813.00|3460.00|40037.00|-1267.00
33.854748249053955|0.08|0.00|-0.00|-0.00|-0.00|0.00|0.00|0.00|-0.00|-0.00|0.00|-0.00|-0.00|0.00|0.00|-0.02|0.03|-0.02|-0.03|0.06|0.00|-43813.00|3460.00|40034.00|-1263.00
34.01032900810242|0.08|0.00|-0.00|0.00|0.01|0.00|0.00|-0.00|-0.00|-0.00|-0.00|0.00|0.00|0.00|0.00|-0.07|0.01|-0.02|-0.03|0.06|0.00|-43813.00|3460.00|40023.00|-1262.00
34.16990303993225|0.09|-0.00|0.00|0.00|-0.01|0.00|0.00|-0.01|-0.00|-0.00|0.00|0.00|-0.00|0.04|0.00|-1.62|-0.01|-0.02|-0.03|0.06|0.00|-43806.00|3460.00|39771.00|-1264.00
34.325459003448486|0.09|-0.01|0.01|-0.00|-0.00|0.01|0.00|0.01|-0.00|-0.00|0.00|0.00|-0.00|1.02|-0.12|-0.82|-0.23|-0.02|-0.03|0.06|0.00|-43647.00|3442.00|39643.00|-1300.00
34.48503279685974|0.09|0.01|-0.02|-0.00|0.01|0.02|-0.00|0.00|0.00|0.00|-0.00|-0.00|0.00|4.85|-0.18|-0.06|-0.03|-0.02|-0.03|0.06|0.00|-42881.00|3414.00|39633.00|-1305.00
34.64064693450928|0.08|-0.00|0.00|-0.00|-0.00|-0.03|0.00|0.00|0.00|-0.00|0.00|-0.00|-0.00|0.58|0.03|-0.01|0.01|-0.02|-0.03|0.06|0.00|-42789.00|3419.00|39632.00|-1304.00
34.801223278045654|0.09|0.00|-0.01|0.00|-0.00|-0.00|-0.00|0.00|-0.00|0.00|-0.00|-0.00|-0.00|-0.01|0.00|0.00|0.00|-0.02|-0.03|0.06|0.00|-42790.00|3419.00|39632.00|-1304.00
34.95684003829956|0.08|-0.00|0.01|0.00|0.00|0.00|-0.00|0.00|-0.00|-0.00|0.00|-0.00|-0.00|0.00|0.00|0.00|0.00|-0.02|-0.03|0.06|0.00|-42790.00|3419.00|39632.00|-1304.00
35.11643743515015|0.09|-0.00|-0.00|-0.00|-0.00|0.00|-0.00|0.00|-0.00|-0.00|-0.00|-0.00|-0.00|0.00|0.00|0.00|0.00|-0.02|-0.03|0.06|0.00|-42790.00|3419.00|39632.00|-1304.00
35.268006324768066|0.10|0.00|0.00|0.00|-0.00|0.00|-0.00|0.00|-0.00|-0.00|0.00|-0.00|-0.00|0.00|0.00|0.00|0.00|-0.02|-0.03|0.06|0.00|-42790.00|3419.00|39632.00|-1304.00
35.42359280586243|0.08|0.00|0.00|-0.00|0.00|0.00|-0.00|0.00|-0.00|0.00|0.00|-0.00|-0.00|0.00|0.00|0.00|0.00|-0.02|-0.03|0.06|0.00|-42790.00|3419.00|39632.00|-1304.00
35.58316779136658|0.09|-0.00|-0.00|0.00|0.00|0.00|-0.00|0.00|-0.00|-0.00|0.00|-0.00|-0.00|-1.40|-0.10|0.00|0.00|-0.02|-0.03|0.06|0.00|-43006.00|3404.00|39632.00|-1304.00
35.73875117301941|0.04|-0.01|0.01|-0.00|-0.00|-0.03|0.00|0.00|-0.00|-0.00|0.00|-0.00|-0.00|-5.59|0.00|0.00|0.00|-0.02|-0.03|0.06|0.00|-43890.00|3404.00|39632.00|-1304.00
35.89836144447327|0.09|0.02|-0.01|-0.00|-0.00|-0.20|0.00|0.00|-0.00|0.00|0.00|-0.00|-0.00|-37.18|-0.19|0.13|0.00|-0.02|-0.03|0.06|0.00|-49764.00|3374.00|39652.00|-1304.00
36.05790042877197|0.10|-0.01|0.00|0.00|0.01|0.01|-0.00|-0.00|-0.00|-0.00|0.00|-0.00|0.00|-34.83|-0.40|0.10|0.04|-0.02|-0.03|0.06|0.00|-55302.00|3310.00|39668.00|-1298.00
36.217472553253174|0.09|0.01|-0.01|-0.00|-0.00|-0.00|0.00|-0.00|0.00|0.00|-0.00|-0.00|0.00|-34.87|-0.10|0.09|0.32|-0.02|-0.03|0.06|0.00|-60812.00|3294.00|39682.00|-1248.00
36.37804341316223|0.10|0.01|0.01|-0.00|-0.00|0.15|0.00|-0.00|-0.00|0.00|0.00|-0.00|-0.00|-11.35|-0.04|-0.07|-0.03|-0.02|-0.03|0.06|0.00|-62616.00|3288.00|39671.00|-1252.00
36.537617683410645|0.10|0.01|-0.01|-0.00|-0.00|0.03|-0.00|0.00|0.00|0.00|-0.00|-0.00|-0.00|-5.78|-0.17|0.01|0.00|-0.02|-0.03|0.06|0.00|-63541.00|3260.00|39672.00|-1252.00
36.693204164505005|0.09|-0.02|-0.01|0.00|0.01|0.01|0.00|-0.00|0.00|0.00|-0.00|0.00|-0.00|-4.68|0.01|-0.01|0.03|-0.02|-0.03|0.06|0.00|-64285.00|3261.00|39671.00|-1248.00
36.84888935089111|0.10|0.01|-0.01|-0.00|0.00|0.01|0.00|-0.00|-0.00|0.00|-0.00|0.00|0.00|-3.03|0.08|-0.05|-0.13|-0.02|-0.03|0.06|0.00|-64758.00|3273.00|39663.00|-1269.00
37.0123507976532|0.10|-0.01|0.01|-0.00|-0.00|-0.06|-0.00|-0.01|-0.00|-0.00|-0.00|-0.00|-0.00|-12.10|-0.19|-1.22|-0.24|-0.02|-0.03|0.06|0.00|-66646.00|3243.00|39472.00|-1307.00
37.17192602157593|0.10|0.01|-0.00|0.00|-0.00|0.05|0.00|0.01|0.00|0.00|-0.00|-0.00|-0.00|-3.14|-0.03|-0.33|-0.01|-0.02|-0.03|0.06|0.00|-67167.00|3238.00|39418.00|-1308.00
37.33250093460083|0.09|-0.00|0.01|-0.00|-0.00|-0.00|0.00|0.00|-0.00|0.00|-0.00|-0.00|-0.00|-3.38|0.00|0.02|-0.01|-0.02|-0.03|0.06|0.00|-67701.00|3238.00|39421.00|-1310.00
37.48808217048645|0.09|-0.00|0.00|0.00|0.01|0.02|0.00|0.01|0.00|0.00|-0.00|-0.00|-0.00|-0.01|0.01|2.08|0.00|-0.02|-0.03|0.06|0.00|-67703.00|3239.00|39754.00|-1310.00
37.643736839294434|0.09|-0.01|0.01|-0.00|-0.00|0.00|-0.00|-0.01|0.00|-0.00|0.00|-0.00|-0.00|0.00|0.00|0.79|0.05|-0.02|-0.03|0.06|0.00|-67703.00|3239.00|39875.00|-1303.00
37.80324864387512|0.10|-0.01|-0.02|-0.00|-0.00|0.00|-0.00|-0.01|-0.00|-0.00|-0.00|-0.00|-0.00|0.00|0.00|-0.01|0.04|-0.02|-0.03|0.06|0.00|-67703.00|3239.00|39873.00|-1296.00
37.95882725715637|0.08|0.01|0.01|0.00|0.00|0.00|-0.00|0.00|-0.00|-0.00|-0.00|-0.00|-0.00|0.00|0.00|0.12|0.01|-0.02|-0.03|0.06|0.00|-67703.00|3239.00|39892.00|-1294.00
38.11839985847473|0.08|-0.01|0.01|-0.00|-0.00|0.00|-0.00|-0.00|0.00|-0.00|0.00|-0.00|-0.00|0.00|0.00|0.06|0.14|-0.02|-0.03|0.06|0.00|-67703.00|3239.00|39901.00|-1273.00
38.273953914642334|0.10|0.01|-0.01|0.00|0.00|0.00|-0.00|0.00|0.00|-0.00|0.00|-0.00|-0.00|0.17|-0.01|0.17|0.32|-0.02|-0.03|0.06|0.00|-67677.00|3237.00|39928.00|-1223.00
38.42956900596619|0.10|0.01|-0.01|-0.04|-0.01|0.00|0.00|-0.02|-0.00|0.00|-0.00|-0.01|-0.00|0.58|0.01|-3.40|-0.38|-0.02|-0.03|0.06|0.00|-67587.00|3238.00|39397.00|-1282.00
38.59414887428284|0.10|0.00|-0.00|-0.21|-0.17|0.00|-0.00|-0.25|0.00|0.00|-0.00|-0.04|-0.03|0.83|-0.06|-42.41|-0.20|-0.02|-0.03|0.05|-0.00|-67456.00|3229.00|32697.00|-1314.00
38.76165270805359|0.11|-0.01|0.01|-0.03|-0.17|-0.01|-0.00|-0.27|-0.00|-0.00|0.00|-0.05|-0.06|-0.60|-0.10|-85.68|-0.55|-0.02|-0.03|0.04|-0.01|-67553.00|3213.00|18731.00|-1403.00
38.917236328125|0.10|0.01|-0.01|0.16|0.25|0.04|0.00|0.06|-0.01|-0.00|0.00|-0.02|-0.02|5.67|0.26|-76.12|-1.96|-0.02|-0.03|0.04|-0.02|-66617.00|3256.00|6171.00|-1727.00
39.07284998893738|0.10|-0.00|0.01|0.09|0.13|0.03|0.00|0.05|0.01|-0.00|0.00|-0.01|0.01|11.03|0.30|-68.41|0.20|-0.02|-0.03|0.04|-0.01|-64886.00|3303.00|-4570.00|-1695.00
39.24040412902832|0.09|0.00|-0.01|-0.06|-0.00|-0.01|-0.00|-0.29|-0.01|-0.00|-0.00|-0.02|0.00|9.32|0.24|-114.38|-0.60|-0.02|-0.03|0.03|-0.01|-63432.00|3340.00|-22414.00|-1789.00
39.39595866203308|0.14|-0.01|0.01|0.11|-0.15|-0.02|-0.00|0.35|0.01|-0.00|0.00|0.00|-0.02|5.59|0.05|-56.62|0.79|-0.02|-0.03|0.04|-0.02|-62510.00|3349.00|-31756.00|-1658.00
39.56054949760437|0.09|0.01|-0.01|-0.19|-0.04|-0.00|-0.00|0.35|-0.00|0.00|-0.00|-0.03|-0.03|4.82|-0.03|-0.73|0.51|-0.02|-0.03|0.03|-0.02|-61739.00|3344.00|-31872.00|-1576.00
39.71610403060913|0.08|0.00|-0.00|0.12|0.14|-0.02|0.00|0.01|-0.00|0.00|-0.00|-0.01|-0.00|0.86|0.00|0.38|0.09|-0.02|-0.03|0.03|-0.02|-61600.00|3344.00|-31810.00|-1561.00
39.875678062438965|0.09|-0.00|0.00|0.05|0.02|-0.01|0.00|-0.00|-0.00|-0.00|0.00|-0.00|-0.00|-0.06|0.03|0.08|0.04|-0.02|-0.03|0.03|-0.02|-61609.00|3349.00|-31797.00|-1554.00
40.0392861366272|0.07|0.00|0.00|0.03|-0.00|-0.00|-0.00|-0.00|-0.00|0.00|0.00|0.00|-0.00|-0.08|-0.10|0.05|-0.61|-0.02|-0.03|0.03|-0.02|-61622.00|3333.00|-31789.00|-1651.00
40.19884490966797|0.11|0.00|-0.01|-0.01|-0.00|0.00|-0.00|-0.00|0.01|0.00|-0.00|0.00|-0.00|0.49|-0.12|-0.69|1.61|-0.02|-0.03|0.03|-0.02|-61544.00|3314.00|-31899.00|-1394.00
40.35439991950989|0.10|0.00|-0.00|-0.00|0.01|-0.05|0.00|0.00|-0.01|0.00|-0.00|0.00|0.00|-6.92|0.14|-0.02|0.12|-0.02|-0.03|0.03|-0.02|-62658.00|3337.00|-31902.00|-1374.00
40.5189995765686|0.09|0.00|-0.00|0.00|-0.00|-0.14|-0.00|0.00|-0.00|0.00|-0.00|0.00|-0.00|-28.92|-0.37|-0.01|-0.01|-0.02|-0.03|0.03|-0.02|-67199.00|3279.00|-31903.00|-1375.00
40.67856407165527|0.10|-0.01|0.01|0.00|0.00|0.04|0.00|0.00|0.00|0.00|-0.00|0.00|-0.00|-23.12|-0.31|0.00|0.00|-0.02|-0.03|0.03|-0.02|-70967.00|3229.00|-31903.00|-1375.00
40.83411979675293|0.08|0.02|0.00|-0.00|0.00|0.00|0.00|0.00|0.00|0.00|-0.00|0.00|-0.00|-22.78|-0.03|0.00|0.00|-0.02|-0.03|0.03|-0.02|-74566.00|3225.00|-31903.00|-1375.00
40.993733406066895|0.08|-0.01|-0.00|-0.00|-0.00|0.12|-0.00|0.00|0.00|0.00|-0.00|0.00|-0.00|-4.66|-0.10|0.00|0.00|-0.02|-0.03|0.03|-0.02|-75293.00|3209.00|-31903.00|-1375.00
41.149311780929565|0.09|-0.01|0.00|0.00|0.00|0.02|0.00|0.00|0.00|-0.00|-0.00|0.00|-0.00|-1.55|0.04|0.00|0.00|-0.02|-0.03|0.03|-0.02|-75542.00|3216.00|-31903.00|-1375.00
41.30888772010803|0.10|0.00|-0.00|-0.00|0.00|-0.04|-0.00|0.00|0.00|-0.00|-0.00|0.00|-0.00|-8.47|-0.24|0.00|0.00|-0.02|-0.03|0.03|-0.02|-76864.00|3179.00|-31903.00|-1375.00
41.473413705825806|0.08|0.00|-0.00|0.00|-0.00|-0.05|-0.00|0.00|0.00|0.00|-0.00|0.00|-0.00|-15.89|-0.36|0.00|0.00|-0.02|-0.03|0.03|-0.02|-79406.00|3121.00|-31903.00|-1375.00
41.62504315376282|0.09|0.00|0.00|0.00|0.00|0.05|0.00|0.00|0.00|0.00|-0.00|0.00|-0.00|-7.16|-0.06|0.00|0.00|-0.02|-0.03|0.03|-0.02|-80552.00|3111.00|-31903.00|-1375.00
41.78461217880249|0.09|-0.01|0.01|-0.00|-0.00|0.05|0.00|0.00|0.00|-0.00|0.00|0.00|-0.00|0.00|-0.05|0.00|0.00|-0.02|-0.03|0.03|-0.02|-80552.00|3103.00|-31903.00|-1375.00
41.94027376174927|0.08|-0.00|-0.00|0.00|-0.00|0.05|0.00|0.00|0.00|-0.00|0.00|0.00|-0.00|0.00|-0.01|0.00|0.00|-0.02|-0.03|0.03|-0.02|-80552.00|3102.00|-31903.00|-1375.00
42.095786333084106|0.09|0.01|-0.01|-0.00|0.00|0.05|0.00|0.00|0.00|0.00|-0.00|0.00|-0.00|0.01|0.00|0.00|0.00|-0.02|-0.03|0.03|-0.02|-80551.00|3102.00|-31903.00|-1375.00
42.25136661529541|0.09|-0.01|0.01|0.00|-0.00|0.00|0.00|0.00|0.00|-0.00|0.00|0.00|-0.00|0.25|-0.03|0.00|0.00|-0.02|-0.03|0.03|-0.02|-80513.00|3098.00|-31903.00|-1375.00
42.40695309638977|0.09|0.01|-0.01|-0.00|-0.00|0.04|0.00|0.00|0.00|0.00|-0.00|0.00|-0.00|6.93|0.06|0.00|0.00|-0.02|-0.03|0.03|-0.02|-79432.00|3107.00|-31903.00|-1375.00
42.566527366638184|0.08|-0.00|0.00|-0.00|0.00|-0.02|0.00|0.00|0.00|-0.00|-0.00|0.00|-0.00|4.17|0.15|0.00|0.00|-0.02|-0.03|0.03|-0.02|-78781.00|3131.00|-31903.00|-1375.00
42.72213315963745|0.08|0.00|-0.00|0.00|0.00|-0.03|-0.00|0.00|0.00|0.00|-0.00|0.00|-0.00|0.01|0.00|0.00|0.00|-0.02|-0.03|0.03|-0.02|-78779.00|3131.00|-31903.00|-1375.00
42.87769603729248|0.10|-0.00|0.01|-0.00|-0.00|-0.00|-0.00|0.00|0.00|0.00|0.00|0.00|-0.00|0.00|0.01|0.00|0.00|-0.02|-0.03|0.03|-0.02|-78779.00|3132.00|-31903.00|-1375.00
43.03726840019226|0.07|-0.00|0.00|-0.00|0.00|-0.00|-0.00|0.00|0.00|-0.00|0.00|0.00|-0.00|0.00|0.00|0.00|0.00|-0.02|-0.03|0.03|-0.02|-78779.00|3132.00|-31903.00|-1375.00
43.1928551197052|0.08|0.00|-0.00|0.00|0.00|-0.00|-0.00|0.00|0.00|0.00|-0.00|0.00|-0.00|0.00|0.00|0.00|0.00|-0.02|-0.03|0.03|-0.02|-78779.00|3132.00|-31903.00|-1375.00
43.34843921661377|0.08|-0.00|0.01|-0.00|-0.00|-0.00|-0.00|0.00|0.00|-0.00|0.00|0.00|-0.00|0.00|0.00|0.00|0.00|-0.02|-0.03|0.03|-0.02|-78779.00|3132.00|-31903.00|-1375.00
43.50903654098511|0.09|-0.00|0.00|0.00|-0.00|-0.00|-0.00|0.00|0.00|-0.00|0.00|0.00|-0.00|0.00|0.00|0.00|0.00|-0.02|-0.03|0.03|-0.02|-78779.00|3132.00|-31903.00|-1375.00
43.66858673095703|0.08|0.00|-0.01|-0.00|0.00|-0.00|-0.00|0.00|0.00|-0.00|-0.00|0.00|-0.00|0.00|0.00|0.00|0.00|-0.02|-0.03|0.03|-0.02|-78779.00|3132.00|-31903.00|-1375.00
43.82416820526123|0.08|0.00|-0.00|-0.00|0.00|-0.00|-0.00|0.00|0.00|0.00|-0.00|0.00|-0.00|0.00|0.00|0.00|0.00|-0.02|-0.03|0.03|-0.02|-78779.00|3132.00|-31903.00|-1375.00
43.983741760253906|0.09|0.00|-0.00|-0.00|-0.00|-0.00|-0.00|0.00|0.00|0.00|-0.00|0.00|-0.00|-0.38|-0.19|0.00|0.00|-0.02|-0.03|0.03|-0.02|-78838.00|3102.00|-31903.00|-1375.00
44.13933277130127|0.08|-0.01|0.01|0.00|0.00|-0.02|0.00|0.00|0.00|-0.00|0.00|0.00|-0.00|-3.64|-0.08|0.00|0.00|-0.02|-0.03|0.03|-0.02|-79420.00|3090.00|-31903.00|-1375.00
44.29890751838684|0.10|0.00|-0.01|-0.00|-0.00|0.02|0.00|0.00|0.00|0.00|-0.00|0.00|-0.00|0.11|0.01|0.00|0.00|-0.02|-0.03|0.03|-0.02|-79402.00|3092.00|-31903.00|-1375.00
44.454485177993774|0.08|0.00|-0.00|0.00|-0.00|-0.00|0.00|0.00|0.00|0.00|-0.00|0.00|-0.00|-0.04|0.01|0.00|0.00|-0.02|-0.03|0.03|-0.02|-79408.00|3094.00|-31903.00|-1375.00
44.61406373977661|0.08|-0.00|0.00|-0.00|0.00|-0.01|-0.00|0.00|0.00|-0.00|0.00|0.00|-0.00|-1.28|-0.08|0.00|0.00|-0.02|-0.03|0.03|-0.02|-79608.00|3081.00|-31903.00|-1375.00
44.770665645599365|0.09|-0.00|0.00|0.00|-0.00|0.01|0.00|0.00|0.00|-0.00|0.00|0.00|-0.00|-0.38|-0.01|0.00|0.00|-0.02|-0.03|0.03|-0.02|-79669.00|3080.00|-31903.00|-1375.00
44.930219650268555|0.07|-0.01|0.01|0.00|-0.00|0.00|-0.00|0.00|0.00|-0.00|0.00|0.00|-0.00|0.05|-0.03|0.00|0.00|-0.02|-0.03|0.03|-0.02|-79661.00|3076.00|-31903.00|-1375.00
