0.003988742828369141|00|40387.00|-225.0000|0.00|-0.00|0.00|-0.00|-0.00|-0.00|-0.00|-0.01|-0.01|0.00|0.00|0.00|0.00|0.01|-0.04|0.11|0.05|6115.00|477.00|-15387.00|-225.00
0.016954421997070312|0|0.00|-0.00|0.00|-0.00|-0.00|-0.00|-0.00|-0.01|-0.01|0.00|0.00|0.00|0.00|0.01|-0.04|0.11|0.05|6115.00|477.00|-15387.00|-225.00
0.15462660789489746|0.08|0.00|0.00|0.00|0.00|-0.00|0.00|-0.00|-0.00|-0.00|0.00|-0.01|-0.01|0.00|0.00|0.00|0.00|0.01|-0.04|0.10|0.04|6115.00|477.00|-15387.00|-225.00
0.3102262020111084|0.09|0.00|-0.00|-0.00|-0.00|-0.00|0.00|-0.00|-0.00|-0.00|-0.00|-0.01|-0.01|0.00|0.00|0.00|0.00|0.01|-0.04|0.10|0.04|6115.00|477.00|-15387.00|-225.00
0.46176671981811523|0.09|-0.00|0.00|0.01|0.01|-0.00|0.00|-0.00|-0.00|-0.00|-0.00|-0.01|-0.01|0.00|0.00|0.00|0.00|0.01|-0.04|0.10|0.04|6115.00|477.00|-15387.00|-225.00
0.617379903793335|0.08|0.00|-0.00|-0.00|-0.00|-0.00|0.00|-0.00|-0.00|-0.00|-0.00|-0.01|-0.01|0.00|0.00|0.00|0.00|0.01|-0.04|0.10|0.04|6115.00|477.00|-15387.00|-225.00
0.7679836750030518|0.07|0.00|0.00|0.00|0.00|-0.00|0.00|-0.00|-0.00|-0.00|-0.00|-0.01|-0.01|0.00|0.00|0.00|0.00|0.01|-0.04|0.10|0.04|6115.00|477.00|-15387.00|-225.00
0.9205410480499268|0.10|0.00|0.00|0.00|0.00|-0.00|0.00|-0.00|-0.00|-0.00|-0.00|-0.01|-0.01|0.00|0.00|0.00|0.00|0.01|-0.04|0.09|0.04|6115.00|477.00|-15387.00|-225.00
1.0758404731750488|0.09|-0.00|-0.00|0.00|-0.00|-0.00|0.00|-0.00|-0.00|-0.00|-0.00|-0.01|-0.01|0.00|0.00|0.00|0.00|0.01|-0.04|0.09|0.03|6115.00|477.00|-15387.00|-225.00
1.227128267288208|0.08|0.00|-0.00|0.00|0.00|-0.00|0.00|-0.00|-0.00|-0.00|-0.00|-0.01|-0.01|0.00|0.00|0.00|0.00|0.01|-0.04|0.09|0.03|6115.00|477.00|-15387.00|-225.00
1.3826189041137695|0.09|0.00|-0.00|-0.00|-0.00|-0.00|0.00|-0.00|-0.00|-0.00|-0.00|-0.01|-0.01|0.00|0.00|0.00|0.00|0.01|-0.04|0.09|0.03|6115.00|477.00|-15387.00|-225.00
1.534226894378662|0.08|0.00|0.00|0.00|0.00|-0.00|0.00|-0.00|-0.00|-0.00|-0.00|-0.01|-0.01|0.00|0.00|0.00|0.00|0.01|-0.04|0.09|0.03|6115.00|477.00|-15387.00|-225.00
1.6897706985473633|0.08|0.00|-0.00|0.00|0.00|-0.00|0.00|-0.00|-0.00|-0.00|-0.00|-0.01|-0.01|0.00|0.00|0.00|0.00|0.01|-0.04|0.09|0.03|6115.00|477.00|-15387.00|-225.00
1.8414123058319092|0.08|-0.00|0.00|0.01|0.00|-0.00|0.00|-0.00|-0.00|-0.00|-0.00|-0.01|-0.01|0.00|0.00|0.00|0.00|0.01|-0.04|0.08|0.03|6115.00|477.00|-15387.00|-225.00
1.9969913959503174|0.09|0.00|-0.00|-0.00|0.00|-0.00|0.00|-0.00|-0.00|-0.00|-0.00|-0.01|-0.01|0.00|0.00|0.01|0.07|0.01|-0.04|0.08|0.02|6115.00|477.00|-15386.00|-214.00
2.152578830718994|0.09|0.00|-0.00|-0.00|0.00|-0.00|0.00|-0.00|-0.00|-0.00|-0.00|-0.01|-0.01|0.00|0.00|0.00|-0.11|0.01|-0.05|0.08|0.02|6115.00|477.00|-15386.00|-231.00
2.3081676959991455|0.08|-0.00|-0.00|-0.00|-0.01|-0.00|0.00|-0.00|0.00|-0.00|-0.00|-0.01|-0.01|0.00|0.00|0.01|0.02|0.01|-0.05|0.08|0.02|6115.00|477.00|-15385.00|-228.00
2.459787607192993|0.08|-0.00|0.00|0.02|0.01|-0.00|0.00|-0.00|0.00|-0.00|-0.00|-0.01|-0.01|0.00|0.00|-0.04|0.03|0.01|-0.05|0.08|0.02|6115.00|477.00|-15391.00|-224.00
2.6073520183563232|0.09|0.00|-0.00|0.47|0.15|-0.00|0.00|0.25|0.01|-0.00|-0.00|0.06|0.01|0.00|0.00|38.55|1.94|0.00|-0.05|0.09|0.02|6115.00|477.00|-9531.00|71.00
2.7589638233184814|0.10|-0.00|0.00|-0.22|-0.00|-0.00|0.00|0.67|0.00|-0.00|-0.00|0.03|0.01|0.00|0.00|137.54|2.28|0.00|-0.05|0.09|0.02|6115.00|477.00|10687.00|406.00
2.910583019256592|0.07|0.00|-0.00|-0.07|0.03|-0.00|0.00|0.01|-0.02|-0.00|-0.00|0.02|0.02|0.00|0.00|138.40|-0.02|0.00|-0.05|0.09|0.03|6115.00|477.00|31586.00|403.00
3.062133312225342|0.08|0.00|-0.00|-0.14|-0.07|-0.00|0.00|-0.39|0.00|-0.00|-0.00|-0.00|0.01|0.00|0.00|79.46|0.18|0.00|-0.05|0.09|0.03|6115.00|477.00|43664.00|431.00
3.2177278995513916|0.09|-0.00|0.00|-0.06|-0.09|-0.00|0.00|-0.17|-0.01|-0.00|-0.00|-0.01|-0.01|0.00|0.00|54.06|-0.76|0.00|-0.05|0.09|0.03|6115.00|477.00|51827.00|316.00
3.3693363666534424|0.09|-0.00|-0.00|0.03|0.04|-0.00|0.00|0.02|-0.00|-0.00|-0.00|-0.01|-0.00|0.00|0.00|56.46|-1.34|0.00|-0.05|0.09|0.03|6115.00|477.00|60578.00|108.00
3.5209269523620605|0.09|0.00|0.00|0.02|0.03|-0.00|0.00|-0.13|0.01|-0.00|-0.00|-0.00|0.00|0.00|0.00|36.04|-0.46|0.00|-0.05|0.09|0.03|6115.00|477.00|66092.00|38.00
3.668092966079712|0.09|0.01|-0.00|-0.01|0.02|-0.00|0.00|-0.19|-0.00|0.00|-0.00|-0.00|0.00|0.00|0.00|8.07|-0.55|0.00|-0.05|0.09|0.03|6115.00|477.00|67295.00|-44.00
3.819725513458252|0.07|-0.01|0.00|-0.02|-0.04|-0.00|0.00|0.00|0.01|-0.00|-0.00|-0.01|-0.00|0.00|0.00|8.31|0.65|0.00|-0.05|0.09|0.03|6115.00|477.00|68541.00|53.00
3.9753682613372803|0.10|0.00|-0.00|-0.01|-0.03|-0.00|0.00|-0.05|-0.00|-0.00|-0.00|-0.01|-0.01|-0.03|0.03|1.51|-0.03|0.00|-0.05|0.09|0.03|6111.00|482.00|68768.00|49.00
4.122871160507202|0.10|-0.00|0.00|0.02|0.04|0.00|-0.00|-0.01|0.00|-0.00|-0.00|-0.00|-0.00|0.08|-0.02|0.00|0.01|0.00|-0.05|0.09|0.02|6123.00|479.00|68768.00|51.00
4.278447866439819|0.09|0.00|-0.00|-0.03|-0.03|-0.00|0.00|-0.01|-0.00|0.00|-0.00|-0.01|-0.01|-0.09|-0.01|-1.25|0.00|0.00|-0.05|0.09|0.02|6109.00|478.00|68582.00|51.00
4.434056758880615|0.11|-0.00|0.00|-0.01|-0.01|0.00|0.00|-0.11|-0.00|-0.00|-0.00|-0.01|-0.01|-0.03|0.03|-18.83|0.00|0.00|-0.05|0.09|0.02|6105.00|482.00|65682.00|51.00
4.585598707199097|0.08|-0.00|-0.01|0.01|0.00|0.00|0.00|-0.11|-0.00|-0.00|-0.00|-0.01|-0.01|-0.01|0.03|-35.40|0.48|0.00|-0.05|0.09|0.02|6103.00|486.00|60230.00|125.00
4.73724102973938|0.10|-0.00|0.01|0.01|0.02|0.00|-0.00|0.05|0.00|-0.00|-0.00|-0.01|-0.00|0.00|0.00|-27.51|0.92|0.00|-0.05|0.08|0.02|6103.00|486.00|55994.00|266.00
4.892821311950684|0.11|0.00|-0.01|-0.00|-0.00|0.00|-0.00|0.03|-0.00|-0.00|-0.00|-0.01|-0.00|0.00|0.00|-23.56|0.47|0.00|-0.05|0.08|0.02|6103.00|486.00|52460.00|337.00
5.044424772262573|0.10|0.01|0.00|-0.01|-0.02|0.00|-0.00|-0.03|-0.00|0.00|-0.00|-0.01|-0.01|0.00|0.00|-28.30|0.21|0.00|-0.05|0.08|0.02|6103.00|486.00|48074.00|370.00
5.195972919464111|0.07|-0.00|0.00|0.01|-0.00|0.00|-0.00|0.03|0.00|-0.00|-0.00|-0.01|-0.01|0.00|0.00|-23.86|0.35|0.00|-0.05|0.08|0.02|6103.00|486.00|44423.00|424.00
5.347396612167358|0.08|-0.00|0.00|-0.00|0.01|0.00|-0.00|0.15|-0.00|-0.00|-0.00|-0.01|-0.01|0.00|0.00|-1.02|-0.07|0.00|-0.05|0.08|0.02|6103.00|486.00|44269.00|414.00
5.5029871463775635|0.08|-0.00|-0.01|0.01|0.00|0.00|-0.00|0.00|-0.00|-0.00|-0.00|-0.01|-0.01|0.00|0.00|-0.68|-0.13|0.00|-0.05|0.08|0.02|6103.00|486.00|44165.00|394.00
5.654607534408569|0.09|0.00|0.01|-0.00|0.00|0.00|-0.00|0.00|0.00|-0.00|-0.00|-0.01|-0.01|0.00|0.00|-0.32|-0.07|0.00|-0.05|0.08|0.02|6103.00|486.00|44116.00|383.00
5.810148477554321|0.10|-0.00|-0.00|0.00|0.00|0.00|-0.00|-0.00|-0.00|-0.00|-0.00|-0.01|-0.01|-0.02|-0.03|-0.32|-0.14|0.00|-0.05|0.08|0.02|6100.00|482.00|44067.00|362.00
5.961946487426758|0.07|-0.00|-0.00|0.00|-0.01|0.00|0.00|0.00|0.00|-0.00|-0.00|-0.01|-0.01|0.06|0.09|-0.18|-0.03|0.00|-0.05|0.08|0.02|6109.00|496.00|44039.00|358.00
6.11356520652771|0.08|-0.03|0.02|0.00|0.01|-0.00|-0.00|0.00|0.00|-0.00|0.00|-0.01|-0.00|-0.54|-0.24|-0.05|-0.01|0.00|-0.05|0.07|0.01|6027.00|460.00|44031.00|356.00
6.269192457199097|0.09|-0.48|0.23|0.00|0.00|-0.35|0.01|-0.00|-0.00|-0.08|0.04|-0.01|-0.00|-53.80|1.64|-0.27|-0.05|-0.01|-0.04|0.07|0.01|-2205.00|711.00|43989.00|349.00
6.428789138793945|0.08|0.29|-0.38|0.00|-0.00|-0.46|-0.01|0.00|0.00|-0.03|-0.02|-0.01|-0.01|-125.54|0.03|-0.13|-0.02|-0.01|-0.05|0.07|0.01|-21664.00|715.00|43969.00|346.00
6.5892393589019775|0.09|0.11|0.18|0.00|0.01|0.07|-0.00|0.00|-0.00|-0.02|0.01|-0.01|-0.00|-113.56|-0.34|-0.09|-0.03|-0.02|-0.04|0.07|0.01|-39833.00|660.00|43955.00|341.00
6.74894905090332|0.08|-0.10|0.16|-0.00|-0.01|0.43|-0.01|0.00|-0.00|-0.03|0.03|-0.01|-0.00|-46.75|-1.20|-0.06|-0.03|-0.02|-0.04|0.07|0.01|-47173.00|472.00|43945.00|336.00
6.9045093059539795|0.11|-0.21|-0.02|-0.00|-0.01|0.23|0.02|0.00|0.00|-0.07|0.03|-0.01|-0.01|-9.50|1.60|-0.01|-0.02|-0.03|-0.04|0.07|0.01|-48683.00|726.00|43944.00|333.00
7.06012749671936|0.09|0.45|-0.18|-0.00|0.01|0.13|-0.00|-0.00|-0.00|0.00|0.00|-0.01|-0.01|10.96|0.97|-0.04|-0.02|-0.03|-0.04|0.07|0.01|-46973.00|878.00|43937.00|330.00
7.211622953414917|0.08|-0.10|0.12|0.01|0.03|0.01|-0.01|0.00|0.00|-0.01|0.02|-0.00|-0.00|12.83|0.12|-0.01|0.00|-0.03|-0.03|0.07|0.01|-44972.00|897.00|43935.00|330.00
7.367210388183594|0.09|0.05|0.06|-0.01|-0.03|0.06|0.00|-0.00|0.00|-0.00|0.03|-0.01|-0.00|22.02|0.32|-0.08|-0.02|-0.03|-0.03|0.07|0.01|-41625.00|945.00|43923.00|327.00
7.522798299789429|0.10|-0.01|0.03|0.00|-0.00|-0.06|-0.00|0.00|0.00|-0.01|0.03|-0.01|-0.00|12.72|0.31|-0.01|0.00|-0.04|-0.02|0.07|0.01|-39641.00|994.00|43922.00|327.00
7.678401947021484|0.08|0.05|-0.12|-0.00|-0.00|-0.03|-0.00|0.00|0.00|0.00|0.02|-0.01|-0.00|7.51|-0.13|0.00|0.00|-0.04|-0.02|0.07|0.01|-38477.00|974.00|43922.00|327.00
7.829959392547607|0.09|0.03|-0.16|0.00|0.01|0.07|0.00|0.00|0.00|0.01|-0.01|-0.01|-0.00|18.93|0.09|0.00|0.00|-0.03|-0.02|0.06|0.01|-35581.00|988.00|43922.00|327.00
7.981573820114136|0.07|-0.04|0.11|0.00|0.00|-0.04|0.00|0.00|0.00|-0.00|0.01|-0.01|-0.00|12.78|0.20|-5.38|0.18|-0.03|-0.02|0.06|0.01|-33639.00|1019.00|43104.00|355.00
8.141138553619385|0.10|0.04|-0.05|0.00|-0.01|-0.08|-0.00|-0.02|-0.00|0.00|-0.00|-0.01|-0.00|0.04|-0.05|-8.01|0.18|-0.03|-0.02|0.06|0.01|-33633.00|1012.00|41879.00|382.00
8.29673171043396|0.09|-0.01|-0.02|0.00|0.01|-0.00|0.00|0.04|-0.00|0.00|-0.00|-0.00|-0.00|0.00|-0.04|-1.52|0.13|-0.03|-0.02|0.06|0.01|-33633.00|1005.00|41639.00|402.00
8.456305742263794|0.11|-0.00|-0.01|-0.00|-0.00|-0.00|0.00|0.01|-0.00|0.00|-0.01|-0.01|-0.00|-0.04|0.03|-0.39|0.00|-0.03|-0.02|0.06|0.00|-33639.00|1009.00|41578.00|402.00
8.611889123916626|0.08|-0.03|0.00|0.01|0.01|-0.00|-0.00|-0.04|-0.00|-0.00|-0.01|-0.00|-0.00|-0.23|-0.56|-6.11|0.06|-0.03|-0.02|0.06|0.00|-33675.00|920.00|40613.00|411.00
8.771450281143188|0.10|0.03|0.01|-0.00|-0.01|-0.06|0.00|-0.03|0.00|0.00|-0.00|-0.01|-0.00|-9.18|-0.12|-10.54|0.32|-0.03|-0.02|0.06|0.00|-35116.00|901.00|38958.00|461.00
8.932029962539673|0.07|0.01|-0.00|-0.00|0.01|-0.07|-0.00|0.07|-0.00|0.00|-0.00|-0.01|-0.00|-20.78|-0.32|-0.08|-0.04|-0.03|-0.02|0.06|0.00|-38399.00|850.00|38945.00|455.00
9.082621812820435|0.10|-0.03|0.01|0.00|0.02|0.00|-0.00|0.01|0.00|-0.00|-0.00|-0.00|0.00|-20.69|-0.43|0.84|0.11|-0.03|-0.03|0.06|0.00|-41688.00|782.00|39078.00|472.00
9.243212223052979|0.11|0.00|-0.02|-0.00|-0.04|-0.01|-0.00|-0.01|-0.00|0.00|-0.00|-0.00|-0.00|-22.31|-0.62|-0.37|0.01|-0.03|-0.03|0.06|0.00|-45101.00|687.00|39022.00|474.00
9.39879298210144|0.09|0.02|0.00|0.01|0.02|0.05|0.00|0.01|-0.00|0.00|-0.00|-0.00|-0.00|-13.60|-0.25|0.81|-0.04|-0.03|-0.03|0.06|0.00|-47291.00|646.00|39153.00|467.00
9.558361768722534|0.09|-0.04|0.02|-0.00|-0.01|0.02|-0.00|0.15|-0.00|-0.00|-0.00|-0.00|-0.00|-11.14|-0.43|24.19|-0.23|-0.03|-0.03|0.06|0.00|-49007.00|580.00|42878.00|432.00
9.713960647583008|0.07|0.03|0.02|-0.00|0.00|0.06|0.00|-0.11|-0.00|0.00|0.00|-0.00|-0.00|-1.14|-0.01|7.22|-0.28|-0.03|-0.03|0.06|0.00|-49189.00|578.00|44033.00|388.00
9.865499258041382|0.07|0.00|0.00|-0.00|0.00|0.01|-0.00|-0.06|0.00|0.00|0.00|-0.00|-0.00|0.00|-0.01|-1.77|0.10|-0.03|-0.03|0.05|0.00|-49189.00|576.00|43760.00|403.00
10.02121901512146|0.09|0.01|-0.04|-0.00|0.00|0.01|0.00|-0.06|-0.00|0.00|-0.01|-0.00|-0.00|-0.01|0.05|-11.14|0.00|-0.03|-0.03|0.05|0.00|-49190.00|583.00|42056.00|403.00
10.176699161529541|0.08|-0.01|0.04|-0.00|0.00|0.00|-0.00|0.00|-0.00|0.00|0.00|-0.00|-0.00|0.00|0.00|-11.06|0.04|-0.03|-0.03|0.05|0.00|-49190.00|583.00|40330.00|410.00
10.328307151794434|0.09|-0.01|0.02|0.00|-0.02|0.00|-0.00|0.02|-0.00|-0.00|0.00|-0.00|-0.00|9.97|0.86|-7.33|0.00|-0.03|-0.03|0.05|0.00|-47655.00|715.00|39201.00|410.00
10.487886190414429|0.10|0.01|-0.04|-0.00|0.01|0.14|-0.00|0.06|-0.00|0.00|-0.00|-0.00|-0.00|31.61|0.83|2.41|-0.05|-0.03|-0.03|0.05|-0.00|-42819.00|842.00|39569.00|402.00
10.643472671508789|0.10|-0.01|0.02|-0.00|0.01|-0.16|-0.00|-0.00|-0.00|0.00|0.00|-0.00|-0.00|6.25|0.30|1.65|-0.24|-0.03|-0.03|0.05|-0.00|-41844.00|889.00|39826.00|364.00
10.795058488845825|0.10|0.00|0.00|0.00|-0.00|-0.02|-0.00|-0.01|0.00|0.00|0.00|-0.00|-0.00|2.38|0.03|0.00|0.04|-0.03|-0.03|0.05|-0.00|-41470.00|894.00|39826.00|370.00
10.950596570968628|0.08|0.00|-0.01|-0.01|-0.01|-0.01|0.00|-0.01|-0.00|0.00|-0.00|-0.00|-0.00|1.22|0.16|0.33|-0.07|-0.03|-0.03|0.05|-0.00|-41285.00|918.00|39876.00|359.00
11.106224775314331|0.09|0.00|-0.02|-0.00|0.00|0.00|0.00|0.01|-0.00|0.00|-0.00|-0.00|-0.00|1.43|0.27|1.14|-0.23|-0.03|-0.03|0.05|-0.00|-41061.00|960.00|40055.00|323.00
11.26181149482727|0.09|0.04|-0.04|0.01|0.01|-0.01|0.00|0.00|0.00|0.01|-0.01|-0.00|-0.00|-0.01|0.29|1.88|-0.04|-0.03|-0.03|0.05|-0.00|-41063.00|1005.00|40347.00|317.00
11.422366380691528|0.09|-0.01|0.01|-0.01|-0.00|-0.03|-0.00|-0.01|-0.00|0.01|-0.01|-0.00|-0.00|-4.55|0.19|0.54|-0.06|-0.03|-0.03|0.05|-0.00|-41764.00|1034.00|40430.00|308.00
11.581971168518066|0.05|-0.02|0.03|0.00|0.00|-0.10|-0.00|0.04|-0.00|0.00|-0.00|-0.00|-0.00|-21.32|-0.02|6.86|-0.14|-0.03|-0.03|0.05|-0.00|-45197.00|1030.00|41534.00|286.00
11.741527318954468|0.08|0.00|0.01|-0.01|-0.01|0.01|-0.00|-0.03|0.00|0.00|-0.00|-0.00|-0.00|-19.35|-0.37|1.60|-0.11|-0.03|-0.03|0.05|-0.00|-48273.00|971.00|41789.00|268.00
11.897120475769043|0.10|0.03|-0.02|-0.02|-0.01|0.14|0.00|-0.02|0.00|0.01|-0.01|-0.01|-0.01|2.29|0.25|-1.04|0.17|-0.03|-0.03|0.05|-0.01|-47914.00|1010.00|41625.00|295.00
12.048717260360718|0.10|-0.05|0.05|0.06|0.05|0.14|0.00|-0.03|-0.00|-0.00|0.00|0.00|0.00|23.55|0.78|-5.72|0.04|-0.03|-0.03|0.05|-0.00|-44216.00|1132.00|40727.00|302.00
12.208289861679077|0.11|0.02|0.00|-0.03|-0.03|-0.13|-0.00|0.02|-0.00|0.00|0.00|-0.00|-0.00|4.23|0.07|-1.88|-0.14|-0.02|-0.03|0.05|-0.01|-43564.00|1143.00|40438.00|281.00
12.363878965377808|0.10|-0.01|0.01|-0.01|-0.02|-0.02|-0.00|-0.01|0.00|0.00|0.00|-0.00|-0.00|0.81|-0.01|-4.03|0.24|-0.02|-0.03|0.05|-0.01|-43438.00|1142.00|39809.00|319.00
12.52345323562622|0.10|-0.04|0.03|0.01|0.01|-0.01|-0.00|-0.06|0.00|-0.01|0.01|-0.00|-0.00|0.00|-0.06|-13.18|0.45|-0.03|-0.03|0.04|-0.01|-43438.00|1133.00|37714.00|390.00
12.679028749465942|0.09|0.00|-0.03|-0.00|0.00|-0.01|0.00|0.07|-0.00|-0.01|0.00|-0.00|-0.00|4.49|0.04|-1.89|0.06|-0.03|-0.03|0.04|-0.01|-42728.00|1139.00|37415.00|400.00
12.838609218597412|0.10|0.05|-0.00|-0.01|-0.01|-0.00|0.00|0.01|-0.00|0.00|0.00|-0.00|-0.00|4.31|0.08|-0.08|-0.01|-0.03|-0.03|0.04|-0.01|-42060.00|1151.00|37403.00|399.00
12.99514126777649|0.09|0.03|-0.00|-0.01|-0.01|-0.03|-0.00|0.00|0.00|0.01|0.00|-0.00|-0.01|0.06|-0.06|-0.05|0.01|-0.03|-0.03|0.04|-0.01|-42050.00|1141.00|37395.00|401.00
13.150773286819458|0.07|-0.03|-0.01|0.01|0.02|0.01|-0.00|0.00|0.00|0.00|0.00|-0.00|-0.00|1.64|-0.15|-0.03|0.04|-0.03|-0.03|0.04|-0.01|-41793.00|1118.00|37390.00|408.00
13.306397199630737|0.07|0.03|-0.01|-0.00|-0.01|0.01|0.00|0.00|-0.00|0.01|-0.00|-0.00|-0.00|3.62|0.05|-0.02|0.01|-0.02|-0.03|0.04|-0.01|-41236.00|1125.00|37387.00|410.00
13.462043285369873|0.09|0.08|-0.07|0.00|0.00|-0.02|-0.00|0.00|0.00|0.02|-0.01|-0.00|-0.00|0.49|-0.03|-0.01|0.07|-0.02|-0.03|0.04|-0.01|-41159.00|1120.00|37386.00|421.00
13.617511510848999|0.10|-0.07|0.03|0.01|0.03|-0.00|0.00|0.00|-0.00|0.01|-0.01|-0.00|-0.00|0.08|-0.03|0.01|0.01|-0.02|-0.03|0.04|-0.01|-41147.00|1116.00|37387.00|422.00
13.773104190826416|0.10|-0.03|0.04|-0.01|-0.01|-0.00|0.00|-0.00|-0.00|0.00|-0.00|-0.00|-0.00|0.00|0.01|0.00|0.00|-0.02|-0.03|0.04|-0.01|-41147.00|1117.00|37387.00|422.00
13.932679414749146|0.09|-0.00|0.00|0.00|-0.01|-0.00|0.00|-0.00|-0.00|0.00|-0.00|-0.00|-0.00|3.71|0.13|0.00|0.00|-0.02|-0.03|0.04|-0.01|-40561.00|1137.00|37387.00|422.00
14.084282398223877|0.10|0.02|-0.03|0.00|0.02|0.07|0.00|-0.00|-0.00|0.00|-0.00|-0.00|0.00|15.22|0.41|0.00|0.00|-0.02|-0.03|0.04|-0.01|-38186.00|1201.00|37387.00|422.00
14.243857383728027|0.10|-0.04|0.03|-0.00|0.02|-0.08|-0.00|-0.00|-0.00|-0.00|0.00|-0.00|0.00|3.64|0.11|-0.03|-0.05|-0.02|-0.03|0.04|-0.01|-37626.00|1218.00|37383.00|415.00
14.399450778961182|0.07|-0.02|0.04|0.00|-0.04|0.01|-0.00|-0.02|0.00|-0.01|0.01|-0.00|-0.00|5.56|0.09|-2.80|0.01|-0.02|-0.03|0.04|-0.01|-36747.00|1232.00|36941.00|416.00
14.555115938186646|0.07|0.01|0.02|-0.01|0.00|-0.03|-0.00|0.01|-0.00|-0.01|0.01|-0.00|-0.00|1.65|0.07|-0.51|-0.03|-0.02|-0.03|0.04|-0.01|-36490.00|1243.00|36862.00|412.00
14.710594892501831|0.10|0.05|-0.08|0.00|-0.01|0.07|-0.00|0.00|0.00|0.00|-0.00|-0.00|-0.00|12.29|-0.02|0.01|0.01|-0.02|-0.03|0.04|-0.01|-34561.00|1240.00|36863.00|414.00
14.870166778564453|0.09|-0.01|0.01|0.00|0.01|-0.01|0.00|-0.00|-0.00|0.00|-0.00|-0.00|-0.00|10.38|0.31|-0.06|0.00|-0.02|-0.03|0.04|-0.01|-32942.00|1288.00|36854.00|414.00
15.026726961135864|0.07|0.00|0.04|0.00|-0.01|-0.08|-0.00|0.00|-0.00|0.00|0.01|-0.00|-0.00|-2.24|0.00|0.00|0.00|-0.02|-0.03|0.04|-0.01|-33293.00|1288.00|36854.00|414.00
15.182350158691406|0.09|-0.02|0.05|-0.00|0.01|0.01|-0.00|0.00|-0.00|-0.00|0.01|-0.00|-0.00|-0.80|-0.04|0.04|-0.02|-0.02|-0.02|0.04|-0.01|-33417.00|1282.00|36860.00|411.00
15.341920852661133|0.09|0.04|-0.08|0.00|-0.01|0.01|-0.00|-0.00|0.00|0.00|0.00|-0.00|-0.00|0.01|-0.06|0.01|-0.01|-0.02|-0.02|0.04|-0.01|-33415.00|1273.00|36861.00|409.00
15.493518590927124|0.08|-0.02|-0.03|0.00|0.00|0.00|0.00|-0.00|0.00|0.00|-0.00|-0.00|-0.00|0.02|-0.03|0.00|0.00|-0.02|-0.03|0.04|-0.01|-33412.00|1268.00|36861.00|409.00
15.649058818817139|0.08|-0.01|0.03|0.00|0.00|-0.00|0.00|-0.00|0.00|-0.00|-0.00|-0.00|-0.00|0.00|0.00|0.00|0.00|-0.02|-0.03|0.04|-0.01|-33412.00|1268.00|36861.00|409.00
15.804677248001099|0.09|0.01|0.02|-0.00|-0.00|-0.00|0.00|-0.00|0.00|0.00|0.00|-0.00|-0.00|-5.23|-0.15|0.00|0.00|-0.02|-0.03|0.04|-0.01|-34223.00|1244.00|36861.00|409.00
15.964217901229858|0.07|0.01|-0.04|0.00|0.00|-0.12|0.00|-0.00|0.00|0.00|-0.00|-0.00|-0.00|-23.49|-0.10|0.00|0.00|-0.02|-0.03|0.04|-0.01|-37888.00|1229.00|36861.00|409.00
16.12384271621704|0.08|-0.02|-0.00|-0.00|0.00|0.01|-0.00|-0.00|0.00|-0.00|-0.00|-0.00|-0.00|-22.53|-0.45|0.00|0.00|-0.02|-0.03|0.04|-0.01|-41425.00|1159.00|36861.00|409.00
16.279513120651245|0.08|0.01|0.02|-0.00|-0.01|0.13|0.00|-0.00|0.00|0.00|0.00|-0.00|-0.00|-2.45|0.05|0.00|0.00|-0.02|-0.03|0.04|-0.01|-41817.00|1167.00|36861.00|409.00
16.43500828742981|0.07|0.01|0.03|-0.02|-0.02|0.01|-0.00|-0.00|0.00|0.00|0.00|-0.00|-0.01|-0.61|-0.01|-4.45|0.26|-0.02|-0.03|0.04|-0.01|-41911.00|1166.00|36176.00|449.00
16.59458589553833|0.09|-0.05|-0.01|0.00|0.01|0.01|-0.00|-0.09|-0.00|-0.00|0.00|-0.00|-0.00|0.45|-0.03|-18.89|0.15|-0.02|-0.02|0.03|-0.01|-41841.00|1161.00|33211.00|473.00
16.75018072128296|0.11|0.02|-0.02|0.02|0.03|0.01|0.00|-0.05|0.00|-0.00|0.00|-0.00|-0.00|1.58|0.09|-26.82|0.66|-0.02|-0.02|0.03|-0.01|-41590.00|1176.00|28946.00|578.00
16.90673589706421|0.10|-0.01|0.02|-0.00|-0.01|0.01|-0.00|0.01|0.00|-0.00|0.00|-0.00|-0.00|3.19|0.04|-25.18|1.12|-0.02|-0.02|0.03|-0.01|-41095.00|1182.00|25043.00|751.00
17.062349796295166|0.09|0.00|-0.01|-0.00|0.00|0.03|0.00|0.04|-0.00|-0.00|0.00|-0.00|-0.00|7.21|0.35|-18.13|0.99|-0.02|-0.02|0.03|-0.02|-39963.00|1237.00|22196.00|907.00
17.221989393234253|0.10|0.03|-0.03|-0.02|-0.02|-0.02|-0.00|0.01|-0.00|0.00|-0.00|-0.00|-0.00|3.35|0.13|-16.39|0.69|-0.02|-0.02|0.03|-0.02|-39441.00|1257.00|19639.00|1014.00
17.381552696228027|0.11|-0.03|0.01|0.02|0.03|-0.01|-0.00|0.01|-0.00|-0.00|-0.00|-0.00|0.00|2.09|0.09|-14.38|0.53|-0.02|-0.02|0.03|-0.02|-39105.00|1272.00|17324.00|1100.00
17.533074140548706|0.09|0.02|0.01|0.00|0.00|0.01|0.00|0.04|-0.00|0.00|0.00|0.00|0.00|3.16|0.17|-8.73|0.07|-0.02|-0.02|0.03|-0.02|-38609.00|1298.00|15953.00|1111.00
17.69264006614685|0.11|0.00|-0.00|-0.01|-0.00|-0.02|-0.00|0.06|-0.00|0.00|-0.00|-0.00|-0.00|-0.37|-0.07|-0.04|0.00|-0.02|-0.02|0.03|-0.02|-38665.00|1288.00|15947.00|1111.00
17.852211952209473|0.10|-0.01|0.02|-0.01|0.01|0.00|-0.00|0.00|-0.00|-0.00|0.00|-0.00|0.00|-0.19|-0.10|0.20|0.26|-0.02|-0.02|0.03|-0.02|-38696.00|1272.00|15979.00|1153.00
18.007811069488525|0.09|-0.00|-0.05|0.01|0.06|0.00|0.00|0.01|-0.00|-0.00|-0.00|-0.00|0.01|0.33|0.37|1.03|-0.24|-0.02|-0.02|0.03|-0.01|-38644.00|1329.00|16140.00|1116.00
18.167382955551147|0.10|-0.04|-0.04|0.00|-0.07|-0.00|-0.00|-0.00|0.00|-0.01|-0.01|-0.00|0.00|0.08|-0.13|0.90|-0.05|-0.02|-0.03|0.03|-0.01|-38631.00|1308.00|16281.00|1108.00
18.323917865753174|0.11|0.10|0.05|-0.01|0.01|-0.02|0.00|0.02|-0.00|0.01|-0.00|-0.00|0.00|-2.77|-0.13|3.58|-0.17|-0.02|-0.03|0.03|-0.01|-39077.00|1287.00|16858.00|1081.00
18.48752784729004|0.09|-0.01|0.01|-0.00|-0.03|0.00|-0.00|0.09|-0.00|0.01|-0.00|-0.00|-0.00|-2.39|-0.27|17.87|-0.29|-0.02|-0.03|0.03|-0.01|-39453.00|1245.00|19664.00|1036.00
18.643117904663086|0.10|-0.05|0.03|0.01|-0.01|0.01|0.00|-0.04|0.00|-0.00|0.00|-0.00|-0.00|-0.05|-0.14|11.62|-0.26|-0.02|-0.03|0.03|-0.01|-39461.00|1223.00|21535.00|994.00
18.802696466445923|0.09|-0.07|0.02|-0.00|0.02|0.00|0.00|0.00|-0.00|-0.01|0.00|-0.00|-0.00|0.02|0.05|12.27|-0.42|-0.02|-0.03|0.03|-0.01|-39458.00|1231.00|23473.00|928.00
18.95830750465393|0.09|0.06|-0.05|-0.00|-0.01|0.00|0.00|-0.00|0.00|-0.00|-0.00|-0.00|-0.00|0.04|0.34|12.24|-0.24|-0.02|-0.03|0.03|-0.01|-39452.00|1284.00|25382.00|890.00
19.11790680885315|0.09|-0.01|0.04|0.00|0.00|-0.03|-0.00|-0.03|0.00|-0.00|0.00|-0.00|-0.00|-4.70|-0.22|7.85|-0.13|-0.02|-0.03|0.03|-0.02|-40194.00|1249.00|26622.00|870.00
19.26942014694214|0.08|0.02|0.00|0.00|0.01|0.03|0.00|-0.05|0.00|-0.00|0.00|-0.00|-0.00|0.11|-0.03|0.66|0.00|-0.02|-0.02|0.03|-0.02|-40177.00|1244.00|26727.00|870.00
19.425018072128296|0.10|0.01|-0.01|-0.00|-0.01|0.02|0.00|-0.00|0.00|0.00|0.00|-0.00|-0.00|3.87|0.20|-0.03|0.04|-0.02|-0.02|0.03|-0.02|-39585.00|1274.00|26723.00|876.00
19.58060359954834|0.10|0.02|-0.03|0.00|0.01|0.01|-0.00|0.00|-0.00|0.00|-0.00|-0.00|-0.00|5.50|0.14|0.00|-0.06|-0.02|-0.02|0.03|-0.02|-38733.00|1296.00|26723.00|867.00
19.740177154541016|0.09|0.00|0.00|-0.00|-0.00|-0.02|-0.00|0.00|-0.00|0.00|-0.00|-0.00|-0.00|1.70|-0.01|1.78|-0.37|-0.02|-0.03|0.03|-0.02|-38469.00|1294.00|26999.00|810.00
19.89178204536438|0.11|0.02|-0.01|0.00|0.01|0.00|0.00|0.00|0.00|0.01|-0.00|-0.00|-0.00|2.20|0.03|2.13|0.12|-0.02|-0.03|0.03|-0.02|-38121.00|1298.00|27335.00|829.00
20.04831862449646|0.11|0.00|-0.03|-0.00|-0.00|0.03|0.00|-0.01|-0.00|0.01|-0.01|-0.00|-0.00|7.01|0.05|-0.06|-0.01|-0.02|-0.03|0.03|-0.02|-37056.00|1305.00|27326.00|828.00
20.207931518554688|0.11|-0.03|0.01|0.00|0.00|-0.01|0.00|-0.00|-0.00|0.00|-0.00|-0.00|-0.00|5.87|0.08|-0.32|-0.05|-0.02|-0.03|0.03|-0.02|-36128.00|1318.00|27276.00|820.00
20.363518476486206|0.10|0.01|0.02|-0.00|-0.00|0.02|0.00|0.00|0.00|0.01|-0.00|-0.00|-0.00|9.27|0.13|-0.05|-0.01|-0.02|-0.03|0.03|-0.02|-34673.00|1339.00|27268.00|818.00
20.515119314193726|0.11|-0.02|0.01|0.00|-0.00|0.01|0.00|0.00|0.00|0.00|0.00|-0.00|-0.00|10.45|0.18|0.00|-0.01|-0.02|-0.03|0.03|-0.02|-33053.00|1367.00|27268.00|817.00
20.670732736587524|0.09|-0.01|0.01|0.00|0.01|0.03|0.00|0.00|-0.00|-0.00|0.00|-0.00|-0.00|15.06|0.34|-0.18|-0.01|-0.02|-0.03|0.03|-0.02|-30734.00|1419.00|27241.00|815.00
20.83029007911682|0.09|-0.01|0.01|-0.00|0.00|-0.02|0.00|0.00|0.00|-0.00|0.00|-0.00|-0.00|11.76|0.36|-0.14|0.04|-0.02|-0.03|0.03|-0.02|-28911.00|1475.00|27219.00|821.00
20.985909700393677|0.09|0.01|-0.02|-0.00|-0.01|-0.05|-0.00|-0.00|-0.00|-0.00|0.00|-0.00|-0.00|3.81|0.19|-0.41|0.01|-0.02|-0.03|0.03|-0.02|-28313.00|1505.00|27155.00|823.00
21.14153742790222|0.10|0.01|0.01|0.00|0.01|-0.01|-0.00|0.00|-0.00|0.00|0.00|-0.00|0.00|1.79|-0.06|0.01|-0.03|-0.02|-0.03|0.03|-0.02|-28029.00|1495.00|27157.00|818.00
21.30111074447632|0.10|-0.01|0.01|-0.00|-0.01|-0.01|0.00|-0.00|0.00|-0.00|0.00|-0.00|-0.00|0.03|-0.01|-0.03|0.05|-0.02|-0.03|0.03|-0.02|-28024.00|1493.00|27152.00|826.00
21.456595420837402|0.09|0.01|-0.01|0.00|0.01|-0.00|-0.00|0.00|-0.00|0.00|0.00|-0.00|-0.00|-0.16|-0.07|-0.01|0.04|-0.02|-0.03|0.03|-0.02|-28050.00|1482.00|27150.00|832.00
21.612179279327393|0.09|-0.00|0.00|-0.00|0.00|-0.01|-0.00|0.00|-0.00|0.00|0.00|-0.00|0.00|-1.87|-0.18|0.02|0.01|-0.02|-0.03|0.03|-0.02|-28344.00|1454.00|27153.00|833.00
21.772322416305542|0.09|-0.01|0.01|0.00|0.00|-0.03|-0.00|-0.00|-0.00|-0.00|0.00|-0.00|0.00|-5.93|-0.24|-0.28|0.00|-0.02|-0.02|0.03|-0.02|-29269.00|1416.00|27109.00|833.00
21.92791485786438|0.07|0.01|-0.02|0.00|0.00|0.01|0.00|0.00|-0.00|0.00|0.00|-0.00|0.00|-3.65|-0.23|-0.17|-0.05|-0.02|-0.02|0.03|-0.02|-29845.00|1380.00|27082.00|825.00
22.087491035461426|0.09|-0.01|0.02|-0.00|-0.00|0.00|-0.00|-0.00|0.00|0.00|0.00|-0.00|-0.00|-3.08|-0.27|-0.74|-0.02|-0.02|-0.02|0.03|-0.02|-30322.00|1338.00|26968.00|822.00
22.24307417869568|0.07|-0.01|-0.01|0.00|-0.01|0.01|0.00|0.00|0.00|-0.00|0.00|-0.00|-0.00|-1.32|0.00|-0.05|0.03|-0.02|-0.02|0.03|-0.02|-30533.00|1338.00|26960.00|826.00
22.398696660995483|0.09|-0.01|-0.00|0.00|0.01|0.00|0.00|-0.00|0.00|-0.00|0.00|-0.00|-0.00|-0.89|0.06|-0.10|0.03|-0.02|-0.02|0.03|-0.02|-30671.00|1348.00|26945.00|831.00
22.554337739944458|0.07|0.00|0.00|0.00|0.00|-0.08|-0.00|-0.00|-0.00|-0.00|0.00|0.00|0.00|-12.64|-0.19|-0.62|0.02|-0.02|-0.02|0.03|-0.02|-32643.00|1318.00|26848.00|834.00
22.71388864517212|0.08|-0.08|0.00|-0.01|-0.01|-0.08|0.00|-0.00|0.00|-0.01|0.00|-0.00|-0.00|-25.66|-0.02|-0.82|0.06|-0.02|-0.02|0.03|-0.02|-36697.00|1315.00|26718.00|843.00
22.874370098114014|0.10|0.10|-0.02|0.00|0.01|0.06|-0.00|-0.02|0.00|0.00|-0.00|-0.00|-0.00|-15.48|-0.03|-3.23|0.16|-0.02|-0.02|0.03|-0.02|-39159.00|1310.00|26205.00|869.00
23.029970407485962|0.10|-0.00|-0.01|0.00|-0.00|0.12|0.00|0.01|-0.00|0.00|-0.00|-0.00|-0.00|3.77|0.06|-1.61|0.00|-0.02|-0.02|0.03|-0.02|-38563.00|1320.00|25950.00|869.00
23.185548543930054|0.11|-0.01|0.02|0.00|0.01|-0.01|0.00|0.01|-0.00|-0.00|0.00|-0.00|-0.00|1.52|0.08|-0.01|-0.03|-0.02|-0.02|0.03|-0.02|-38325.00|1332.00|25949.00|864.00
23.345139980316162|0.10|-0.00|0.00|0.00|0.00|-0.01|-0.00|0.00|0.00|-0.00|0.00|-0.00|-0.00|-0.05|0.03|0.00|-0.03|-0.02|-0.02|0.03|-0.02|-38333.00|1337.00|25949.00|860.00
23.496688842773438|0.10|0.00|-0.01|-0.00|-0.01|0.00|0.00|0.00|0.00|-0.00|-0.00|-0.00|-0.00|0.48|0.05|0.00|0.01|-0.02|-0.02|0.03|-0.02|-38258.00|1345.00|25949.00|861.00
23.65226674079895|0.09|0.04|-0.02|0.00|0.00|0.05|0.00|0.00|-0.00|0.01|-0.00|-0.00|-0.00|8.38|0.14|0.00|0.00|-0.02|-0.02|0.03|-0.02|-36951.00|1367.00|25949.00|861.00
23.807898998260498|0.10|-0.02|-0.03|-0.00|0.00|-0.03|-0.00|0.00|-0.00|0.00|-0.01|-0.00|-0.00|4.43|0.01|0.00|0.00|-0.02|-0.03|0.03|-0.02|-36278.00|1369.00|25949.00|861.00
23.96349310874939|0.10|0.01|0.01|0.00|-0.01|0.04|0.00|0.00|-0.00|0.00|-0.01|-0.00|-0.00|10.28|0.32|0.00|0.00|-0.02|-0.03|0.03|-0.02|-34664.00|1419.00|25949.00|861.00
24.11906599998474|0.09|0.01|-0.00|0.00|-0.00|-0.06|-0.00|0.00|-0.00|0.00|-0.01|-0.00|-0.00|1.21|0.25|-3.90|0.32|-0.02|-0.03|0.03|-0.02|-34477.00|1458.00|25344.00|910.00
24.27862572669983|0.07|-0.01|-0.01|-0.00|0.00|-0.01|0.00|-0.04|0.00|0.00|-0.01|-0.00|-0.00|-0.35|0.60|-9.40|0.71|-0.02|-0.03|0.03|-0.02|-34531.00|1551.00|23878.00|1020.00
24.43423080444336|0.10|-0.02|0.04|0.00|0.00|0.00|0.00|0.05|-0.00|-0.00|-0.00|-0.00|-0.00|-0.21|0.66|-1.72|0.12|-0.02|-0.03|0.03|-0.02|-34565.00|1656.00|23605.00|1039.00
24.59375309944153|0.10|0.03|-0.05|0.00|-0.02|0.00|-0.00|0.01|-0.00|0.00|-0.01|-0.00|-0.00|0.29|0.28|-0.03|0.07|-0.02|-0.03|0.03|-0.02|-34519.00|1700.00|23600.00|1050.00
24.749396085739136|0.10|-0.02|0.08|-0.00|0.03|-0.00|-0.00|-0.00|-0.00|0.00|0.00|-0.00|0.00|0.13|0.17|-0.03|-0.01|-0.02|-0.03|0.03|-0.02|-34499.00|1727.00|23595.00|1049.00
24.913950443267822|0.09|-0.00|-0.02|-0.01|-0.01|0.07|0.00|-0.01|-0.00|0.00|-0.00|-0.00|-0.00|11.51|0.26|-1.40|-0.17|-0.02|-0.03|0.03|-0.02|-32669.00|1768.00|23372.00|1022.00
25.069550037384033|0.08|-0.01|0.01|0.01|0.01|0.02|0.00|-0.04|0.01|-0.00|0.00|-0.00|-0.00|14.04|0.40|-8.43|0.75|-0.02|-0.03|0.03|-0.02|-30409.00|1833.00|22015.00|1143.00
25.225199222564697|0.07|-0.00|0.00|-0.02|0.01|-0.06|-0.00|0.05|-0.00|-0.00|0.00|-0.00|0.00|5.37|0.14|-0.56|0.22|-0.02|-0.03|0.03|-0.02|-29577.00|1855.00|21928.00|1177.00
25.384785413742065|0.07|-0.02|0.03|-0.01|-0.00|0.03|0.00|0.00|-0.00|-0.00|0.01|-0.01|-0.00|10.72|0.23|0.06|-0.13|-0.02|-0.03|0.02|-0.02|-27884.00|1891.00|21938.00|1157.00
25.536275386810303|0.07|0.02|0.03|0.02|0.02|-0.02|0.00|0.00|0.00|-0.00|0.01|-0.00|0.00|7.48|0.25|0.51|-0.03|-0.02|-0.03|0.02|-0.02|-26702.00|1930.00|22019.00|1152.00
25.69636845588684|0.10|0.01|-0.07|-0.00|-0.02|0.02|-0.00|-0.00|0.00|0.00|0.00|-0.00|-0.00|10.22|0.03|-0.22|0.34|-0.02|-0.03|0.02|-0.02|-25149.00|1935.00|21985.00|1203.00
25.855936288833618|0.12|-0.02|-0.04|0.01|-0.00|-0.05|0.00|0.00|-0.00|-0.00|-0.00|-0.00|-0.00|2.72|0.13|-0.04|0.00|-0.02|-0.03|0.02|-0.02|-24716.00|1955.00|21978.00|1203.00
26.01131820678711|0.10|0.01|0.02|0.00|0.00|-0.01|-0.00|0.00|-0.00|-0.00|-0.00|-0.00|-0.00|1.11|0.03|-0.01|0.02|-0.02|-0.03|0.02|-0.02|-24539.00|1960.00|21977.00|1206.00
26.17089080810547|0.12|0.01|0.01|0.00|-0.00|-0.01|-0.00|0.00|-0.00|0.00|0.00|-0.00|-0.00|-0.03|-0.03|0.00|-0.01|-0.02|-0.03|0.02|-0.02|-24543.00|1956.00|21977.00|1204.00
26.330463647842407|0.11|-0.01|-0.02|-0.01|-0.00|0.00|0.00|0.00|0.00|-0.00|-0.00|-0.00|-0.00|-0.02|0.00|0.00|0.00|-0.02|-0.03|0.02|-0.02|-24546.00|1956.00|21977.00|1204.00
26.482076406478882|0.11|-0.00|0.01|0.01|0.02|0.00|0.00|0.00|0.00|-0.00|-0.00|0.00|0.00|0.00|0.01|0.01|-0.05|-0.02|-0.03|0.02|-0.02|-24546.00|1957.00|21979.00|1196.00
26.63361096382141|0.08|-0.00|0.01|0.03|0.02|0.00|-0.00|0.07|0.00|-0.00|0.00|0.01|0.01|0.00|0.00|10.03|0.34|-0.02|-0.03|0.02|-0.02|-24546.00|1957.00|23523.00|1248.00
26.798215866088867|0.09|-0.05|-0.03|-0.02|-0.05|0.00|-0.00|0.02|-0.00|-0.01|-0.00|0.00|-0.00|2.14|0.16|13.75|-0.39|-0.02|-0.03|0.02|-0.02|-24220.00|1982.00|25613.00|1188.00
26.949801921844482|0.09|0.04|0.03|-0.02|0.01|0.01|-0.00|-0.03|0.00|-0.00|0.00|0.00|-0.00|3.81|0.05|8.22|-0.24|-0.02|-0.03|0.02|-0.02|-23610.00|1990.00|26928.00|1149.00
27.10941195487976|0.09|-0.01|-0.01|0.00|-0.01|-0.02|0.00|0.08|-0.00|-0.00|0.00|0.00|-0.00|0.53|0.20|20.75|-0.67|-0.02|-0.03|0.03|-0.02|-23528.00|2021.00|30145.00|1045.00
27.264973878860474|0.10|0.01|-0.00|-0.00|0.02|0.00|-0.00|-0.00|0.00|-0.00|0.00|0.00|0.00|0.79|-0.01|20.39|-0.05|-0.02|-0.03|0.03|-0.02|-23403.00|2020.00|33366.00|1037.00
27.42454218864441|0.09|-0.02|0.00|-0.01|-0.02|0.01|0.00|-0.01|-0.00|-0.01|0.00|-0.00|-0.00|3.10|0.14|18.46|-0.23|-0.02|-0.03|0.02|-0.02|-22916.00|2042.00|36265.00|1001.00
27.580119371414185|0.09|0.04|0.00|0.00|0.01|-0.01|-0.00|-0.04|0.00|0.00|0.00|-0.00|-0.00|1.31|-0.02|12.71|0.06|-0.02|-0.03|0.02|-0.02|-22707.00|2039.00|38298.00|1011.00
27.743688106536865|0.09|-0.00|-0.01|0.00|-0.00|-0.01|0.00|-0.08|-0.00|-0.00|0.00|-0.00|-0.00|-0.01|-0.01|0.65|0.00|-0.02|-0.03|0.02|-0.02|-22708.00|2038.00|38399.00|1011.00
27.899275302886963|0.09|-0.03|0.00|0.00|-0.01|-0.02|0.00|0.01|-0.00|-0.00|0.00|0.00|-0.00|-3.54|0.02|1.76|0.09|-0.02|-0.03|0.02|-0.02|-23274.00|2041.00|38680.00|1026.00
28.059850215911865|0.08|0.01|-0.01|-0.00|0.01|-0.00|-0.00|0.09|-0.00|-0.00|-0.00|-0.00|-0.00|-3.89|-0.15|15.63|-0.36|-0.02|-0.03|0.02|-0.02|-23885.00|2018.00|41134.00|970.00
28.219431161880493|0.09|-0.04|0.01|-0.01|-0.01|-0.00|-0.00|0.04|0.00|-0.01|0.00|-0.00|-0.00|-4.51|-0.22|22.51|-0.16|-0.02|-0.03|0.02|-0.02|-24606.00|1983.00|44736.00|945.00
28.378994703292847|0.08|0.05|-0.02|0.01|0.01|-0.04|-0.00|-0.02|-0.00|-0.00|-0.00|0.00|0.00|-11.68|-0.43|19.66|-0.39|-0.02|-0.03|0.02|-0.02|-26486.00|1913.00|47902.00|883.00
28.542557954788208|0.09|-0.02|0.03|-0.01|0.00|-0.05|0.00|-0.03|-0.00|-0.01|0.00|-0.00|0.00|-20.24|-0.32|14.84|-0.63|-0.02|-0.03|0.02|-0.02|-29724.00|1862.00|50277.00|783.00
28.698144912719727|0.10|0.04|-0.02|0.00|-0.01|0.10|0.00|-0.07|0.00|0.00|0.00|-0.00|-0.00|-4.11|0.03|3.38|-0.13|-0.02|-0.03|0.02|-0.02|-30381.00|1867.00|50818.00|763.00
28.85373568534851|0.09|-0.01|0.00|0.01|0.01|-0.00|-0.00|0.12|-0.00|-0.00|0.00|0.00|0.00|-4.19|-0.01|21.30|-0.88|-0.02|-0.03|0.02|-0.02|-31031.00|1865.00|54120.00|627.00
29.014299392700195|0.09|-0.02|0.01|-0.00|-0.01|-0.05|-0.00|-0.10|0.00|-0.00|0.00|-0.00|-0.00|-12.51|-0.54|5.27|-0.29|-0.02|-0.03|0.02|-0.02|-32995.00|1780.00|54947.00|582.00
29.172888040542603|0.09|0.02|-0.01|0.00|0.01|-0.03|-0.00|-0.03|0.00|0.00|-0.00|0.00|0.00|-16.89|-0.66|1.11|-0.10|-0.02|-0.03|0.02|-0.02|-35731.00|1673.00|55127.00|565.00
29.333458423614502|0.10|-0.00|0.00|-0.01|-0.03|0.04|0.00|-0.00|-0.00|-0.00|0.00|-0.00|-0.00|-11.16|-0.31|0.34|-0.17|-0.02|-0.03|0.02|-0.02|-37472.00|1625.00|55180.00|538.00
29.49302840232849|0.10|0.00|-0.00|-0.00|0.02|-0.07|-0.00|0.07|-0.00|0.00|0.00|-0.00|0.00|-22.17|-0.51|12.14|-0.38|-0.02|-0.03|0.02|-0.02|-41020.00|1544.00|57123.00|478.00
29.652556657791138|0.10|0.01|-0.01|-0.00|-0.05|-0.04|-0.00|-0.04|-0.00|0.00|-0.00|-0.00|-0.01|-28.76|-0.84|5.92|-0.41|-0.02|-0.03|0.02|-0.02|-45621.00|1410.00|58070.00|412.00
29.812179565429688|0.10|0.04|-0.05|-0.00|0.03|0.02|0.00|-0.02|0.00|0.01|-0.01|-0.00|-0.00|-25.80|-0.13|3.41|0.04|-0.02|-0.03|0.02|-0.02|-49800.00|1389.00|58623.00|418.00
29.967978477478027|0.09|-0.03|0.03|0.00|0.01|0.00|-0.00|-0.02|-0.00|0.00|-0.01|-0.00|0.00|-25.75|-0.28|0.10|-0.04|-0.02|-0.03|0.02|-0.02|-53817.00|1346.00|58638.00|411.00
30.131542205810547|0.09|-0.02|0.02|-0.00|-0.01|0.04|-0.00|-0.00|-0.00|0.00|-0.00|-0.00|-0.00|-19.69|-0.70|0.03|-0.05|-0.02|-0.03|0.02|-0.02|-56947.00|1235.00|58642.00|403.00
30.287129640579224|0.08|0.02|-0.02|-0.01|-0.01|0.11|0.00|-0.00|0.00|0.01|-0.01|-0.00|-0.00|-1.97|-0.24|0.01|-0.01|-0.02|-0.03|0.02|-0.02|-57264.00|1196.00|58643.00|402.00
30.44672703742981|0.08|-0.00|-0.01|-0.00|0.00|0.01|0.00|0.00|0.00|0.00|-0.01|-0.00|-0.00|-0.03|-0.03|0.03|0.08|-0.02|-0.03|0.02|-0.02|-57269.00|1192.00|58648.00|414.00
30.603269338607788|0.08|-0.01|0.02|0.01|0.02|-0.02|-0.00|-0.00|-0.00|0.00|-0.00|-0.00|-0.00|-2.84|-0.18|0.02|0.03|-0.02|-0.03|0.02|-0.02|-57709.00|1164.00|58651.00|419.00
30.7668354511261|0.07|-0.01|0.02|-0.01|-0.01|-0.01|0.00|-0.00|-0.00|0.00|-0.00|-0.00|-0.00|-5.14|-0.11|-0.01|-0.01|-0.02|-0.03|0.02|-0.02|-58521.00|1146.00|58650.00|418.00
30.9224271774292|0.08|0.00|0.00|-0.02|-0.03|-0.00|0.00|0.00|-0.00|0.00|-0.00|-0.01|-0.01|-5.64|-0.04|0.00|-0.07|-0.02|-0.03|0.02|-0.03|-59434.00|1140.00|58650.00|407.00
31.082202672958374|0.08|-0.00|-0.00|0.01|0.02|-0.09|-0.00|0.00|0.00|0.00|-0.00|-0.00|-0.00|-19.46|-0.62|0.00|0.00|-0.02|-0.03|0.02|-0.03|-62489.00|1042.00|58650.00|407.00
31.23381495475769|0.09|-0.01|0.00|0.03|0.03|0.12|0.01|0.00|0.00|0.00|-0.00|0.00|0.00|-0.59|0.41|0.00|0.00|-0.02|-0.03|0.02|-0.03|-62583.00|1107.00|58650.00|407.00
31.38549518585205|0.08|0.01|0.02|-0.00|-0.01|0.00|-0.00|0.00|0.00|0.00|0.00|0.00|0.00|0.00|0.00|0.00|0.00|-0.02|-0.03|0.02|-0.03|-62583.00|1107.00|58650.00|407.00
31.540982723236084|0.09|0.01|0.04|-0.00|-0.00|0.00|-0.00|0.00|0.00|0.00|0.01|-0.00|-0.00|-14.99|0.13|0.26|0.03|-0.02|-0.03|0.02|-0.03|-64831.00|1126.00|58689.00|411.00
31.69258213043213|0.11|0.01|-0.02|0.00|0.00|0.09|-0.00|0.02|0.00|0.01|0.01|0.00|-0.00|-0.50|-0.25|3.58|0.14|-0.02|-0.03|0.02|-0.03|-64909.00|1087.00|59244.00|432.00
31.848173141479492|0.10|-0.04|-0.04|0.00|0.01|0.00|0.00|-0.01|-0.00|-0.00|-0.00|0.00|0.00|0.08|-0.01|1.85|-0.12|-0.02|-0.03|0.02|-0.03|-64896.00|1086.00|59527.00|414.00
31.99977397918701|0.10|0.00|0.00|-0.01|-0.00|-0.00|0.00|-0.01|0.00|0.00|0.00|-0.00|0.00|0.00|0.01|0.04|0.00|-0.02|-0.03|0.02|-0.03|-64896.00|1087.00|59533.00|414.00
32.159343004226685|0.08|-0.00|-0.00|-0.00|-0.00|-0.00|-0.00|-0.00|0.00|0.00|-0.00|-0.00|-0.00|0.01|0.00|0.01|-0.03|-0.02|-0.03|0.02|-0.03|-64895.00|1087.00|59534.00|409.00
32.314924001693726|0.10|-0.01|-0.00|0.00|0.00|-0.00|-0.00|0.00|0.00|-0.00|-0.00|-0.00|-0.00|0.00|0.00|0.18|0.01|-0.02|-0.03|0.02|-0.03|-64895.00|1087.00|59562.00|410.00
32.47459554672241|0.11|0.02|0.01|-0.00|-0.01|-0.00|-0.00|0.00|-0.00|0.00|0.00|-0.00|-0.00|2.22|0.06|0.27|-0.01|-0.02|-0.03|0.02|-0.03|-64548.00|1096.00|59604.00|408.00
32.62609934806824|0.11|-0.01|-0.02|0.00|0.00|0.05|0.00|0.01|-0.00|0.00|-0.00|-0.00|-0.00|9.69|0.29|1.05|-0.07|-0.02|-0.03|0.02|-0.03|-63037.00|1141.00|59768.00|397.00
32.78567671775818|0.09|-0.00|-0.02|0.00|0.00|-0.01|-0.00|-0.00|0.00|-0.00|-0.01|0.00|0.00|8.90|0.17|0.32|-0.03|-0.02|-0.03|0.02|-0.03|-61657.00|1167.00|59817.00|393.00
32.94125771522522|0.08|0.00|0.02|-0.00|-0.01|0.00|-0.00|-0.00|-0.00|-0.00|-0.00|-0.00|-0.00|9.63|0.15|0.19|-0.04|-0.02|-0.03|0.02|-0.03|-60154.00|1190.00|59847.00|387.00
33.09689521789551|0.07|0.00|0.02|0.00|0.00|-0.01|-0.00|0.00|0.00|0.00|-0.00|-0.00|-0.00|7.29|0.13|0.34|0.01|-0.02|-0.03|0.02|-0.03|-59002.00|1210.00|59901.00|388.00
33.2573926448822|0.07|-0.00|-0.01|-0.00|-0.00|-0.04|-0.00|-0.00|-0.00|0.00|-0.00|-0.00|-0.00|0.99|0.02|0.28|-0.07|-0.02|-0.03|0.02|-0.03|-58850.00|1213.00|59944.00|377.00
33.417078256607056|0.09|-0.00|0.00|-0.01|-0.01|0.01|-0.00|-0.00|-0.00|0.00|-0.00|-0.00|-0.00|2.09|-0.08|0.08|-0.12|-0.02|-0.03|0.02|-0.03|-58515.00|1201.00|59957.00|358.00
33.572608947753906|0.08|0.00|0.01|-0.04|-0.04|-0.02|0.00|0.00|-0.00|0.00|0.00|-0.01|-0.01|-0.87|0.12|0.09|-0.42|-0.02|-0.03|0.02|-0.03|-58654.00|1220.00|59972.00|291.00
33.7321879863739|0.10|-0.00|-0.00|-0.25|-0.22|-0.01|-0.00|-0.16|0.00|0.00|-0.00|-0.05|-0.04|-2.61|-0.03|-24.79|0.23|-0.02|-0.03|0.01|-0.03|-59058.00|1216.00|56130.00|327.00
33.891669511795044|0.09|-0.00|0.00|-0.15|0.02|0.02|0.00|-0.28|-0.01|-0.00|0.00|-0.07|-0.04|0.54|-0.02|-69.42|-1.82|-0.02|-0.03|-0.00|-0.04|-58971.00|1213.00|44884.00|32.00
34.047295808792114|0.07|0.00|0.01|0.28|0.18|0.03|0.00|-0.59|0.01|0.00|0.00|-0.03|-0.01|5.18|0.22|-164.29|-0.78|-0.02|-0.03|-0.00|-0.04|-58142.00|1248.00|18598.00|-93.00
34.20683193206787|0.10|0.01|-0.01|0.14|0.06|-0.02|-0.00|0.21|0.01|0.00|0.00|-0.01|0.00|2.63|0.07|-132.30|0.48|-0.02|-0.03|-0.01|-0.04|-57731.00|1259.00|-2041.00|-18.00
34.37042284011841|0.07|-0.01|-0.00|0.02|-0.04|-0.02|-0.00|0.65|-0.01|-0.00|0.00|-0.00|-0.00|0.01|-0.01|-32.19|-0.57|-0.02|-0.03|-0.01|-0.04|-57730.00|1257.00|-7031.00|-107.00
34.52701187133789|0.09|-0.00|0.01|-0.11|-0.03|0.00|0.00|0.20|0.00|-0.00|0.00|-0.02|-0.01|0.05|0.03|0.05|0.04|-0.02|-0.03|-0.01|-0.04|-57721.00|1262.00|-7023.00|-101.00
34.68260216712952|0.07|0.01|-0.01|0.03|0.04|0.02|0.00|0.00|-0.00|0.00|-0.00|-0.02|-0.00|3.20|0.07|0.73|-0.35|-0.02|-0.03|-0.01|-0.04|-57222.00|1273.00|-6909.00|-155.00
34.838191747665405|0.11|-0.01|0.01|0.14|0.03|-0.00|-0.00|-0.00|0.00|-0.00|0.00|0.00|-0.00|2.49|0.01|0.06|-0.13|-0.02|-0.03|-0.01|-0.04|-56834.00|1274.00|-6900.00|-175.00
34.9977707862854|0.11|-0.00|-0.01|-0.00|-0.00|-0.02|0.00|0.00|-0.00|-0.00|0.00|0.00|-0.00|0.01|0.01|0.08|-0.85|-0.02|-0.03|-0.01|-0.05|-56832.00|1276.00|-6888.00|-308.00
35.15734386444092|0.09|0.00|-0.00|-0.02|-0.00|-0.00|-0.00|-0.00|0.01|-0.00|0.00|0.00|-0.00|0.00|0.01|0.00|0.00|-0.02|-0.03|-0.01|-0.05|-56832.00|1277.00|-6888.00|-308.00
35.31292939186096|0.08|-0.02|-0.01|0.01|0.00|-0.00|0.00|-0.00|0.01|-0.00|-0.00|0.00|-0.00|0.01|0.04|-0.72|0.08|-0.02|-0.03|-0.01|-0.05|-56831.00|1283.00|-7003.00|-296.00
35.47250461578369|0.08|0.05|0.03|0.00|-0.00|-0.00|-0.00|0.00|-0.00|0.00|0.00|0.00|-0.00|0.00|0.00|0.01|-0.03|-0.02|-0.03|-0.01|-0.05|-56831.00|1283.00|-7002.00|-300.00
35.63206195831299|0.08|-0.01|-0.02|-0.00|0.00|-0.00|-0.00|-0.00|-0.00|0.00|-0.00|0.00|-0.00|0.00|0.00|-0.01|-0.04|-0.02|-0.03|-0.01|-0.05|-56831.00|1283.00|-7003.00|-307.00
35.788644313812256|0.09|0.01|-0.01|0.00|0.00|-0.00|-0.00|0.00|0.00|0.00|-0.00|0.00|-0.00|-0.18|0.01|0.00|0.00|-0.02|-0.03|-0.01|-0.05|-56860.00|1284.00|-7003.00|-307.00
35.94837188720703|0.09|-0.02|0.01|-0.00|-0.00|-0.06|-0.00|0.00|0.00|0.00|-0.00|0.00|-0.00|-9.54|-0.39|0.00|0.00|-0.02|-0.03|-0.01|-0.05|-58338.00|1224.00|-7003.00|-307.00
36.103801012039185|0.10|0.00|-0.00|0.00|0.00|-0.05|0.00|0.00|0.00|0.00|-0.00|0.00|-0.00|-17.17|-0.26|0.00|0.00|-0.02|-0.03|-0.01|-0.05|-61086.00|1183.00|-7003.00|-307.00
36.259427547454834|0.09|0.00|0.00|-0.00|-0.00|0.05|0.00|0.00|0.00|0.00|-0.00|0.00|-0.00|-9.46|-0.22|0.00|0.00|-0.02|-0.03|-0.01|-0.05|-62571.00|1148.00|-7003.00|-307.00
36.41899490356445|0.08|-0.00|0.00|0.00|-0.00|0.05|0.00|0.00|0.00|0.00|-0.00|0.00|-0.00|-1.99|-0.15|0.00|0.00|-0.02|-0.03|-0.01|-0.05|-62879.00|1125.00|-7003.00|-307.00
36.5746054649353|0.08|-0.01|0.01|-0.00|0.00|-0.00|0.00|0.00|0.00|-0.00|0.00|0.00|-0.00|-2.66|-0.11|0.00|0.00|-0.02|-0.03|-0.01|-0.05|-63297.00|1108.00|-7003.00|-307.00
36.730173110961914|0.08|0.00|0.01|-0.00|-0.00|0.01|0.00|0.00|0.00|0.00|0.00|0.00|-0.00|-0.32|-0.04|0.00|0.00|-0.02|-0.03|-0.01|-0.05|-63347.00|1102.00|-7003.00|-307.00
36.885765075683594|0.09|-0.01|-0.01|0.00|-0.00|0.00|0.00|0.00|0.00|-0.00|0.00|0.00|-0.00|0.03|0.00|0.00|0.00|-0.02|-0.03|-0.01|-0.05|-63342.00|1102.00|-7003.00|-307.00
37.04134964942932|0.08|0.01|-0.00|-0.00|-0.00|0.00|0.00|0.00|0.00|0.00|-0.00|0.00|-0.00|0.19|-0.01|0.00|0.00|-0.02|-0.03|-0.01|-0.05|-63313.00|1101.00|-7003.00|-307.00
37.19294619560242|0.08|-0.00|0.00|0.00|0.00|0.01|0.00|0.00|0.00|-0.00|0.00|0.00|-0.00|1.02|0.02|0.00|0.00|-0.02|-0.03|-0.01|-0.05|-63154.00|1104.00|-7003.00|-307.00
37.348767042160034|0.08|0.00|0.00|-0.00|-0.00|0.01|0.00|0.00|0.00|-0.00|0.00|0.00|-0.00|2.13|0.04|0.00|0.00|-0.02|-0.03|-0.01|-0.05|-62830.00|1110.00|-7003.00|-307.00
37.50435733795166|0.09|0.00|0.00|-0.00|0.00|-0.00|-0.00|0.00|0.00|0.00|0.00|0.00|-0.00|1.47|0.01|0.00|0.00|-0.02|-0.03|-0.01|-0.05|-62602.00|1112.00|-7003.00|-307.00
37.65988731384277|0.09|-0.01|-0.00|0.00|0.00|-0.00|-0.00|0.00|0.00|-0.00|0.00|0.00|-0.00|1.23|0.00|0.00|0.00|-0.02|-0.03|-0.01|-0.05|-62414.00|1112.00|-7003.00|-307.00
37.81560921669006|0.07|-0.00|0.00|-0.00|-0.00|-0.00|-0.00|0.00|0.00|-0.00|0.00|0.00|-0.00|0.97|0.02|0.00|0.00|-0.02|-0.03|-0.01|-0.05|-62263.00|1115.00|-7003.00|-307.00
37.97108483314514|0.08|-0.00|-0.00|0.00|0.00|0.01|0.00|0.00|0.00|-0.00|0.00|0.00|-0.00|2.51|0.13|0.00|0.00|-0.02|-0.03|-0.01|-0.05|-61867.00|1135.00|-7003.00|-307.00
38.126673221588135|0.08|0.00|0.01|-0.00|-0.00|-0.01|-0.00|0.00|0.00|-0.00|0.00|0.00|-0.00|1.59|0.07|0.00|0.00|-0.02|-0.03|-0.01|-0.05|-61624.00|1146.00|-7003.00|-307.00
38.28228998184204|0.10|0.00|-0.01|-0.00|0.00|-0.00|-0.00|0.00|0.00|-0.00|0.00|0.00|-0.00|1.52|0.01|0.00|0.00|-0.02|-0.03|-0.01|-0.05|-61387.00|1148.00|-7003.00|-307.00
38.43785738945007|0.10|0.01|-0.00|0.00|-0.00|0.00|-0.00|0.00|0.00|-0.00|-0.00|0.00|-0.00|1.82|-0.04|0.00|0.00|-0.02|-0.03|-0.01|-0.05|-61101.00|1142.00|-7003.00|-307.00
38.598387241363525|0.07|-0.01|-0.00|-0.00|0.00|-0.01|0.00|0.00|0.00|-0.00|-0.00|0.00|-0.00|0.41|-0.03|0.00|0.00|-0.02|-0.03|-0.01|-0.05|-61037.00|1138.00|-7003.00|-307.00
38.7500216960907|0.09|0.01|0.00|0.00|0.00|0.01|0.00|0.00|0.00|0.00|0.00|0.00|-0.00|1.30|0.04|0.00|0.00|-0.02|-0.03|-0.01|-0.05|-60831.00|1145.00|-7003.00|-307.00
38.90561509132385|0.10|0.00|-0.00|-0.00|0.00|0.01|-0.00|0.00|0.00|0.00|-0.00|0.00|-0.00|2.44|-0.06|0.00|0.00|-0.02|-0.03|-0.01|-0.05|-60460.00|1136.00|-7003.00|-307.00
39.06118631362915|0.08|-0.00|0.00|0.00|-0.00|-0.01|0.00|0.00|0.00|0.00|0.00|0.00|-0.00|1.26|-0.05|0.00|0.00|-0.02|-0.03|-0.01|-0.05|-60265.00|1128.00|-7003.00|-307.00
39.216779470443726|0.10|-0.00|0.00|-0.00|0.00|-0.01|0.00|0.00|0.00|-0.00|0.00|0.00|-0.00|-0.05|-0.01|0.00|0.00|-0.02|-0.03|-0.01|-0.05|-60272.00|1127.00|-7003.00|-307.00
39.37235713005066|0.08|0.00|-0.00|-0.00|0.00|0.00|0.00|0.00|0.00|0.00|0.00|0.00|-0.00|-0.04|0.00|0.00|0.00|-0.02|-0.03|-0.01|-0.05|-60278.00|1127.00|-7003.00|-307.00
39.52794694900513|0.08|-0.00|-0.00|0.00|0.00|0.00|0.00|0.00|0.00|-0.00|-0.00|0.00|-0.00|0.00|0.00|0.00|0.00|-0.02|-0.03|-0.01|-0.05|-60278.00|1127.00|-7003.00|-307.00
39.67953658103943|0.09|0.00|0.00|-0.00|-0.00|0.00|0.00|0.00|0.00|0.00|0.00|0.00|-0.00|0.00|0.00|0.00|0.00|-0.02|-0.03|-0.01|-0.05|-60278.00|1127.00|-7003.00|-307.00
39.83453965187073|0.08|-0.00|-0.00|0.00|0.00|0.00|0.00|0.00|0.00|0.00|-0.00|0.00|-0.00|0.00|0.00|0.00|0.00|-0.02|-0.03|-0.01|-0.05|-60278.00|1127.00|-7003.00|-307.00
39.9861364364624|0.09|-0.00|0.00|0.00|0.00|0.00|0.00|0.00|0.00|-0.00|0.00|0.00|-0.00|0.00|0.00|0.00|0.00|-0.02|-0.03|-0.01|-0.05|-60278.00|1127.00|-7003.00|-307.00
40.14255690574646|0.08|0.00|-0.00|-0.00|0.00|0.00|0.00|0.00|0.00|0.00|-0.00|0.00|-0.00|0.00|0.00|0.00|0.00|-0.02|-0.03|-0.00|-0.05|-60278.00|1127.00|-7003.00|-307.00
40.29814171791077|0.09|-0.00|0.00|0.00|-0.00|0.00|0.00|0.00|0.00|-0.00|-0.00|0.00|-0.00|-0.07|-0.13|0.00|0.00|-0.02|-0.03|-0.00|-0.05|-60289.00|1107.00|-7003.00|-307.00
40.45373725891113|0.10|-0.00|0.01|-0.00|0.00|0.01|0.00|0.00|0.00|-0.00|0.00|0.00|-0.00|1.76|0.01|0.00|0.00|-0.02|-0.03|-0.00|-0.05|-60011.00|1109.00|-7003.00|-307.00
40.60933017730713|0.07|0.01|-0.01|0.00|-0.00|0.12|0.00|0.00|0.00|-0.00|-0.00|0.00|-0.00|20.71|0.18|0.00|0.00|-0.02|-0.03|-0.00|-0.05|-56822.00|1136.00|-7003.00|-307.00
40.76117014884949|0.09|0.01|-0.00|0.00|0.00|0.12|0.01|0.00|0.00|0.00|-0.00|0.00|-0.00|39.75|0.97|0.00|0.00|-0.02|-0.03|-0.00|-0.05|-50621.00|1287.00|-7003.00|-307.00
40.92076301574707|0.07|-0.00|0.02|-0.00|0.00|-0.11|-0.00|0.00|0.00|0.00|0.00|0.00|-0.00|22.29|0.95|0.00|0.00|-0.02|-0.03|-0.00|-0.05|-47188.00|1433.00|-7003.00|-307.00
41.07599115371704|0.10|-0.00|-0.03|0.00|-0.00|-0.14|-0.01|0.00|0.00|0.00|-0.00|0.00|-0.00|0.12|0.05|0.00|0.00|-0.02|-0.03|-0.00|-0.05|-47169.00|1440.00|-7003.00|-307.00
41.231586933135986|0.10|-0.01|0.01|-0.00|-0.00|-0.00|0.00|0.00|0.00|-0.00|0.00|0.00|-0.00|0.01|0.05|0.00|0.00|-0.02|-0.03|-0.00|-0.05|-47168.00|1448.00|-7003.00|-307.00
41.39116644859314|0.09|-0.00|0.01|-0.00|-0.00|0.00|-0.00|0.00|0.00|-0.00|0.00|0.00|-0.00|0.01|-0.01|0.00|0.00|-0.02|-0.03|-0.00|-0.05|-47166.00|1447.00|-7003.00|-307.00
41.54283404350281|0.10|0.00|-0.00|-0.00|0.00|0.00|0.00|0.00|0.00|-0.00|0.00|0.00|-0.00|0.27|-0.01|0.00|0.00|-0.02|-0.03|-0.00|-0.05|-47124.00|1446.00|-7003.00|-307.00
41.702298164367676|0.08|0.01|-0.01|0.00|0.00|-0.00|-0.00|0.00|0.00|-0.00|0.00|0.00|-0.00|0.11|-0.03|0.00|0.00|-0.02|-0.03|-0.00|-0.05|-47107.00|1441.00|-7003.00|-307.00
41.857884645462036|0.09|-0.01|0.01|0.00|-0.00|-0.00|0.00|0.00|0.00|-0.00|0.00|0.00|-0.00|0.02|-0.03|0.00|0.00|-0.02|-0.03|-0.00|-0.05|-47104.00|1436.00|-7003.00|-307.00
42.013476610183716|0.10|0.00|-0.00|-0.00|0.00|0.02|-0.00|0.00|0.00|-0.00|0.00|0.00|-0.00|2.66|-0.20|0.00|0.00|-0.02|-0.03|-0.00|-0.05|-46692.00|1405.00|-7003.00|-307.00
42.16907048225403|0.07|-0.00|0.00|0.00|-0.00|-0.00|0.00|0.00|0.00|-0.00|0.00|0.00|-0.00|2.10|0.00|0.00|0.00|-0.02|-0.03|-0.00|-0.05|-46363.00|1405.00|-7003.00|-307.00
42.32564568519592|0.08|-0.00|0.00|-0.00|0.00|-0.01|0.00|0.00|0.00|-0.00|0.00|0.00|-0.00|0.77|0.23|0.00|0.00|-0.02|-0.03|-0.00|-0.05|-46244.00|1441.00|-7003.00|-307.00
42.48123025894165|0.10|0.00|-0.01|-0.00|0.00|-0.00|-0.00|0.00|0.00|-0.00|0.00|0.00|-0.00|0.68|0.00|0.00|0.00|-0.02|-0.03|-0.00|-0.05|-46140.00|1441.00|-7003.00|-307.00
42.636829137802124|0.07|0.00|-0.00|0.00|-0.00|-0.00|-0.00|0.00|0.00|-0.00|0.00|0.00|-0.00|-0.01|0.03|0.00|0.00|-0.02|-0.03|-0.00|-0.05|-46142.00|1446.00|-7003.00|-307.00
42.792407751083374|0.09|0.00|-0.00|-0.00|-0.00|0.00|0.00|0.00|0.00|-0.00|0.00|0.00|-0.00|-0.01|0.05|0.00|0.00|-0.02|-0.03|-0.00|-0.05|-46144.00|1454.00|-7003.00|-307.00
42.951979637145996|0.09|0.00|-0.01|0.00|-0.00|-0.01|-0.00|0.00|0.00|0.00|-0.00|0.00|-0.00|-1.59|-0.05|0.00|0.00|-0.02|-0.03|-0.00|-0.05|-46390.00|1447.00|-7003.00|-307.00
43.10756802558899|0.09|0.01|-0.01|-0.00|0.00|-0.04|-0.00|0.00|0.00|0.00|-0.00|0.00|0.00|-7.31|-0.42|0.00|0.00|-0.02|-0.03|-0.00|-0.05|-47553.00|1380.00|-7003.00|-307.00
43.263158559799194|0.08|0.00|0.01|0.00|-0.00|0.02|0.00|0.00|0.00|0.00|-0.00|0.00|-0.00|-3.64|-0.12|0.00|0.00|-0.02|-0.03|-0.00|-0.05|-48124.00|1361.00|-7003.00|-307.00
43.422717571258545|0.09|-0.00|-0.01|-0.00|0.00|-0.08|-0.00|0.00|0.00|0.00|-0.00|0.00|-0.00|-16.61|-0.28|0.00|0.00|-0.02|-0.03|-0.00|-0.05|-50682.00|1318.00|-7003.00|-307.00
43.57916188240051|0.09|0.00|0.01|0.00|-0.00|0.06|0.00|0.00|0.00|0.00|-0.00|0.00|-0.00|-7.72|-0.25|0.00|0.00|-0.02|-0.03|-0.00|-0.05|-51925.00|1278.00|-7003.00|-307.00
43.73474907875061|0.07|-0.01|0.01|0.00|0.00|0.03|0.00|0.00|0.00|0.00|-0.00|0.00|-0.00|-2.85|-0.10|0.00|0.00|-0.02|-0.03|-0.00|-0.05|-52367.00|1263.00|-7003.00|-307.00
43.89432120323181|0.08|-0.00|0.00|-0.00|0.00|-0.03|-0.00|0.00|0.00|0.00|-0.00|0.00|-0.00|-6.92|-0.34|0.00|0.00|-0.02|-0.03|-0.00|-0.05|-53432.00|1211.00|-7003.00|-307.00
44.049896240234375|0.08|-0.00|0.01|0.00|-0.00|-0.02|0.00|0.00|0.00|-0.00|0.00|0.00|-0.00|-9.81|-0.18|0.00|0.00|-0.02|-0.03|-0.00|-0.05|-54991.00|1183.00|-7003.00|-307.00
44.20548725128174|0.08|0.00|-0.00|-0.00|-0.00|0.04|0.00|0.00|0.00|0.00|0.00|0.00|-0.00|-3.04|0.06|0.00|0.00|-0.02|-0.03|-0.00|-0.05|-55469.00|1193.00|-7003.00|-307.00
44.36107420921326|0.07|-0.01|0.00|0.00|0.00|-0.00|-0.00|0.00|0.00|-0.00|0.00|0.00|-0.00|-3.73|-0.25|0.00|0.00|-0.02|-0.03|-0.00|-0.05|-56043.00|1154.00|-7003.00|-307.00
44.5206561088562|0.10|-0.00|0.00|-0.00|-0.00|-0.00|0.00|0.00|0.00|-0.00|0.00|0.00|-0.00|-4.08|-0.03|0.00|0.00|-0.02|-0.03|-0.00|-0.05|-56687.00|1149.00|-7003.00|-307.00
44.67624378204346|0.08|0.01|-0.01|0.00|-0.00|-0.00|0.00|0.00|0.00|0.00|-0.00|0.00|-0.00|-4.39|0.10|0.00|0.00|-0.02|-0.03|-0.00|-0.05|-57381.00|1165.00|-7003.00|-307.00
44.83634114265442|0.09|0.00|-0.00|-0.00|-0.00|0.02|-0.00|0.00|0.00|0.00|-0.00|0.00|-0.00|-1.19|-0.03|0.00|0.00|-0.02|-0.03|-0.00|-0.05|-57567.00|1161.00|-7003.00|-307.00
44.99195599555969|0.09|0.01|-0.00|-0.00|0.00|-0.01|-0.00|0.00|0.00|0.00|-0.00|0.00|-0.00|-2.95|-0.13|0.00|0.00|-0.02|-0.03|-0.00|-0.05|-58033.00|1140.00|-7003.00|-307.00
