0.04766583442687988|10|0.00|0.00|0.00|0.00|-0.27|0.00|-0.27|-0.00
0.09684443473815918|1.09|0.00|0.00|0.00|0.00|0.51|-0.00|0.51|-0.00
0.1462104320526123|1.09|0.00|0.00|0.00|0.00|-0.83|0.00|-0.84|-0.00
0.19510149955749512|1.09|0.00|0.00|0.00|0.00|0.54|-0.00|0.55|-0.00
0.2438979148864746|1.10|0.00|0.00|0.00|0.00|-0.27|0.00|-0.27|-0.00
0.2931795120239258|1.11|0.00|0.00|0.00|0.00|0.26|-0.00|0.27|-0.00
0.34212565422058105|1.12|0.00|0.00|0.00|0.00|-0.56|0.00|-0.57|-0.00
0.392106294631958|1.12|0.00|0.00|0.00|0.00|0.54|-0.00|0.55|-0.00
0.44121432304382324|1.13|0.00|0.00|0.00|0.00|0.00|0.00|0.00|-0.00
0.4899601936340332|1.13|0.00|0.00|0.00|0.00|-0.56|0.00|-0.57|-0.00
0.5393614768981934|1.13|0.00|0.00|0.00|0.00|0.28|-0.00|0.28|-0.00
0.5882956981658936|1.12|0.00|0.00|0.00|0.00|0.00|0.00|0.00|-0.00
0.6372475624084473|1.11|0.00|0.00|0.00|0.00|-0.29|0.00|-0.29|-0.00
0.6868505477905273|1.11|0.00|0.00|0.00|0.00|0.28|-0.00|0.28|-0.00
0.735569953918457|1.11|0.00|0.00|0.00|0.00|0.00|0.00|0.00|-0.00
0.7804124355316162|1.10|0.00|0.00|0.00|0.00|0.00|0.00|0.00|-0.00
0.8335118293762207|1.09|0.00|0.00|0.00|0.00|-0.29|0.00|-0.29|-0.00
0.8831043243408203|1.09|0.00|0.00|0.00|0.00|0.28|-0.00|0.28|-0.00
0.9283483028411865|1.09|0.00|0.00|0.00|0.00|0.00|0.00|0.00|-0.00
0.9774768352508545|1.09|0.00|0.00|0.00|0.00|-0.29|0.00|-0.29|-0.00
1.026669979095459|1.09|0.00|0.00|0.00|0.00|0.54|-0.00|0.55|-0.00
1.0794117450714111|1.10|0.00|0.00|0.00|0.00|-0.56|0.00|-0.57|-0.00
1.1285576820373535|1.10|0.00|0.00|0.00|0.00|0.78|-0.00|0.79|-0.00
1.1783897876739502|1.10|0.00|0.00|0.00|0.00|-0.53|0.00|-0.54|-0.00
1.2273666858673096|1.10|0.00|0.00|0.00|0.00|0.26|-0.00|0.27|-0.00
1.2762041091918945|1.10|0.00|0.00|0.00|0.00|-0.56|0.00|-0.57|-0.00
1.3253426551818848|1.10|0.00|0.00|0.00|0.00|0.54|-0.00|0.55|-0.00
1.3741796016693115|1.10|0.00|0.00|0.00|0.00|-0.27|0.00|-0.27|-0.00
1.423879861831665|1.11|0.00|0.00|0.00|0.00|0.51|-0.00|0.51|-0.00
1.4728569984436035|1.11|0.00|0.00|0.00|0.00|-0.83|0.00|-0.84|-0.00
1.5220117568969727|1.11|0.00|0.00|0.00|0.00|0.54|-0.00|0.55|-0.00
1.5713608264923096|1.11|0.00|0.00|0.00|0.00|-0.27|0.00|-0.27|-0.00
1.6204249858856201|1.11|0.00|0.00|0.00|0.00|3.03|-0.00|1.50|-0.00
1.6740152835845947|1.11|0.00|0.00|0.00|0.00|-3.44|0.00|-1.85|-0.00
1.7189111709594727|1.11|0.00|0.00|0.00|0.00|0.78|-0.00|0.79|-0.00
1.7722139358520508|1.11|0.00|0.00|0.00|0.00|-0.53|0.00|-0.54|-0.00
1.8173713684082031|1.11|0.00|0.00|0.00|0.00|0.00|0.00|0.00|-0.00
1.8706040382385254|1.11|0.00|0.00|0.00|0.00|-0.29|0.00|-0.29|-0.00
1.919682502746582|1.11|0.00|0.00|0.00|0.00|0.54|-0.00|0.55|-0.00
1.9688780307769775|1.11|0.00|0.00|0.00|0.00|-0.27|0.00|-0.27|-0.00
2.0133819580078125|1.11|0.00|0.00|0.00|0.00|0.00|0.00|0.00|-0.00
2.063199520111084|1.11|0.00|0.00|0.00|0.00|0.00|0.00|0.00|-0.00
2.112334728240967|1.12|0.00|0.00|0.00|0.00|-0.29|0.00|-0.29|-0.00
2.160585880279541|1.12|0.00|0.00|0.00|0.00|0.54|-0.00|0.55|-0.00
2.210310220718384|1.11|0.00|0.00|0.00|0.00|-0.56|0.00|-0.57|-0.00
2.2592668533325195|1.11|0.00|0.00|0.00|0.00|0.54|-0.00|0.55|-0.00
2.31266713142395|1.10|0.00|0.00|0.00|0.00|-0.27|0.00|-0.27|-0.00
2.3618247509002686|1.10|0.00|0.00|0.00|0.00|0.26|-0.00|0.27|-0.00
2.4110515117645264|1.10|0.00|0.00|0.00|0.00|-0.27|0.00|-0.27|-0.00
2.4598982334136963|1.11|0.00|0.00|0.00|0.00|0.26|-0.00|0.27|-0.00
2.5096616744995117|1.11|0.00|0.00|0.00|0.00|-0.27|0.00|-0.27|-0.00
2.5583994388580322|1.11|0.00|0.00|0.00|0.00|0.26|-0.00|0.27|-0.00
2.607936382293701|1.11|0.00|0.00|0.00|0.00|-0.56|0.00|-0.57|-0.00
2.6570959091186523|1.11|0.00|0.00|0.00|0.00|0.54|-0.00|0.55|-0.00
2.7060697078704834|1.12|0.00|0.00|0.00|0.00|0.00|0.00|0.00|-0.00
2.7551562786102295|1.12|0.00|0.00|0.00|0.00|-0.88|0.00|-0.89|-0.00
2.8043935298919678|1.12|0.00|0.00|0.00|0.00|0.83|-0.00|0.84|-0.00
2.8533642292022705|1.11|0.00|0.00|0.00|0.00|-0.27|0.00|-0.27|-0.00
2.9023571014404297|1.11|0.00|0.00|0.00|0.00|0.26|-0.00|0.27|-0.00
2.9516963958740234|1.11|0.00|0.00|0.00|0.00|-0.56|0.00|-0.57|-0.00
3.0009546279907227|1.11|0.00|0.00|0.00|0.00|0.54|-0.00|0.55|-0.00
3.049999713897705|1.11|0.00|0.00|0.00|0.00|0.00|0.00|0.00|-0.00
3.0993597507476807|1.10|0.00|0.00|0.00|0.00|-0.56|0.00|-0.57|-0.00
3.148289680480957|1.10|0.00|0.00|0.00|0.00|0.28|-0.00|0.28|-0.00
3.19754695892334|1.10|0.00|0.00|0.00|0.00|0.00|0.00|0.00|-0.00
3.2468035221099854|1.10|0.00|0.00|0.00|0.00|-0.29|0.00|-0.29|-0.00
3.2953195571899414|1.10|0.00|0.00|0.00|0.00|0.54|-0.00|0.55|-0.00
3.3451430797576904|1.10|0.00|0.00|0.00|0.00|-0.27|0.00|-0.27|-0.00
3.393826961517334|1.10|0.00|0.00|0.00|0.00|0.26|-0.00|0.27|-0.00
3.442565441131592|1.11|0.00|0.00|0.00|0.00|-0.27|0.00|-0.27|-0.00
3.491757392883301|1.11|0.00|0.00|0.00|0.00|0.26|-0.00|0.27|-0.00
3.5413336753845215|1.11|0.00|0.00|0.00|0.00|-0.56|0.00|-0.57|-0.00
3.5903255939483643|1.10|0.00|0.00|0.00|0.00|0.54|-0.00|0.55|-0.00
3.6441595554351807|1.10|0.00|0.00|0.00|0.00|-0.27|0.00|-0.27|-0.00
3.6892457008361816|1.10|0.00|0.00|0.00|0.00|0.51|-0.00|0.51|-0.00
3.7422804832458496|1.10|0.00|0.00|0.00|0.00|-0.83|0.00|-0.84|-0.00
3.7911384105682373|1.11|0.00|0.00|0.00|0.00|0.54|-0.00|0.55|-0.00
3.840137243270874|1.11|0.00|0.00|0.00|0.00|-0.27|0.00|-0.27|-0.00
3.889085054397583|1.11|0.00|0.00|0.00|0.00|0.26|-0.00|0.27|-0.00
3.9388668537139893|1.11|0.00|0.00|0.00|0.00|-0.56|0.00|-0.57|-0.00
3.9873435497283936|1.11|0.00|0.00|0.00|0.00|0.78|-0.00|0.79|-0.00
4.037307024002075|1.10|0.00|0.00|0.00|0.00|-0.53|0.00|-0.54|-0.00
4.085954904556274|1.09|0.00|0.00|0.00|0.00|0.00|0.00|0.00|-0.00
4.134927034378052|1.09|0.00|0.00|0.00|0.00|-0.29|0.00|13.93|-0.00
4.184170722961426|1.09|0.00|0.00|0.00|0.00|0.54|-0.00|13.93|-0.00
4.23394513130188|1.09|0.00|0.00|0.00|0.00|0.00|0.00|13.93|-0.00
4.282341241836548|1.09|0.00|0.00|0.00|0.00|-0.56|0.00|13.93|-0.00
4.332215070724487|1.09|0.00|0.00|0.00|0.00|0.78|-0.00|0.79|-0.00
4.384948968887329|1.09|0.00|0.00|0.00|0.00|-0.53|0.00|13.11|-0.00
4.434687852859497|1.09|0.00|0.00|0.00|0.00|0.26|-0.00|13.11|-0.00
4.483658790588379|1.08|0.00|0.00|0.00|0.00|-0.27|0.00|13.11|-0.00
4.532472133636475|1.08|0.00|0.00|0.00|0.00|0.26|-0.00|13.11|-0.00
4.581317663192749|1.10|0.00|0.00|0.00|0.00|0.25|-0.00|13.11|-0.00
4.635044097900391|1.11|0.00|0.00|0.00|0.00|-0.25|0.00|13.11|-0.00
4.683663368225098|1.11|0.00|0.00|0.00|0.00|-0.27|0.00|13.11|-0.00
4.733604907989502|1.09|0.00|0.00|0.00|0.00|0.26|-0.00|13.37|-0.00
4.781875133514404|1.17|0.00|0.00|0.00|0.00|0.00|0.00|13.37|-0.00
4.831526041030884|1.23|0.00|0.00|0.00|0.00|-0.27|0.00|-0.27|-0.00
4.880481958389282|1.25|0.00|0.00|0.00|0.00|0.00|0.00|0.00|-0.00
4.925467252731323|1.26|0.00|0.00|0.00|0.00|0.00|0.00|0.00|-0.00
4.975235223770142|1.35|0.00|0.00|0.00|0.00|3.55|1.13|-0.15|-0.00
5.024287939071655|1.40|0.00|0.00|0.00|0.00|0.20|-0.02|3.97|1.08
5.0733864307403564|1.42|0.00|0.00|0.00|0.00|-0.44|0.05|-0.44|0.05
5.122440814971924|1.42|0.00|0.00|0.00|0.00|0.42|-0.05|0.42|-0.05
5.1676695346832275|1.38|0.00|0.00|0.00|0.00|0.00|0.00|0.00|0.00
5.220550775527954|1.32|0.00|0.00|0.00|0.00|-0.68|0.08|-4.87|-1.15
5.2698585987091064|1.26|0.00|0.00|0.00|0.00|0.99|-0.11|1.36|-0.01
5.318969011306763|1.19|0.00|0.00|0.00|0.00|-4.07|-1.04|-0.66|-0.05
5.3683085441589355|1.15|0.00|0.00|0.00|0.00|0.51|-0.00|0.51|-0.05
5.41703462600708|1.12|0.00|0.00|0.00|0.00|-0.83|0.00|-0.84|-0.05
5.466765642166138|1.08|0.00|0.00|0.00|0.00|0.54|-0.00|0.55|-0.05
5.515815496444702|1.04|0.00|0.00|0.00|0.00|-0.27|0.00|-0.27|-0.05
5.568918943405151|1.01|0.00|0.00|0.00|0.00|0.51|-0.00|13.11|-0.05
5.6176981925964355|0.98|0.00|0.00|0.00|0.00|-0.53|0.00|13.11|-0.05
5.666832447052002|0.95|0.00|0.00|0.00|0.00|13.24|-0.05|13.11|-0.05
5.719942331314087|0.92|0.00|0.00|0.00|0.00|13.24|-0.05|13.11|-0.05
5.769260406494141|0.91|0.00|0.00|0.00|0.00|13.24|-0.05|13.11|-0.05
5.822407007217407|0.92|0.00|0.00|0.00|0.00|13.24|-0.05|13.11|-0.05
5.872228622436523|0.94|0.00|0.00|0.00|0.00|13.24|-0.05|13.11|-0.05
5.924520254135132|0.95|0.00|0.00|0.00|0.00|13.24|-0.05|13.11|-0.05
5.974562644958496|0.95|0.00|0.00|0.00|0.00|13.24|-0.05|13.11|-0.05
6.02363920211792|0.96|0.00|0.00|0.00|0.00|13.24|-0.05|13.11|-0.05
6.076907157897949|0.96|0.00|0.00|0.00|0.00|13.24|-0.05|13.11|-0.05
6.126194000244141|0.97|0.00|0.00|0.00|0.00|13.24|-0.05|13.11|-0.05
6.179337501525879|0.98|0.00|0.00|0.00|0.00|13.24|-0.05|13.11|-0.05
6.228280067443848|0.99|0.00|0.00|0.00|0.00|13.24|-0.05|13.11|-0.05
6.281482696533203|1.00|0.00|0.00|0.00|0.00|13.24|-0.05|13.11|-0.05
6.330571413040161|1.02|0.00|0.00|0.00|0.00|13.24|-0.05|13.11|-0.05
6.383359909057617|1.04|0.00|0.00|0.00|0.00|13.24|-0.05|13.11|-0.05
6.432596683502197|1.07|0.00|0.00|0.00|0.00|13.24|-0.05|13.11|-0.05
6.485703229904175|1.10|0.00|0.00|0.00|0.00|13.24|-0.05|13.11|-0.05
6.535606622695923|1.12|0.00|0.00|0.00|0.00|0.25|-0.00|13.11|-0.05
6.584874868392944|1.14|0.00|0.00|0.00|0.00|-0.25|0.00|13.11|-0.05
6.633320093154907|1.15|0.00|0.00|0.00|0.00|0.25|-0.00|13.11|-0.05
6.682420969009399|1.15|0.00|0.00|0.00|0.00|-0.53|0.00|13.11|-0.05
6.732189893722534|1.15|0.00|0.00|0.00|0.00|0.26|-0.00|0.27|-0.05
6.785274505615234|1.15|0.00|0.00|0.00|0.00|-0.27|0.00|-0.27|-0.05
6.83068585395813|1.15|0.00|0.00|0.00|0.00|0.26|-0.00|0.27|-0.05
6.88362979888916|1.14|0.00|0.00|0.00|0.00|-0.56|0.00|-0.57|-0.05
6.932340145111084|1.14|0.00|0.00|0.00|0.00|0.54|-0.00|0.55|-0.05
6.977590322494507|1.14|0.00|0.00|0.00|0.00|0.00|0.00|0.00|-0.05
7.030655384063721|1.17|0.00|0.00|0.00|0.00|-0.56|0.00|-0.57|-0.05
7.076174736022949|1.18|0.00|0.00|0.00|0.00|0.28|-0.00|0.28|-0.05
7.125413656234741|1.21|0.00|0.00|0.00|0.00|0.00|0.00|0.00|-0.05
7.174408674240112|1.23|0.00|0.00|0.00|0.00|-0.29|0.00|-0.29|-0.05
7.223647832870483|1.23|0.00|0.00|0.00|0.00|0.54|-0.00|0.55|-0.05
7.276946544647217|1.23|0.00|0.00|0.00|0.00|-0.27|0.00|-0.27|-0.05
7.3222572803497314|1.23|0.00|0.00|0.00|0.00|0.26|-0.00|0.27|-0.05
7.375231504440308|1.23|0.00|0.00|0.00|0.00|-0.27|0.00|-0.27|-0.05
7.424143075942993|1.23|0.00|0.00|0.00|0.00|0.26|-0.00|0.27|-0.05
7.473353147506714|1.21|0.00|0.00|0.00|0.00|-0.56|0.00|-0.57|-0.05
7.5228424072265625|1.19|0.00|0.00|0.00|0.00|0.54|-0.00|0.55|-0.05
7.572037935256958|1.15|0.00|0.00|0.00|0.00|-0.27|0.00|-0.27|-0.05
7.620466470718384|1.12|0.00|0.00|0.00|0.00|0.51|-0.00|0.51|-0.05
7.669559478759766|1.09|0.00|0.00|0.00|0.00|-0.83|0.00|-0.84|-0.05
7.719406366348267|1.06|0.00|0.00|0.00|0.00|0.54|-0.00|0.55|-0.05
7.7686402797698975|1.03|0.00|0.00|0.00|0.00|-0.27|0.00|13.37|-0.05
7.817279815673828|1.01|0.00|0.00|0.00|0.00|0.00|0.00|13.37|-0.05
7.870468616485596|0.99|0.00|0.00|0.00|0.00|13.51|-0.05|13.37|-0.05
7.920019626617432|0.99|0.00|0.00|0.00|0.00|13.51|-0.05|13.37|-0.05
7.973212480545044|1.00|0.00|0.00|0.00|0.00|13.51|-0.05|13.37|-0.05
8.022304773330688|1.02|0.00|0.00|0.00|0.00|13.51|-0.05|13.37|-0.05
8.071324110031128|1.04|0.00|0.00|0.00|0.00|-0.13|0.00|13.37|-0.05
8.120345830917358|1.07|0.00|0.00|0.00|0.00|0.00|0.00|13.37|-0.05
8.16936182975769|1.09|0.00|0.00|0.00|0.00|0.00|0.00|13.37|-0.05
8.218407154083252|1.07|0.00|0.00|0.00|0.00|-0.27|0.00|13.37|-0.05
8.26812195777893|1.04|0.00|0.00|0.00|0.00|0.00|0.00|13.37|-0.05
8.32135796546936|1.02|0.00|0.00|0.00|0.00|13.51|-0.05|13.37|-0.05
8.369850158691406|1.02|0.00|0.00|0.00|0.00|13.51|-0.05|13.37|-0.05
8.423741817474365|1.03|0.00|0.00|0.00|0.00|13.51|-0.05|13.37|-0.05
8.473021745681763|1.06|0.00|0.00|0.00|0.00|13.51|-0.05|13.37|-0.05
8.521404504776001|1.07|0.00|0.00|0.00|0.00|0.12|-0.05|13.37|-0.05
8.575419425964355|1.08|0.00|0.00|0.00|0.00|-0.25|0.00|13.37|-0.05
8.620471477508545|1.09|0.00|0.00|0.00|0.00|0.00|0.00|13.37|-0.05
8.673734903335571|1.11|0.00|0.00|0.00|0.00|-0.56|0.00|13.37|-0.05
8.722798585891724|1.12|0.00|0.00|0.00|0.00|0.54|-0.00|13.37|-0.05
8.771748781204224|1.13|0.00|0.00|0.00|0.00|0.25|-0.00|13.37|-0.05
8.821228265762329|1.14|0.00|0.00|0.00|0.00|-0.25|0.00|13.37|-0.05
8.870151281356812|1.14|0.00|0.00|0.00|0.00|-0.27|0.00|-0.27|-0.05
8.919066190719604|1.15|0.00|0.00|0.00|0.00|0.26|-0.00|0.27|-0.05
8.972440004348755|1.17|0.00|0.00|0.00|0.00|-0.27|0.00|-0.27|-0.05
9.021570205688477|1.18|0.00|0.00|0.00|0.00|0.26|-0.00|0.27|-0.05
9.07058310508728|1.19|0.00|0.00|0.00|0.00|-0.27|0.00|-0.27|-0.05
9.11928129196167|1.21|0.00|0.00|0.00|0.00|0.26|-0.00|0.27|-0.05
9.1692476272583|1.20|0.00|0.00|0.00|0.00|-0.27|0.00|-0.27|-0.05
9.218364238739014|1.18|0.00|0.00|0.00|0.00|0.00|0.00|0.00|-0.05
9.267123699188232|1.13|0.00|0.00|0.00|0.00|-0.29|0.00|-0.29|-0.05
9.316389322280884|1.13|0.00|0.00|0.00|0.00|0.54|-0.00|0.55|-0.05
9.36554765701294|1.15|0.00|0.00|0.00|0.00|-0.27|0.00|-0.27|-0.05
9.414385557174683|1.17|0.00|0.00|0.00|0.00|0.26|-0.00|0.27|-0.05
9.46361780166626|1.13|0.00|0.00|0.00|0.00|-0.27|0.00|-0.27|-0.05
9.513474464416504|1.09|0.00|0.00|0.00|0.00|0.26|-0.00|13.37|-0.05
9.5624361038208|1.08|0.00|0.00|0.00|0.00|0.00|0.00|13.37|-0.05
9.61162519454956|1.11|0.00|0.00|0.00|0.00|-0.56|0.00|13.37|-0.05
9.660675764083862|1.14|0.00|0.00|0.00|0.00|0.54|-0.00|0.55|-0.05
9.709851026535034|1.13|0.00|0.00|0.00|0.00|0.00|0.00|0.00|-0.05
9.758633375167847|1.09|0.00|0.00|0.00|0.00|-0.56|0.00|-0.57|-0.05
9.811459064483643|1.04|0.00|0.00|0.00|0.00|0.28|-0.00|13.93|-0.05
9.861325979232788|1.03|0.00|0.00|0.00|0.00|0.26|-0.00|13.93|-0.05
9.910390377044678|1.12|0.00|0.00|0.00|0.00|0.00|0.00|13.93|-0.05
9.959227561950684|1.18|0.00|0.00|0.00|0.00|-0.27|0.00|-0.27|-0.05
10.00814175605774|1.13|0.00|0.00|0.00|0.00|0.26|-0.00|0.27|-0.05
10.057917356491089|1.04|0.00|0.00|0.00|0.00|-0.27|0.00|13.37|-0.05
10.107130289077759|1.02|0.00|0.00|0.00|0.00|0.26|-0.00|13.37|-0.05
10.156283378601074|1.04|0.00|0.00|0.00|0.00|0.00|0.00|13.37|-0.05
10.20539402961731|1.13|0.00|0.00|0.00|0.00|-0.56|0.00|13.37|-0.05
10.254422187805176|1.22|0.00|0.00|0.00|0.00|0.54|-0.00|0.55|-0.05
10.307499408721924|1.19|0.00|0.00|0.00|0.00|-0.27|0.00|-0.27|-0.05
10.356192350387573|1.11|0.00|0.00|0.00|0.00|0.51|-0.00|0.51|-0.05
10.406147003173828|1.07|0.00|0.00|0.00|0.00|-0.83|0.00|13.39|-0.05
10.455264568328857|1.13|0.00|0.00|0.00|0.00|0.54|-0.00|13.39|-0.05
10.504395961761475|1.24|0.00|0.00|0.00|0.00|0.00|0.00|0.00|-0.05
10.55330491065979|1.26|0.00|0.00|0.00|0.00|0.19|0.00|13.65|-0.05
10.602447509765625|1.22|0.00|0.00|0.00|0.00|-0.75|0.00|13.65|-0.05
10.651281833648682|1.15|0.00|0.00|0.00|0.00|0.78|-0.00|0.79|-0.05
10.700451612472534|1.12|0.00|0.00|0.00|0.00|-0.53|0.00|-0.54|-0.05
10.749468564987183|1.14|0.00|0.00|0.00|0.00|0.00|0.00|0.00|-0.05
10.799352884292603|1.17|0.00|0.00|0.00|0.00|-0.29|0.00|-0.29|-0.05
10.84838080406189|1.17|0.00|0.00|0.00|0.00|0.54|-0.00|0.55|-0.05
10.897758483886719|1.14|0.00|0.00|0.00|0.00|-0.27|0.00|-0.27|-0.05
10.946781873703003|1.13|0.00|0.00|0.00|0.00|0.00|0.00|0.00|-0.05
10.991360902786255|1.12|0.00|0.00|0.00|0.00|0.00|0.00|0.00|-0.05
11.044764757156372|1.12|0.00|0.00|0.00|0.00|-0.29|0.00|-0.29|-0.05
11.090376377105713|1.12|0.00|0.00|0.00|0.00|0.54|-0.00|0.55|-0.05
11.142849922180176|1.12|0.00|0.00|0.00|0.00|-0.56|0.00|-0.57|-0.05
11.192517042160034|1.11|0.00|0.00|0.00|0.00|0.54|-0.00|0.55|-0.05
11.241392612457275|1.11|0.00|0.00|0.00|0.00|-0.27|0.00|-0.27|-0.05
11.290328741073608|1.11|0.00|0.00|0.00|0.00|0.51|-0.00|0.51|-0.05
11.339488506317139|1.11|0.00|0.00|0.00|0.00|-0.83|0.00|-0.84|-0.05
11.388929843902588|1.10|0.00|0.00|0.00|0.00|0.54|-0.00|0.55|-0.05
11.437966346740723|1.10|0.00|0.00|0.00|0.00|-0.27|0.00|-0.27|-0.05
