0.028947114944458008|00|-0.05|-3.00|-1.00|0.00|0.00
0.1646099090576172|0.11|0.00|0.00|0.00|0.00|0.00|0.00|0.00|0.00|0.00|-0.00|0.00|0.00|0.00|0.00|0.00|0.00|0.00|-0.05|0.00|-0.05|-3.00|-1.00|0.00|0.00
0.3032994270324707|0.10|0.00|0.00|0.00|-0.00|0.00|0.00|0.00|0.00|0.00|-0.00|0.00|-0.00|0.00|0.00|0.00|0.00|0.00|-0.05|0.00|-0.05|-3.00|-1.00|0.00|0.00
0.4428708553314209|0.11|-0.00|0.00|-0.00|0.00|0.00|0.00|0.00|0.00|-0.00|-0.00|0.00|0.00|0.00|0.00|0.00|0.00|0.00|-0.05|0.00|-0.05|-3.00|-1.00|0.00|0.00
0.5776634216308594|0.09|0.00|0.00|0.00|-0.00|0.00|0.00|0.00|0.00|0.00|0.00|0.00|0.00|0.00|0.00|0.00|0.00|0.00|-0.05|0.00|-0.05|-3.00|-1.00|0.00|0.00
0.7137665748596191|0.10|0.00|-0.00|-0.00|-0.00|0.00|0.00|0.00|0.00|0.00|-0.00|0.00|0.00|0.00|0.00|0.00|0.00|0.00|-0.05|0.00|-0.05|-3.00|-1.00|0.00|0.00
0.8563966751098633|0.10|-0.00|0.00|-0.00|-0.00|0.00|0.00|0.00|0.00|0.00|-0.00|-0.00|-0.00|0.00|0.00|0.00|0.00|0.00|-0.05|0.00|-0.05|-3.00|-1.00|0.00|0.00
0.9960124492645264|0.10|-0.00|-0.00|0.00|-0.00|0.00|0.00|0.00|0.00|-0.00|-0.00|0.00|-0.00|0.00|0.00|0.00|0.00|0.00|-0.05|0.00|-0.05|-3.00|-1.00|0.00|0.00
1.1306486129760742|0.11|0.00|0.00|0.00|0.00|0.00|0.00|0.00|0.00|0.00|0.00|0.00|0.00|0.00|0.00|0.00|0.00|0.00|-0.05|0.00|-0.05|-3.00|-1.00|0.00|0.00
1.2662925720214844|0.14|0.00|-0.00|-0.00|0.00|0.00|0.00|0.00|0.00|0.00|-0.00|0.00|0.00|0.00|0.00|0.00|0.00|0.00|-0.05|0.00|-0.05|-3.00|-1.00|0.00|0.00
1.4049816131591797|0.11|-0.00|0.00|-0.00|-0.00|0.00|0.00|0.00|0.00|0.00|0.00|0.00|0.00|0.00|0.00|0.00|0.00|0.00|-0.05|0.00|-0.05|-3.00|-1.00|0.00|0.00
1.5405888557434082|0.10|0.00|0.00|0.00|-0.00|0.00|0.00|0.00|0.00|0.00|0.00|0.00|-0.00|0.00|0.00|0.00|0.00|0.00|-0.05|0.00|-0.05|-3.00|-1.00|0.00|0.00
1.680405855178833|0.10|-0.00|-0.00|-0.00|0.00|0.00|0.00|0.00|0.00|0.00|-0.00|-0.00|0.00|0.00|0.00|0.00|0.00|0.00|-0.05|0.00|-0.05|-3.00|-1.00|0.00|0.00
1.8190412521362305|0.09|0.00|-0.00|0.00|0.00|0.00|0.00|0.00|0.00|0.00|-0.00|0.00|0.00|0.00|0.00|0.00|0.00|0.00|-0.05|0.00|-0.05|-3.00|-1.00|0.00|0.00
1.9546740055084229|0.11|-0.00|0.00|0.00|-0.00|0.00|0.00|0.00|0.00|0.00|-0.00|0.00|0.00|0.00|0.00|0.00|0.00|0.00|-0.05|0.00|-0.05|-3.00|-1.00|0.00|0.00
2.089308500289917|0.10|0.01|0.01|-0.00|0.00|0.00|0.00|0.00|0.00|0.00|0.00|0.00|0.00|0.00|0.00|0.00|0.00|0.00|-0.05|0.00|-0.05|-3.00|-1.00|0.00|0.00
2.228943109512329|0.11|-0.01|-0.00|-0.00|0.00|0.00|0.00|0.00|0.00|0.00|0.00|-0.00|0.00|0.00|0.00|0.00|0.00|0.00|-0.05|0.00|-0.05|-3.00|-1.00|0.00|0.00
2.371584892272949|0.11|-0.00|-0.00|0.00|-0.01|0.00|0.00|0.00|0.00|0.00|-0.00|0.00|-0.00|-0.66|-0.09|0.00|0.00|0.00|-0.05|0.00|-0.05|-94.00|-14.00|0.00|0.00
2.519155263900757|0.12|-0.01|-0.00|-0.00|0.00|-0.16|0.01|0.00|0.00|-0.00|-0.00|0.00|0.00|-23.54|0.68|0.00|0.00|0.00|-0.05|0.00|-0.05|-3460.00|83.00|0.00|0.00
2.666780710220337|0.11|0.03|0.01|-0.00|-0.00|-0.43|0.01|0.00|0.00|0.00|0.00|-0.00|-0.00|-86.89|1.99|0.00|0.00|0.00|-0.05|0.00|-0.05|-16146.00|373.00|0.00|0.00
2.8103742599487305|0.09|-0.03|-0.02|0.00|0.00|0.19|0.00|0.00|0.00|-0.00|-0.00|0.00|0.00|-59.66|2.23|0.00|0.00|0.00|-0.05|0.00|-0.05|-24856.00|699.00|0.00|0.00
2.9540414810180664|0.12|0.02|0.01|-0.00|-0.00|0.41|-0.02|0.00|0.00|0.00|-0.00|0.00|0.00|0.00|0.00|0.00|0.00|0.00|-0.05|0.00|-0.05|-24856.00|699.00|0.00|0.00
3.1015665531158447|0.11|-0.01|-0.00|0.00|-0.00|0.41|-0.02|0.00|0.00|-0.00|-0.00|0.00|0.00|-22.14|0.65|0.00|0.00|0.00|-0.05|0.00|-0.05|-28044.00|793.00|0.00|0.00
3.2482717037200928|0.11|0.02|0.01|0.00|-0.00|-0.31|0.01|0.00|0.00|0.00|0.00|0.00|-0.00|-67.39|1.59|0.00|0.00|0.00|-0.05|0.00|-0.05|-37951.00|1026.00|0.00|0.00
3.3998069763183594|0.11|-0.02|-0.01|-0.00|0.00|0.33|-0.00|0.00|0.00|-0.00|-0.00|0.00|-0.00|-19.55|0.86|0.00|0.00|0.00|-0.05|0.00|-0.05|-40806.00|1152.00|0.00|0.00
3.547429323196411|0.12|0.00|-0.00|0.00|-0.00|0.13|-0.01|0.00|0.00|-0.00|-0.00|0.00|-0.00|0.00|-0.03|0.00|0.00|0.00|-0.05|0.00|-0.05|-40806.00|1147.00|0.00|0.00
3.691237688064575|0.11|0.00|0.00|-0.00|0.00|0.13|0.00|0.00|0.00|0.00|-0.00|-0.00|0.00|-0.03|-0.02|0.00|0.00|0.00|-0.05|0.00|-0.05|-40810.00|1144.00|0.00|0.00
3.8387765884399414|0.10|-0.00|-0.00|0.00|0.00|0.00|0.00|0.00|0.00|-0.00|-0.00|0.00|0.00|-0.01|0.00|0.00|0.00|0.00|-0.05|0.00|-0.05|-40812.00|1144.00|0.00|0.00
3.9821064472198486|0.10|-0.02|0.00|-0.00|-0.00|0.00|0.00|0.00|0.00|-0.00|0.00|0.00|-0.00|0.00|0.00|0.00|0.00|0.00|-0.05|0.00|-0.05|-40812.00|1144.00|0.00|0.00
4.1288206577301025|0.09|0.02|-0.00|0.00|0.00|0.00|0.00|0.00|0.00|0.00|-0.00|0.00|-0.00|0.00|0.00|0.00|0.00|0.00|-0.05|0.00|-0.05|-40812.00|1144.00|0.00|0.00
4.276352643966675|0.10|-0.00|-0.00|-0.00|-0.00|0.00|0.00|0.00|0.00|-0.00|-0.00|0.00|-0.00|0.00|0.00|0.00|0.00|0.00|-0.05|0.00|-0.05|-40812.00|1144.00|0.00|0.00
4.4239888191223145|0.10|-0.00|0.01|-0.00|-0.00|0.00|0.00|0.00|0.00|-0.00|0.00|-0.00|-0.00|0.00|0.00|0.00|0.00|0.00|-0.05|0.00|-0.05|-40812.00|1144.00|0.00|0.00
4.567580223083496|0.09|-0.00|-0.00|0.00|0.00|0.00|0.00|0.00|0.00|-0.00|-0.00|0.00|0.00|0.00|0.00|0.00|0.00|0.00|-0.05|0.00|-0.05|-40812.00|1144.00|0.00|0.00
4.711201906204224|0.11|0.00|0.00|-0.00|-0.00|0.00|0.00|0.00|0.00|0.00|-0.00|0.00|0.00|0.00|0.00|0.00|0.00|0.00|-0.05|0.00|-0.05|-40812.00|1144.00|0.00|0.00
4.85782265663147|0.10|-0.00|-0.00|-0.00|-0.00|0.00|0.00|0.00|0.00|0.00|-0.00|-0.00|-0.00|0.00|0.00|0.00|0.00|0.00|-0.05|0.00|-0.05|-40812.00|1144.00|0.00|0.00
5.001416921615601|0.11|-0.00|0.00|0.00|0.00|0.00|0.00|0.00|0.00|0.00|0.00|0.00|0.00|0.00|0.00|0.00|0.00|0.00|-0.05|0.00|-0.05|-40812.00|1144.00|-1.00|-5.00
5.149039268493652|0.10|-0.00|0.00|-0.00|0.00|0.00|0.00|0.00|0.00|-0.00|0.00|-0.00|0.00|0.00|0.00|0.00|-0.01|0.00|-0.05|0.00|-0.05|-40812.00|1144.00|-1.00|-7.00
5.296503305435181|0.10|-0.00|-0.00|0.00|-0.00|0.00|0.00|0.00|0.00|-0.00|0.00|0.00|0.00|0.00|0.00|0.01|-0.01|0.00|-0.05|0.00|-0.05|-40812.00|1144.00|1.00|-8.00
5.440086364746094|0.10|0.01|-0.00|-0.00|0.00|0.00|0.00|-0.00|0.00|0.00|0.00|0.00|0.00|0.00|0.00|0.00|0.00|0.00|-0.05|0.00|-0.05|-40812.00|1144.00|1.00|-8.00
5.591677665710449|0.10|-0.00|-0.00|-0.00|-0.00|0.00|0.00|-0.00|0.00|-0.00|-0.00|0.00|0.00|0.00|0.00|0.00|0.00|0.00|-0.05|0.00|-0.05|-40812.00|1144.00|1.00|-8.00
5.734250545501709|0.10|0.00|-0.00|0.00|-0.00|0.00|0.00|-0.00|0.00|0.00|-0.00|0.00|0.00|0.00|0.00|0.00|0.00|0.00|-0.05|0.00|-0.05|-40812.00|1144.00|1.00|-8.00
5.881887197494507|0.10|-0.00|0.00|-0.00|0.00|0.00|0.00|-0.00|0.00|-0.00|0.00|-0.00|0.00|0.00|0.00|0.00|0.00|0.00|-0.05|0.00|-0.05|-40812.00|1144.00|1.00|-8.00
6.029870271682739|0.11|0.00|-0.00|0.00|-0.00|0.00|0.00|-0.00|0.00|0.00|-0.00|0.00|-0.00|0.00|0.00|0.00|0.00|0.00|-0.05|0.00|-0.05|-40812.00|1144.00|1.00|-8.00
6.172479867935181|0.10|0.00|0.00|0.00|0.00|0.00|0.00|-0.00|0.00|0.00|0.00|0.00|0.00|0.00|0.00|0.00|0.00|0.00|-0.05|0.00|-0.05|-40812.00|1144.00|1.00|-8.00
6.320096015930176|0.11|-0.00|-0.00|-0.00|-0.00|0.00|0.00|-0.00|0.00|-0.00|0.00|0.00|0.00|0.00|0.00|0.00|0.00|0.00|-0.05|0.00|-0.05|-40812.00|1144.00|1.00|-8.00
6.463708162307739|0.10|0.00|0.00|0.00|-0.00|0.00|0.00|-0.00|0.00|0.00|0.00|0.00|-0.00|0.00|0.00|0.00|0.00|0.00|-0.05|0.00|-0.05|-40812.00|1144.00|1.00|-8.00
6.6113481521606445|0.10|-0.00|-0.00|0.00|0.00|0.00|0.00|-0.00|0.00|-0.00|0.00|0.00|0.00|0.00|0.00|0.00|0.00|0.00|-0.05|0.00|-0.05|-40812.00|1144.00|1.00|-8.00
6.758902549743652|0.09|0.00|0.00|-0.00|-0.00|0.00|0.00|-0.00|0.00|-0.00|0.00|-0.00|-0.00|0.00|0.00|0.00|0.00|0.00|-0.05|0.00|-0.05|-40812.00|1144.00|1.00|-8.00
6.906532526016235|0.10|-0.00|-0.00|0.00|0.00|0.00|0.00|-0.00|0.00|-0.00|0.00|0.00|0.00|0.00|0.00|0.00|0.00|0.00|-0.05|0.00|-0.05|-40812.00|1144.00|1.00|-8.00
7.049144268035889|0.09|0.00|-0.00|0.00|-0.00|0.00|0.00|-0.00|0.00|0.00|-0.00|0.00|-0.00|0.00|0.00|0.00|0.00|0.00|-0.05|0.00|-0.05|-40812.00|1144.00|1.00|-8.00
7.200747728347778|0.10|-0.00|-0.00|-0.00|0.00|0.00|0.00|-0.00|0.00|-0.00|-0.00|-0.00|0.00|0.00|0.00|0.00|0.00|0.00|-0.05|0.00|-0.05|-40812.00|1144.00|1.00|-8.00
7.348942518234253|0.12|-0.00|0.00|0.00|-0.00|0.00|0.00|-0.00|0.00|-0.00|-0.00|0.00|-0.00|0.00|0.00|0.00|0.00|0.00|-0.05|0.00|-0.05|-40812.00|1144.00|1.00|-8.00
7.491615056991577|0.10|0.00|0.00|-0.00|0.00|0.00|0.00|-0.00|0.00|0.00|0.00|-0.00|0.00|0.00|0.00|0.00|0.00|0.00|-0.05|0.00|-0.05|-40812.00|1144.00|1.00|-8.00
7.639163970947266|0.09|-0.00|0.00|0.00|0.00|0.00|0.00|-0.00|0.00|-0.00|0.00|0.00|0.00|0.00|0.00|0.00|0.00|0.00|-0.05|0.00|-0.05|-40812.00|1144.00|1.00|-8.00
7.786793947219849|0.11|0.00|-0.00|-0.00|-0.00|0.00|0.00|-0.00|0.00|0.00|-0.00|-0.00|0.00|0.00|0.00|0.00|0.00|0.00|-0.05|0.00|-0.05|-40812.00|1144.00|1.00|-8.00
7.93039608001709|0.10|0.00|0.00|0.00|-0.00|0.00|0.00|-0.00|0.00|0.00|0.00|0.00|-0.00|0.00|0.00|0.00|0.00|0.00|-0.05|0.00|-0.05|-40812.00|1144.00|1.00|-8.00
8.077185869216919|0.11|-0.00|-0.00|-0.00|-0.00|0.00|0.00|-0.00|0.00|0.00|-0.00|0.00|-0.00|0.00|0.00|0.00|0.00|0.00|-0.05|0.00|-0.05|-40812.00|1144.00|1.00|-8.00
8.224794387817383|0.10|0.00|0.00|-0.00|0.00|0.00|0.00|-0.00|0.00|0.00|0.00|-0.00|-0.00|0.00|0.00|0.00|0.00|0.00|-0.05|0.00|-0.05|-40812.00|1144.00|1.00|-8.00
8.372400999069214|0.11|-0.00|-0.00|0.00|-0.00|0.00|0.00|-0.00|0.00|-0.00|-0.00|0.00|-0.00|0.00|0.00|0.00|0.00|0.00|-0.05|0.00|-0.05|-40812.00|1144.00|1.00|-8.00
8.519995212554932|0.09|0.00|0.00|-0.00|0.00|0.00|0.00|-0.00|0.00|-0.00|-0.00|0.00|0.00|0.00|0.00|0.00|0.00|0.00|-0.05|0.00|-0.05|-40812.00|1144.00|1.00|-8.00
8.667613506317139|0.11|0.00|0.00|-0.00|-0.00|0.00|0.00|-0.00|0.00|0.00|-0.00|-0.00|-0.00|0.00|0.00|0.00|0.00|0.00|-0.05|0.00|-0.05|-40812.00|1144.00|1.00|-8.00
8.815174102783203|0.09|-0.00|0.00|0.00|-0.00|0.00|0.00|-0.00|0.00|-0.00|0.00|0.00|-0.00|0.00|0.00|0.00|0.00|0.00|-0.05|0.00|-0.05|-40812.00|1144.00|1.00|-8.00
8.957835912704468|0.11|0.00|0.00|-0.00|0.00|0.00|0.00|-0.00|0.00|0.00|0.00|-0.00|0.00|0.00|0.00|0.00|0.00|0.00|-0.05|0.00|-0.05|-40812.00|1144.00|1.00|-8.00
9.105444431304932|0.10|0.00|-0.00|-0.00|0.00|0.00|0.00|-0.00|0.00|0.00|0.00|-0.00|0.00|0.00|0.00|0.00|0.00|0.00|-0.05|0.00|-0.05|-40812.00|1144.00|1.00|-8.00
9.253066539764404|0.09|-0.00|-0.00|0.00|-0.00|0.00|0.00|-0.00|0.00|0.00|0.00|-0.00|-0.00|0.00|0.00|0.00|0.00|0.00|-0.05|0.00|-0.05|-40812.00|1144.00|1.00|-8.00
