0.019953012466430664|0|2.00|0.00|-1.00
0.15957403182983398|0.09|0.00|0.00|-0.00|0.00|-0.00|-0.00|0.00|0.00|0.00|0.00|-0.00|0.00|0.00|0.00|0.00|0.00|0.00|-0.05|0.00|-0.05|9.00|2.00|0.00|-1.00
0.2992055416107178|0.09|-0.00|0.00|-0.00|-0.00|-0.00|-0.00|0.00|0.00|-0.00|0.00|-0.00|0.00|0.00|0.00|0.00|0.00|0.00|-0.05|0.00|-0.05|9.00|2.00|0.00|-1.00
0.43786120414733887|0.10|0.00|-0.00|0.00|-0.00|-0.00|-0.00|0.00|0.00|-0.00|0.00|0.00|0.00|0.00|0.00|0.00|0.00|0.00|-0.05|0.00|-0.05|9.00|2.00|0.00|-1.00
0.573500394821167|0.09|0.00|0.00|0.00|0.00|-0.00|-0.00|0.00|0.00|-0.00|0.00|0.00|0.00|0.00|0.00|0.00|0.00|0.00|-0.05|0.00|-0.05|9.00|2.00|0.00|-1.00
0.7121305465698242|0.07|0.00|-0.00|0.00|-0.00|-0.00|-0.00|0.00|0.00|0.00|-0.00|0.00|0.00|0.00|0.00|0.00|0.00|0.00|-0.05|0.00|-0.05|9.00|2.00|0.00|-1.00
0.8517909049987793|0.09|-0.00|0.00|-0.00|0.00|-0.00|-0.00|0.00|0.00|-0.00|0.00|0.00|0.00|0.00|0.00|0.00|0.00|0.00|-0.05|0.00|-0.05|9.00|2.00|0.00|-1.00
0.9914207458496094|0.09|0.00|-0.00|-0.00|0.00|-0.00|-0.00|0.00|0.00|-0.00|-0.00|0.00|0.00|0.00|0.00|0.00|0.00|0.00|-0.05|0.00|-0.05|9.00|2.00|0.00|-1.00
1.126035213470459|0.09|0.00|0.00|0.00|0.00|-0.00|-0.00|0.00|0.00|0.00|0.00|0.00|0.00|0.00|0.00|0.00|0.00|0.00|-0.05|0.00|-0.05|9.00|2.00|0.00|-1.00
1.265688180923462|0.10|-0.00|-0.00|-0.00|-0.00|-0.00|-0.00|0.00|0.00|-0.00|0.00|-0.00|0.00|0.00|0.00|0.00|0.00|0.00|-0.05|0.00|-0.05|9.00|2.00|0.00|-1.00
1.4052848815917969|0.08|0.00|-0.00|0.00|0.00|-0.00|-0.00|0.00|0.00|-0.00|-0.00|0.00|0.00|0.00|0.00|0.00|0.00|0.00|-0.05|0.00|-0.05|9.00|2.00|0.00|-1.00
1.5479671955108643|0.09|-0.00|-0.00|-0.00|-0.00|-0.00|-0.00|0.00|0.00|-0.00|-0.00|-0.00|0.00|0.00|0.00|0.00|0.00|0.00|-0.05|0.00|-0.05|9.00|2.00|0.00|-1.00
1.6836063861846924|0.11|0.00|0.00|0.00|0.00|-0.00|-0.00|0.00|0.00|0.00|-0.00|0.00|0.00|0.00|0.00|0.00|0.00|0.00|-0.05|0.00|-0.05|9.00|2.00|0.00|-1.00
1.8222336769104004|0.10|-0.00|0.00|0.00|-0.00|-0.00|-0.00|0.00|0.00|0.00|0.00|0.00|0.00|0.00|0.00|0.00|0.00|0.00|-0.05|0.00|-0.05|9.00|2.00|0.00|-1.00
1.9618616104125977|0.09|-0.00|-0.00|-0.00|0.00|-0.00|-0.00|0.00|0.00|-0.00|0.00|0.00|0.00|0.00|0.00|0.00|0.00|0.00|-0.05|0.00|-0.05|9.00|2.00|0.00|-1.00
2.1014881134033203|0.09|0.00|-0.00|-0.00|-0.00|-0.00|-0.00|0.00|0.00|-0.00|-0.00|0.00|0.00|0.00|0.00|0.00|0.00|0.00|-0.05|0.00|-0.05|9.00|2.00|0.00|-1.00
2.2400870323181152|0.09|-0.00|0.00|-0.00|0.00|-0.00|-0.00|0.00|0.00|-0.00|0.00|-0.00|0.00|0.00|0.00|0.00|0.00|0.00|-0.05|0.00|-0.05|9.00|2.00|0.00|-1.00
2.3837356567382812|0.08|-0.00|-0.00|0.00|-0.00|-0.00|-0.00|0.00|0.00|-0.00|-0.00|0.00|0.00|0.00|0.00|0.00|0.00|0.00|-0.05|0.00|-0.05|9.00|2.00|0.00|-1.00
2.5233654975891113|0.10|0.00|0.00|-0.00|0.00|-0.00|-0.00|0.00|0.00|-0.00|-0.00|-0.00|0.00|0.00|0.00|0.00|0.00|0.00|-0.05|0.00|-0.05|9.00|2.00|0.00|-1.00
2.658006191253662|0.09|0.00|0.00|0.00|-0.00|-0.00|-0.00|0.00|0.00|0.00|0.00|-0.00|0.00|0.00|0.00|0.00|0.00|0.00|-0.05|0.00|-0.05|9.00|2.00|0.00|-1.00
2.7976033687591553|0.09|0.00|-0.00|0.00|0.00|-0.00|-0.00|0.00|0.00|0.00|-0.00|0.00|0.00|0.00|0.00|0.00|0.00|0.00|-0.05|0.00|-0.05|9.00|2.00|0.00|-1.00
2.9362621307373047|0.09|-0.00|0.00|-0.00|-0.00|-0.00|-0.00|0.00|0.00|-0.00|0.00|-0.00|0.00|0.00|0.00|0.00|0.00|0.00|-0.05|0.00|-0.05|9.00|2.00|0.00|-1.00
3.079883098602295|0.09|0.00|0.00|0.00|0.00|-0.00|-0.00|0.00|0.00|0.00|0.00|0.00|0.00|-15.00|0.37|0.00|0.00|0.00|-0.05|0.00|-0.05|-2106.00|54.00|0.00|-1.00
3.22745680809021|0.10|-0.00|-0.01|0.00|-0.00|-0.11|0.02|0.00|0.00|-0.00|-0.00|0.00|0.00|-31.10|2.51|0.00|0.00|0.00|-0.05|0.00|-0.05|-6522.00|410.00|0.00|-1.00
3.371102809906006|0.09|0.02|0.01|0.00|-0.00|0.00|0.00|0.00|0.00|0.00|0.00|0.00|0.00|-30.46|2.71|0.00|0.00|0.00|-0.05|0.00|-0.05|-11000.00|808.00|0.00|-1.00
3.522700309753418|0.09|-0.02|-0.01|0.00|-0.00|-0.07|0.02|0.00|0.00|-0.00|-0.00|0.00|-0.00|-40.58|5.28|0.00|0.00|0.00|-0.05|0.00|-0.05|-16843.00|1568.00|0.00|-1.00
3.6742660999298096|0.09|-0.00|0.00|-0.00|0.00|-0.03|-0.01|0.00|0.00|-0.00|0.00|-0.00|0.00|-45.57|3.63|0.00|0.00|0.00|-0.05|0.00|-0.05|-23679.00|2112.00|0.00|-1.00
3.8169143199920654|0.10|0.02|0.00|-0.00|-0.00|0.09|0.02|0.00|0.00|0.00|0.00|-0.00|0.00|-31.75|6.10|0.00|0.00|0.00|-0.05|0.00|-0.05|-28474.00|3033.00|0.00|-1.00
3.9684784412384033|0.10|-0.02|-0.01|0.00|-0.00|-0.10|0.01|0.00|0.00|-0.00|-0.00|0.00|-0.00|-45.95|6.98|0.00|0.00|0.00|-0.05|0.00|-0.05|-35182.00|4052.00|0.00|-1.00
4.120107173919678|0.09|0.00|0.00|-0.00|0.00|-0.08|-0.02|0.00|0.00|0.00|-0.00|-0.00|0.00|-58.74|3.33|0.00|0.00|0.00|-0.05|0.00|-0.05|-44052.00|4555.00|0.00|-1.00
4.267707824707031|0.10|-0.00|-0.01|-0.00|0.00|0.10|0.01|0.00|0.00|-0.00|-0.00|-0.00|0.00|-44.21|4.67|0.00|0.00|0.00|-0.05|0.00|-0.05|-50595.00|5246.00|0.00|-1.00
4.419325590133667|0.11|0.02|0.01|-0.00|-0.00|0.02|-0.02|0.00|0.00|0.00|-0.00|-0.00|0.00|-41.42|1.12|0.00|0.00|0.00|-0.05|0.00|-0.05|-56849.00|5415.00|0.00|-1.00
4.566940784454346|0.09|-0.00|0.00|0.00|-0.00|-0.02|0.00|0.00|0.00|0.00|0.00|-0.00|-0.00|-44.85|1.18|0.00|0.00|0.00|-0.05|0.00|-0.05|-63487.00|5590.00|0.00|-1.00
4.714547157287598|0.12|-0.02|0.01|0.00|0.00|0.09|-0.00|0.00|0.00|-0.00|0.00|-0.00|0.00|-30.97|0.74|0.00|0.00|0.00|-0.05|0.00|-0.05|-68101.00|5700.00|0.00|-1.00
4.862151861190796|0.09|0.00|-0.01|0.00|-0.00|-0.07|0.00|0.00|0.00|0.00|-0.00|0.00|0.00|-41.22|1.03|0.00|0.00|0.00|-0.05|0.00|-0.05|-74161.00|5852.00|0.00|-1.00
5.012751340866089|0.10|-0.00|0.00|0.00|-0.00|0.08|-0.00|0.00|0.00|-0.00|0.00|0.00|-0.00|-29.97|0.33|0.00|0.00|0.00|-0.05|0.00|-0.05|-78626.00|5901.00|0.00|-1.00
5.160359144210815|0.10|0.00|-0.00|-0.00|0.00|0.07|-0.00|0.00|0.00|-0.00|0.00|0.00|0.00|-20.17|-0.10|0.00|0.00|0.00|-0.05|0.00|-0.05|-81611.00|5886.00|0.00|-1.00
5.30796217918396|0.09|0.00|-0.01|0.00|-0.01|-0.09|0.00|0.00|0.00|0.00|-0.00|0.00|-0.00|-33.06|0.62|0.00|0.00|0.00|-0.05|0.00|-0.05|-86537.00|5978.00|0.00|-1.00
5.459568977355957|0.10|-0.00|0.00|-0.00|0.00|0.00|0.01|0.00|0.00|0.00|-0.00|-0.00|-0.00|-32.94|2.32|0.00|0.00|0.00|-0.05|0.00|-0.05|-91412.00|6321.00|0.00|-1.00
5.603178977966309|0.09|0.01|0.00|0.00|0.00|0.20|-0.02|0.00|0.00|0.00|0.00|0.00|-0.00|-3.43|-0.02|0.00|0.00|0.00|-0.05|0.00|-0.05|-91927.00|6318.00|0.00|-1.00
5.754772901535034|0.12|-0.01|-0.00|-0.00|0.00|0.02|0.00|0.00|0.00|-0.00|-0.00|-0.00|-0.00|-0.18|0.01|0.00|0.00|0.00|-0.05|0.00|-0.05|-91953.00|6320.00|0.00|-1.00
5.9061784744262695|0.10|-0.01|-0.01|0.00|-0.00|-0.00|-0.00|0.00|0.00|-0.00|-0.00|0.00|-0.00|-0.65|0.00|0.00|0.00|0.00|-0.05|0.00|-0.05|-92050.00|6320.00|0.00|-1.00
6.053781032562256|0.11|0.01|0.01|-0.00|-0.00|-0.01|-0.00|0.00|0.00|0.00|0.00|-0.00|-0.00|-1.45|0.08|0.00|0.00|0.00|-0.05|0.00|-0.05|-92268.00|6332.00|0.00|-1.00
6.201388120651245|0.11|0.01|-0.00|0.00|-0.00|0.01|-0.00|0.00|0.00|0.00|0.00|0.00|-0.00|-0.05|-0.11|0.00|0.00|0.00|-0.05|0.00|-0.05|-92275.00|6316.00|0.00|-1.00
6.352985382080078|0.09|-0.01|-0.00|-0.00|0.00|-0.00|0.00|0.00|0.00|-0.00|-0.00|-0.00|0.00|-0.41|0.04|0.00|0.00|0.00|-0.05|0.00|-0.05|-92335.00|6322.00|0.00|-1.00
6.4996209144592285|0.12|-0.00|0.00|0.00|0.00|-0.01|0.00|0.00|0.00|-0.00|-0.00|0.00|0.00|-2.51|0.09|0.00|0.00|0.00|-0.05|0.00|-0.05|-92712.00|6335.00|0.00|-1.00
6.6432414054870605|0.11|0.01|0.00|-0.00|0.00|0.01|-0.00|0.00|0.00|0.00|0.00|-0.00|0.00|-1.13|0.05|0.00|0.00|0.00|-0.05|0.00|-0.05|-92877.00|6342.00|0.00|-1.00
6.790846586227417|0.11|0.01|-0.00|0.00|-0.00|0.01|-0.00|0.00|0.00|0.00|0.00|-0.00|0.00|-0.12|-0.03|0.00|0.00|0.00|-0.05|0.00|-0.05|-92895.00|6337.00|0.00|-1.00
6.93845272064209|0.10|0.01|0.00|0.00|-0.00|0.00|-0.00|0.00|0.00|0.00|0.00|-0.00|0.00|0.00|-0.06|0.00|0.00|0.00|-0.05|0.00|-0.05|-92895.00|6328.00|0.00|-1.00
7.086026430130005|0.10|-0.03|0.00|-0.00|-0.00|0.00|0.00|0.00|0.00|-0.00|0.00|-0.00|-0.00|0.00|0.00|0.00|0.00|0.00|-0.05|0.00|-0.05|-92895.00|6328.00|0.00|-1.00
7.233681917190552|0.10|0.00|-0.00|-0.00|0.00|0.00|0.00|0.00|0.00|-0.00|0.00|-0.00|0.00|0.05|0.08|0.00|0.00|0.00|-0.05|0.00|-0.05|-92887.00|6340.00|0.00|-1.00
7.376281023025513|0.09|0.00|0.00|0.00|0.00|0.00|-0.00|0.00|0.00|0.00|0.00|-0.00|0.00|0.76|0.04|0.00|0.00|0.00|-0.05|0.00|-0.05|-92777.00|6346.00|0.00|-1.00
7.523890018463135|0.10|0.06|0.00|0.00|-0.00|0.21|-0.00|0.00|0.00|0.01|0.00|-0.00|-0.00|30.92|-0.28|0.00|0.00|0.00|-0.05|0.00|-0.05|-88325.00|6305.00|0.00|-1.00
7.6714928150177|0.11|-0.05|-0.01|0.00|0.00|0.37|-0.03|0.00|0.00|0.00|0.00|0.00|0.00|84.69|-4.88|0.00|0.00|0.00|-0.05|0.00|-0.05|-75875.00|5587.00|0.00|-1.00
7.819071292877197|0.10|-0.04|0.00|-0.00|-0.00|0.06|0.03|0.00|0.00|-0.00|0.00|0.00|-0.00|93.73|-1.14|0.00|0.00|0.00|-0.05|0.00|-0.05|-62097.00|5420.00|0.00|-1.00
7.966680288314819|0.10|0.02|-0.00|-0.00|0.00|0.07|-0.00|0.00|0.00|-0.00|0.00|0.00|0.00|104.11|-1.75|0.00|0.00|0.00|-0.05|0.00|-0.05|-46585.00|5159.00|0.00|-1.00
8.118353843688965|0.11|0.00|0.00|-0.00|-0.00|-0.10|-0.02|0.00|0.00|-0.00|0.00|-0.00|0.00|89.76|-4.32|0.00|0.00|0.00|-0.05|0.00|-0.05|-33300.00|4519.00|0.00|-1.00
8.270012855529785|0.10|-0.01|0.01|-0.00|-0.00|0.13|0.01|0.00|0.00|-0.00|0.00|-0.00|-0.00|109.53|-3.23|0.00|0.00|0.00|-0.05|0.00|-0.05|-16870.00|4035.00|0.00|-1.00
8.417497634887695|0.12|-0.15|-0.10|0.02|-0.05|-0.26|0.02|0.00|0.00|-0.02|-0.01|0.00|-0.01|69.68|0.52|0.00|0.00|-0.00|-0.05|0.00|-0.05|-6348.00|4113.00|0.00|-1.00
8.564229965209961|0.08|0.17|0.16|-0.02|0.04|-0.47|-0.01|0.00|0.00|0.00|0.01|0.00|-0.00|-0.89|-0.65|0.00|0.00|-0.00|-0.05|0.00|-0.05|-6481.00|4015.00|0.00|-1.00
8.71174144744873|0.09|0.03|-0.05|0.00|0.00|0.01|0.00|0.00|0.00|0.01|0.00|0.00|-0.00|0.50|-0.32|0.00|-0.05|0.00|-0.05|0.00|-0.05|-6407.00|3968.00|-2.00|-9.00
8.859436988830566|0.08|-0.05|-0.01|-0.00|0.01|-0.00|0.00|0.00|0.00|-0.00|0.00|0.00|-0.00|0.03|0.00|0.00|0.00|-0.00|-0.05|0.00|-0.06|-6403.00|3968.00|-2.00|-9.00
9.015022039413452|0.09|-0.00|-0.00|0.01|0.00|-0.00|0.00|0.00|0.00|-0.00|0.00|0.00|-0.00|-0.08|-0.15|0.00|-0.01|-0.00|-0.05|0.00|-0.06|-6415.00|3946.00|-2.00|-10.00
9.162534713745117|0.09|0.02|-0.01|-0.00|-0.00|0.00|0.00|0.00|0.00|0.00|0.00|0.00|-0.00|0.05|0.01|0.00|0.00|-0.00|-0.05|0.00|-0.06|-6407.00|3947.00|-2.00|-10.00
9.314085483551025|0.09|0.00|-0.00|-0.00|-0.00|-0.00|-0.00|0.00|0.00|0.00|-0.00|0.00|-0.00|0.00|0.00|0.00|-0.01|-0.00|-0.05|0.00|-0.06|-6407.00|3947.00|-2.00|-11.00
