0.004986763000488281|.08|-0.12|0.20|0.15|0.00|0.00|0.00|0.00|1.13|-52.41|0.67|-53.75|2.00|-13.00|-5.00|-27.00|-0.03|0.04|-0.10|0.22|0.10|-0.18
0.17154765129089355|0.09|0.85|1.56|-0.74|-2.20|0.00|0.00|0.00|0.00|0.07|0.16|0.07|-0.25|0.00|0.00|0.00|0.00|1.15|-52.38|0.68|-53.79|2.00|-13.00|-5.00|-27.00|-0.17|0.03|-0.01|0.11|-0.30|-0.06
0.3482227325439453|0.09|0.22|0.07|-1.06|0.85|0.00|0.00|0.00|0.00|0.11|0.17|-0.12|-0.10|0.00|0.00|0.00|0.00|1.17|-52.35|0.66|-53.81|2.00|-13.00|-5.00|-27.00|0.11|0.03|0.04|-0.10|-0.16|0.14
0.5246021747589111|0.09|-0.31|-0.75|1.89|0.75|0.00|0.00|0.00|0.00|0.06|0.04|0.21|0.03|0.00|0.00|0.00|0.00|1.17|-52.35|0.70|-53.80|2.00|-13.00|-5.00|-27.00|-0.11|-0.17|0.01|0.23|0.05|0.02
0.7041692733764648|0.09|-0.49|0.20|-0.87|0.66|0.00|0.00|0.00|0.00|-0.03|0.07|0.06|0.15|0.00|0.00|0.00|0.00|1.17|-52.33|0.71|-53.77|2.00|-13.00|-5.00|-27.00|-0.03|-0.11|-0.12|0.11|0.13|-0.14
0.8886845111846924|0.09|-0.72|-1.24|-0.70|-0.92|0.00|0.00|0.00|0.00|-0.16|-0.15|-0.06|-0.01|0.00|0.00|0.00|0.00|1.14|-52.36|0.70|-53.78|2.00|-13.00|-5.00|-27.00|-0.03|-0.03|-0.04|-0.02|-0.02|0.08
1.0692131519317627|0.09|0.44|1.44|-0.60|-1.82|0.00|0.00|0.00|0.00|-0.07|0.12|-0.17|-0.35|0.00|0.00|0.00|0.00|1.13|-52.34|0.67|-53.84|2.00|-13.00|-5.00|-27.00|-0.11|0.04|-0.02|-0.16|-0.39|-0.03
1.2496674060821533|0.09|1.41|-0.73|-0.29|-0.03|0.00|0.00|0.00|0.00|0.18|-0.01|-0.22|-0.35|0.00|0.00|0.00|0.00|1.16|-52.34|0.63|-53.90|2.00|-13.00|-5.00|-27.00|-0.18|-0.09|0.13|-0.24|-0.46|0.05
1.4252419471740723|0.09|-1.75|0.89|2.42|3.13|0.00|0.00|0.00|0.00|-0.14|0.15|0.22|0.22|0.00|0.00|0.00|0.00|1.14|-52.31|0.67|-53.87|2.00|-13.00|-5.00|-27.00|-0.18|-0.03|0.17|0.20|0.18|-0.17
1.6057722568511963|0.09|1.86|-1.02|-1.66|0.17|0.00|0.00|0.00|0.00|0.19|-0.03|-0.07|0.25|0.00|0.00|0.00|0.00|1.17|-52.32|0.65|-53.82|2.00|-13.00|-5.00|-27.00|-0.05|-0.08|0.02|-0.06|0.22|-0.23
1.7853882312774658|0.09|-0.63|-0.56|0.16|-2.34|0.00|0.00|0.00|0.00|0.08|-0.13|-0.04|-0.17|0.00|0.00|0.00|0.00|1.18|-52.34|0.65|-53.85|2.00|-13.00|-5.00|-27.00|0.15|0.03|-0.06|-0.04|-0.19|0.16
1.9658007621765137|0.10|183.00|81.81|-3.31|1.60|0.00|0.00|0.00|0.00|33.02|14.60|-0.64|0.12|0.00|-0.01|0.00|0.00|7.13|-49.71|0.53|-53.83|2.00|-14.00|-5.00|-27.00|43.77|-1.79|29.73|-0.71|0.56|1.22
2.162301540374756|0.10|-187.43|-63.66|-62.03|12.94|0.00|0.01|0.00|0.00|-1.10|3.01|-11.93|2.47|-0.52|1.42|-0.12|0.57|6.93|-49.16|-1.64|-53.38|-93.00|244.00|-26.00|76.00|-0.73|-0.96|0.54|-11.26|1.55|12.11
2.3468880653381348|0.08|10.53|5.54|44.76|8.46|0.00|-0.01|0.00|-0.00|0.94|4.08|-3.29|4.10|0.13|0.07|-0.04|0.27|7.11|-48.38|-2.28|-52.59|-67.00|258.00|-34.00|128.00|0.64|5.91|-3.54|-1.90|2.88|-4.38
2.552187442779541|0.10|-542.51|271.45|97.33|166.89|-0.27|-0.01|0.26|-0.01|-98.89|54.03|14.62|34.81|-50.34|-2.60|48.53|-0.82|-11.09|-38.44|0.41|-46.19|-9330.00|-220.00|8895.00|-22.00|-97.80|59.11|-3.47|14.78|35.44|3.50
2.7606801986694336|0.10|313.67|26.27|34.55|-28.23|-0.52|0.01|0.42|0.01|-33.64|59.49|21.80|28.94|-157.53|-0.57|136.54|0.47|-18.09|-26.06|4.95|-40.17|-42097.00|-338.00|37295.00|76.00|-36.06|60.62|13.23|22.08|29.06|3.03
2.965142250061035|0.10|153.52|-115.72|23.32|27.48|0.51|0.00|-0.28|0.01|-2.02|35.65|26.61|34.60|-51.98|-0.12|79.52|2.39|-18.50|-18.72|10.43|-33.04|-52804.00|-362.00|53677.00|568.00|-7.69|35.34|16.54|27.27|34.54|0.87
3.1705403327941895|0.09|5.94|-139.24|-30.77|-66.15|0.25|-0.00|-0.21|-0.01|-0.80|7.11|20.30|21.04|0.00|-0.20|37.29|-0.46|-18.66|-17.26|14.59|-28.72|-52803.00|-404.00|61322.00|473.00|-1.53|6.97|2.74|20.92|20.79|-1.37
3.3670568466186523|0.09|47.29|-15.66|90.84|-11.25|-0.06|0.00|-0.15|0.01|8.85|3.91|38.83|18.75|-13.13|0.12|5.99|0.64|-16.86|-16.46|22.51|-24.90|-55481.00|-380.00|62543.00|604.00|3.59|3.20|2.01|40.02|18.54|4.98
3.5636355876922607|0.09|-20.11|11.89|-77.08|-70.09|0.03|0.00|-0.03|-0.00|4.89|6.26|23.64|4.94|-7.74|0.56|0.46|-0.17|-15.90|-15.23|27.17|-23.93|-57005.00|-269.00|62634.00|570.00|2.31|8.96|2.56|24.81|4.60|6.17
3.7640151977539062|0.11|0.07|-63.23|-134.45|2.19|-0.05|-0.00|0.10|-0.00|4.90|-6.20|-2.84|5.37|-16.89|0.29|20.02|-0.44|-14.93|-16.45|26.61|-22.87|-60333.00|-211.00|66578.00|483.00|3.66|-5.91|-0.44|-1.72|4.92|-2.26
3.973395824432373|0.10|-46.14|-37.74|-23.81|-49.63|0.04|-0.00|-0.11|0.00|-4.37|-13.79|-7.63|-4.61|-7.96|-0.12|-2.28|0.11|-15.81|-19.22|25.08|-23.80|-61932.00|-235.00|66119.00|505.00|-6.38|-13.99|-4.10|-6.76|-5.29|-1.71
4.1859729290008545|0.10|10.52|-6.31|-15.22|-23.19|0.03|0.00|-0.10|-0.00|-2.16|-15.11|-10.83|-9.48|-0.96|-0.01|-24.21|-0.14|-16.26|-22.40|22.80|-25.79|-62134.00|-237.00|61034.00|475.00|-2.81|-15.22|-4.51|-10.07|-10.16|-7.26
4.390316009521484|0.11|1.73|45.00|7.84|-1.74|0.00|-0.00|0.09|-0.00|-1.80|-5.57|-9.16|-9.84|-0.36|-0.17|-4.12|-0.23|-16.64|-23.58|20.86|-27.87|-62210.00|-274.00|60160.00|427.00|-3.25|-5.50|-1.90|-8.42|-10.50|-2.91
4.587759256362915|0.09|0.89|3.99|46.60|26.39|0.00|0.00|0.02|0.00|-1.62|-4.76|0.30|-4.49|-0.06|-0.05|-0.67|-0.04|-16.97|-24.54|20.92|-28.78|-62223.00|-284.00|60024.00|418.00|-2.85|-4.87|-1.03|1.20|-5.01|-0.10
4.788256406784058|0.12|-10.64|-2.90|-34.39|11.18|0.00|0.00|0.01|0.00|-3.72|-5.34|-6.51|-2.27|-0.04|0.06|0.93|0.08|-17.71|-25.60|19.63|-29.23|-62231.00|-273.00|60209.00|433.00|-5.16|-5.16|-1.38|-5.78|-2.85|-0.32
4.9927451610565186|0.09|33.59|16.66|-15.22|-14.73|0.00|-0.00|0.01|-0.00|3.00|-2.00|-9.56|-5.22|-0.00|0.05|3.06|-0.17|-17.11|-26.00|17.72|-30.28|-62232.00|-263.00|60821.00|398.00|1.85|-1.88|-0.33|-8.94|-5.87|-1.74
5.189191818237305|0.10|-13.83|-6.47|60.34|26.95|0.00|-0.00|-0.06|-0.00|0.20|-3.31|2.63|0.23|0.11|0.01|-9.49|-0.54|-17.07|-26.67|18.25|-30.23|-62209.00|-261.00|58905.00|288.00|-1.34|-3.01|-0.83|3.39|-0.21|-1.83
5.381667852401733|0.10|13.94|17.07|19.00|15.80|0.03|0.00|0.01|0.00|2.99|0.10|6.43|3.39|5.58|0.20|-8.40|-0.24|-16.47|-26.65|19.54|-29.55|-61093.00|-221.00|57224.00|240.00|1.44|-0.00|0.17|7.27|2.97|1.42
5.578161239624023|0.09|-13.72|3.45|45.28|-3.58|-0.03|-0.00|0.02|0.00|0.38|0.76|15.03|2.71|0.22|-0.08|-5.42|0.06|-16.40|-26.51|22.39|-29.04|-61051.00|-236.00|56195.00|251.00|-0.99|1.10|0.36|16.13|2.22|-6.87
5.766661167144775|0.11|14.32|7.49|-54.48|-5.55|-0.00|0.00|0.03|0.00|3.19|2.23|4.36|1.62|0.00|0.01|-0.28|0.14|-15.77|-26.07|23.25|-28.72|-61051.00|-234.00|56140.00|279.00|1.60|2.39|0.56|5.41|1.18|-1.65
5.963133811950684|0.09|-17.54|-8.53|60.72|34.31|-0.00|-0.00|-0.00|0.00|-0.13|0.61|15.83|8.10|0.00|0.00|-0.91|0.17|-15.80|-25.95|26.24|-27.19|-61051.00|-234.00|55968.00|311.00|-1.48|0.73|0.39|17.01|7.64|4.38
6.164583921432495|0.09|10.95|-7.00|-90.40|-37.44|-0.00|-0.00|-0.00|-0.00|2.03|-0.76|-1.98|0.73|0.00|0.00|-1.72|0.04|-15.40|-26.10|25.85|-27.05|-61051.00|-234.00|55629.00|319.00|0.96|-0.55|-0.28|-0.90|0.24|-1.22
6.373037815093994|0.10|-10.48|-0.59|-16.24|-19.19|-0.00|-0.00|-0.05|0.00|-0.08|-0.88|-5.24|-3.13|0.00|0.00|-12.38|0.14|-15.41|-26.28|24.80|-27.68|-61051.00|-234.00|53140.00|347.00|-1.02|-0.67|-0.50|-4.33|-3.59|-1.43
6.565532684326172|0.10|0.99|6.13|14.70|29.61|-0.00|-0.00|0.01|-0.00|0.13|0.39|-2.20|3.00|0.00|0.00|-9.64|-0.48|-15.38|-26.20|24.34|-27.06|-61051.00|-234.00|51145.00|247.00|-0.81|0.39|-0.19|-1.34|2.62|-0.32
6.769977331161499|0.10|12.65|-7.77|-40.84|-34.74|-0.00|-0.00|0.03|0.00|2.58|-1.12|-10.12|-3.74|0.00|0.00|-3.44|0.01|-14.88|-26.42|22.38|-27.78|-61051.00|-234.00|50477.00|249.00|1.63|-1.06|-0.13|-9.26|-4.27|-1.80
6.975424289703369|0.10|-12.69|5.94|-17.55|-14.80|-0.00|-0.00|0.00|-0.00|0.02|0.08|-13.67|-6.73|0.00|0.00|-2.47|-0.34|-14.88|-26.40|19.62|-29.14|-61051.00|-234.00|49978.00|180.00|-1.11|0.50|-0.36|-13.02|-7.20|-4.73
7.167913198471069|0.10|0.56|0.38|101.76|56.54|-0.00|-0.00|0.00|0.00|0.13|0.15|7.19|4.86|0.00|0.00|-1.49|-0.13|-14.85|-26.37|21.09|-28.15|-61051.00|-234.00|49672.00|153.00|-0.50|0.39|-0.07|8.04|4.50|0.89
7.360459089279175|0.09|5.13|1.13|-62.06|-23.14|-0.00|-0.00|0.01|0.00|1.11|0.37|-4.66|0.44|0.00|0.00|-0.15|0.13|-14.64|-26.30|20.20|-28.06|-61051.00|-234.00|49644.00|177.00|0.14|0.52|0.22|-3.90|0.02|-0.91
7.556885004043579|0.11|-0.43|-4.89|20.18|23.94|-0.00|-0.00|0.00|-0.00|1.03|-0.58|-0.74|5.08|0.00|0.00|-0.02|-0.04|-14.44|-26.41|20.06|-27.08|-61051.00|-234.00|49641.00|169.00|0.03|-0.38|-0.28|0.04|4.77|0.26
7.749355316162109|0.09|1.43|7.92|-5.98|-7.57|-0.00|-0.00|-0.00|0.00|1.31|0.98|-1.91|3.60|-0.01|-0.02|-0.05|0.08|-14.18|-26.22|19.69|-26.37|-61052.00|-237.00|49631.00|185.00|0.47|0.97|0.53|-1.22|3.26|1.57
7.94593620300293|0.11|-5.83|-7.81|30.09|9.11|-0.00|-0.00|0.00|-0.00|0.18|-0.54|3.92|5.37|-0.01|-0.02|-0.02|0.00|-14.15|-26.33|20.45|-25.33|-61053.00|-240.00|49627.00|185.00|-0.81|-0.64|-0.44|4.66|5.05|2.49
8.147253513336182|0.11|3.39|0.38|-27.08|-31.35|0.00|0.00|-0.04|-0.00|0.84|-0.46|-1.38|-0.78|0.00|0.00|-8.73|-0.15|-13.98|-26.42|20.17|-25.48|-61053.00|-240.00|47915.00|155.00|-0.20|-0.17|-0.15|-0.64|-1.11|-0.94
8.338775873184204|0.09|-0.52|3.63|4.61|4.84|0.00|0.00|0.02|-0.00|0.74|0.27|-0.46|0.20|0.00|0.00|-5.56|-0.22|-13.83|-26.36|20.08|-25.44|-61053.00|-240.00|46797.00|110.00|-0.03|0.21|0.37|0.23|-0.10|-0.32
8.532225608825684|0.09|3.84|-5.75|0.05|-6.89|0.00|0.00|0.02|0.00|1.48|-0.84|-0.45|-1.13|0.00|0.00|-1.05|-0.04|-13.55|-26.52|20.00|-25.66|-61053.00|-240.00|46595.00|102.00|0.72|-0.77|-0.33|0.25|-1.47|0.17
8.732688903808594|0.09|-6.62|3.09|-12.58|-3.81|0.00|0.00|-0.01|-0.00|0.20|-0.24|-2.88|-1.86|0.00|0.00|-3.49|-0.19|-13.51|-26.57|19.44|-26.02|-61053.00|-240.00|45921.00|65.00|-0.44|-0.34|-0.30|-2.19|-2.22|-0.59
8.925196886062622|0.10|3.12|2.15|3.81|7.74|0.00|0.00|-0.02|0.00|0.82|0.19|-2.11|-0.31|-0.60|0.00|-6.80|0.03|-13.35|-26.53|19.02|-26.08|-61172.00|-240.00|44562.00|71.00|0.03|0.07|0.13|-1.49|-0.63|-0.72
9.117746114730835|0.09|-4.03|-3.05|5.73|1.95|0.00|0.00|0.03|0.00|0.06|-0.39|-1.03|0.06|-0.37|-0.01|-1.53|0.09|-13.34|-26.61|18.82|-26.07|-61243.00|-241.00|44271.00|89.00|-0.63|-0.46|-0.35|-0.41|-0.28|-0.24
9.314194679260254|0.10|3.72|1.74|-5.52|-0.23|-0.00|0.00|0.01|-0.00|0.79|-0.05|-2.11|0.01|-0.68|0.01|-0.29|-0.01|-13.18|-26.62|18.41|-26.07|-61377.00|-239.00|44215.00|87.00|0.18|0.07|-0.04|-1.54|-0.31|0.12
9.510644674301147|0.12|-2.63|0.15|5.67|1.78|0.00|-0.00|-0.01|-0.00|0.28|-0.02|-1.01|0.36|-0.38|-0.01|-2.37|-0.05|-13.13|-26.62|18.22|-26.00|-61451.00|-240.00|43755.00|78.00|-0.35|0.18|-0.18|-0.42|0.05|-0.01
9.707219123840332|0.09|-0.43|-1.98|8.74|6.06|0.00|-0.00|-0.01|0.00|0.19|-0.41|0.71|1.55|-0.32|-0.02|-3.45|0.03|-13.09|-26.70|18.36|-25.69|-61514.00|-243.00|43075.00|83.00|-0.37|-0.20|-0.12|1.26|1.25|-0.38
9.90360713005066|0.11|-0.91|-3.29|-26.97|3.04|-0.00|-0.00|0.01|0.00|0.01|-1.05|-4.55|2.14|-1.27|-0.04|-1.49|0.07|-13.09|-26.91|17.47|-25.27|-61761.00|-251.00|42785.00|96.00|-0.66|-1.12|-0.41|-4.09|1.89|0.93
10.100069999694824|0.09|-1.38|5.90|3.26|-44.40|-0.01|0.00|-0.02|-0.00|-0.26|0.11|-3.90|-6.60|-2.52|0.02|-5.60|0.00|-13.14|-26.89|16.70|-26.58|-62258.00|-247.00|41681.00|96.00|-0.72|0.20|-0.15|-3.32|-6.95|-2.59
10.301502227783203|0.10|2.57|-2.64|11.30|30.66|0.01|-0.00|-0.01|-0.00|0.25|-0.41|-1.67|-0.53|-0.05|0.00|-7.02|0.09|-13.09|-26.97|16.37|-26.68|-62268.00|-247.00|40291.00|113.00|-0.27|-0.52|-0.18|-1.25|-0.89|0.14
10.498010873794556|0.12|1.51|1.71|-15.51|0.38|0.00|-0.00|0.02|-0.00|0.56|-0.07|-4.78|-0.46|0.00|0.00|-3.99|0.06|-12.98|-26.98|15.41|-26.77|-62268.00|-247.00|39490.00|125.00|0.15|-0.09|0.22|-4.48|-0.82|0.38
10.698491334915161|0.09|-0.09|-2.30|21.65|-11.40|0.00|-0.00|0.02|-0.00|0.54|-0.51|-0.60|-2.66|0.00|-0.01|-0.77|-0.04|-12.87|-27.08|15.29|-27.29|-62268.00|-248.00|39342.00|118.00|0.12|-0.57|-0.28|-0.28|-3.03|-0.72
10.8909752368927|0.10|-5.22|-3.66|5.23|16.89|0.00|0.00|0.01|0.00|-0.52|-1.25|0.45|0.75|0.00|0.00|1.80|0.13|-12.98|-27.33|15.38|-27.13|-62268.00|-248.00|39706.00|145.00|-0.73|-1.22|-0.44|0.83|0.41|-1.19
11.083463668823242|0.10|4.19|2.85|7.40|-9.81|0.00|0.00|-0.01|-0.00|0.29|-0.71|1.87|-1.13|0.00|0.00|0.00|0.05|-12.92|-27.47|15.74|-27.35|-62268.00|-248.00|39706.00|154.00|-0.15|-0.69|-0.28|2.25|-1.56|-0.50
11.279991865158081|0.09|1.05|4.16|-16.71|6.35|0.00|0.00|-0.01|-0.00|0.49|0.10|-1.37|0.10|-0.64|0.01|-0.01|0.00|-12.83|-27.45|15.48|-27.33|-62393.00|-247.00|39704.00|154.00|0.02|0.21|0.13|-1.03|-0.25|0.34
11.468488216400146|0.09|-1.48|1.06|67.86|47.36|0.00|0.00|0.00|-0.00|0.21|0.30|11.66|9.19|-0.14|0.01|0.00|0.02|-12.78|-27.39|17.72|-25.56|-62419.00|-246.00|39704.00|157.00|-0.11|0.35|0.25|12.28|8.97|8.00
11.668898344039917|0.09|-2.62|-2.64|-74.98|-50.67|-0.00|0.00|0.00|-0.00|-0.29|-0.20|-2.74|-0.53|-1.02|0.02|0.02|0.00|-12.84|-27.43|17.19|-25.67|-62615.00|-243.00|39707.00|157.00|-0.61|-0.00|0.20|-2.24|-0.83|0.67
11.865476131439209|0.10|7.28|1.74|-13.08|-9.93|0.00|-0.00|-0.00|-0.00|1.17|0.15|-5.37|-2.53|-0.81|-0.01|0.00|0.00|-12.61|-27.40|16.11|-26.18|-62777.00|-245.00|39707.00|157.00|0.78|0.41|0.49|-5.08|-2.86|-0.47
12.062800645828247|0.11|-5.27|0.92|9.04|8.71|0.00|0.00|-0.00|-0.00|0.14|0.33|-3.60|-0.82|-0.04|-0.01|-3.78|-0.02|-12.58|-27.34|15.41|-26.34|-62785.00|-246.00|38967.00|153.00|-0.34|0.55|0.11|-3.19|-1.04|-0.85
12.263262271881104|0.11|-4.28|-8.00|-2.57|7.03|0.00|0.00|-0.02|0.00|-0.71|-1.25|-4.10|0.56|-0.02|-0.01|-6.85|0.11|-12.72|-27.58|14.60|-26.23|-62788.00|-247.00|37617.00|175.00|-1.16|-1.21|-1.14|-3.81|0.31|-0.62
12.467758417129517|0.08|-6.46|5.00|10.53|-3.38|-0.01|-0.00|0.02|-0.00|-1.99|-0.26|-2.02|-0.11|-2.64|-0.10|-3.75|-0.14|-13.11|-27.64|14.20|-26.25|-63311.00|-266.00|36875.00|148.00|-2.50|-0.09|-0.07|-1.69|-0.34|-1.08
12.660236835479736|0.09|5.86|6.08|3.98|0.71|0.01|0.00|0.02|0.00|-0.79|0.98|-1.20|0.04|-0.17|-0.01|-0.40|0.00|-13.27|-27.44|13.95|-26.24|-63345.00|-268.00|36794.00|149.00|-1.11|0.94|0.31|-0.93|-0.24|-0.01
12.852740049362183|0.05|6.14|-3.22|2.89|6.76|0.00|-0.00|0.00|0.00|0.39|0.36|-0.65|1.34|-0.03|-0.04|-0.04|0.01|-13.20|-27.37|13.83|-25.98|-63350.00|-276.00|36787.00|150.00|-0.20|0.26|0.14|-0.36|1.14|-0.36
13.053195714950562|0.10|-0.14|-4.22|-6.38|-5.73|-0.00|-0.00|0.00|0.00|0.37|-0.45|-1.87|0.24|-0.17|-0.12|-0.03|0.02|-13.13|-27.45|13.47|-25.94|-63382.00|-299.00|36782.00|153.00|-0.20|-0.51|-0.13|-1.63|-0.04|1.57
13.254618883132935|0.10|-0.75|3.66|-24.82|-1.91|-0.00|0.00|-0.01|-0.00|0.22|0.28|-6.84|-0.14|-0.19|-0.04|-1.63|-0.11|-13.08|-27.40|12.10|-25.96|-63420.00|-306.00|36457.00|131.00|-0.17|0.07|-0.06|-6.83|-0.28|-1.30
13.455134391784668|0.15|-1.52|-1.70|28.16|4.46|-0.01|0.00|-0.01|-0.00|-0.09|-0.06|-1.15|0.76|-1.53|0.00|-3.04|-0.26|-13.10|-27.41|11.87|-25.81|-63729.00|-306.00|35843.00|79.00|-0.41|-0.20|-0.06|-1.02|0.56|-0.84
13.643627882003784|0.16|1.15|0.47|11.05|-1.20|-0.00|0.00|0.01|0.00|0.14|0.03|1.05|0.52|-1.84|0.00|-0.08|0.17|-13.08|-27.40|12.08|-25.71|-64095.00|-306.00|35828.00|113.00|-0.23|-0.12|0.01|1.41|0.42|0.66
13.840152025222778|0.15|4.69|-1.85|30.20|-1.53|0.01|0.00|0.00|-0.00|1.03|-0.32|6.82|0.23|-0.49|0.00|-0.02|0.03|-12.88|-27.46|13.38|-25.66|-64188.00|-306.00|35825.00|118.00|0.43|-0.34|-0.30|7.20|0.05|-1.84
14.036587715148926|0.15|-1.95|0.47|-15.64|-5.62|-0.01|0.00|0.00|0.00|0.66|-0.23|3.80|-0.86|-1.61|-0.04|-0.01|0.03|-12.75|-27.51|14.12|-25.83|-64498.00|-314.00|35823.00|124.00|0.06|-0.41|-0.15|4.16|-1.09|-1.36
14.233039140701294|0.12|0.47|0.11|-12.54|-2.32|-0.01|0.00|0.00|-0.00|0.75|-0.21|1.32|-1.32|-2.73|0.01|0.00|0.03|-12.60|-27.55|14.38|-26.09|-65038.00|-312.00|35823.00|130.00|0.06|-0.86|-0.60|1.47|-1.49|-1.01
14.429585933685303|0.13|-0.88|-3.03|17.42|-1.41|0.00|0.00|0.00|-0.00|0.58|-0.80|4.71|-1.59|-2.43|0.03|6.94|0.01|-12.49|-27.70|15.30|-26.40|-65511.00|-307.00|37176.00|132.00|0.29|-0.84|-0.57|5.09|-1.55|-3.92
14.622008562088013|0.08|2.19|-0.04|-7.13|-14.30|0.01|-0.00|0.13|-0.00|1.01|-0.81|3.32|-4.38|-0.25|0.01|32.81|-0.49|-12.29|-27.86|15.94|-27.25|-65560.00|-305.00|43573.00|37.00|0.43|0.24|0.77|3.39|-4.08|-4.15
14.814489364624023|0.10|-0.70|3.59|9.73|50.41|0.00|-0.00|-0.01|0.01|0.87|-0.10|5.23|5.50|0.01|0.00|30.04|0.59|-12.12|-27.88|16.97|-26.17|-65558.00|-305.00|49460.00|152.00|0.29|-0.63|-0.39|5.73|5.21|4.87
15.01591682434082|0.09|-4.15|-1.67|28.65|-32.34|0.01|-0.00|0.05|-0.00|0.08|-0.42|10.70|-0.67|1.63|0.00|39.52|0.32|-12.11|-27.96|19.01|-26.30|-65247.00|-305.00|57008.00|213.00|-0.09|-0.37|-0.04|11.41|-0.98|0.60
15.216421365737915|0.11|-32.20|45.59|31.33|-8.12|0.00|-0.00|0.01|-0.00|-6.36|8.70|16.97|-2.30|2.45|0.19|42.03|-0.32|-13.38|-26.22|22.41|-26.76|-64756.00|-266.00|65413.00|148.00|-7.42|10.32|7.11|17.87|-2.50|3.21
15.416893720626831|0.10|-29.87|15.73|13.07|-10.64|0.05|0.00|-0.09|0.00|-12.34|11.84|19.58|-4.43|11.63|1.13|24.77|0.41|-15.85|-23.85|26.32|-27.65|-62431.00|-40.00|70367.00|230.00|-12.44|11.65|4.28|20.63|-4.88|1.03
15.617350339889526|0.09|54.46|-65.86|6.80|30.43|-0.06|-0.00|-0.13|-0.00|-1.39|-1.40|20.95|1.69|0.48|1.10|-2.08|0.33|-16.13|-24.13|30.54|-27.31|-62335.00|182.00|69948.00|297.00|-1.62|-1.25|-2.10|21.93|1.31|2.83
15.813800811767578|0.12|-3.84|21.51|-57.68|27.95|-0.00|-0.00|-0.08|0.00|-2.16|2.88|9.47|7.25|0.14|0.56|-18.98|0.53|-16.56|-23.56|32.42|-25.86|-62307.00|294.00|66170.00|403.00|-2.82|3.26|2.43|10.52|6.89|-7.72
16.006319046020508|0.09|24.40|-7.57|-35.89|12.34|-0.00|-0.00|-0.02|-0.00|2.65|1.39|2.40|9.68|0.11|0.03|-21.97|0.40|-16.04|-23.29|32.89|-23.96|-62285.00|299.00|61842.00|482.00|2.47|1.49|1.58|3.36|9.44|-13.37
16.2117702960968|0.11|-54.60|55.84|-13.68|-2.21|0.04|-0.00|0.08|-0.00|-8.00|12.28|-0.27|9.25|7.92|-0.23|-6.43|-0.17|-17.60|-20.89|32.84|-22.15|-60740.00|255.00|60588.00|449.00|-8.27|11.78|9.23|0.57|9.03|-10.36
16.412237644195557|0.11|35.38|-72.75|-1.27|-11.41|0.09|0.00|-0.01|-0.00|-0.89|-2.34|-0.52|6.96|25.63|0.23|-8.56|-0.21|-17.78|-21.36|32.74|-20.75|-55589.00|301.00|58868.00|406.00|-1.22|-1.39|-0.86|0.17|6.65|-6.00
16.60472846031189|0.09|6.85|20.24|-4.57|-11.20|0.01|0.00|-0.02|0.00|0.49|1.73|-1.44|4.71|27.91|0.31|-13.00|-0.01|-17.68|-21.01|32.45|-19.81|-49980.00|363.00|56255.00|403.00|-0.69|2.20|2.16|-0.65|4.48|5.96
16.80123519897461|0.12|-2.61|-1.97|2.40|-12.23|-0.14|-0.00|-0.04|0.00|-0.01|1.34|-0.97|2.34|1.52|0.09|-21.18|0.47|-17.68|-20.75|32.26|-19.35|-49686.00|380.00|52147.00|494.00|-1.02|1.52|1.12|-0.22|2.08|0.00
16.997681379318237|0.10|-11.43|7.39|2.74|-15.35|0.00|-0.00|-0.03|-0.00|-2.26|2.79|-0.44|-0.67|1.96|0.07|-26.58|-0.33|-18.12|-20.21|32.17|-19.48|-49302.00|394.00|46937.00|430.00|-2.84|3.07|3.35|0.40|-0.75|0.49
17.194130182266235|0.09|-1.02|32.95|-0.99|2.14|0.06|0.00|0.07|0.00|-2.46|9.28|-0.63|-0.25|13.02|0.09|-13.16|-0.26|-18.61|-18.38|32.05|-19.53|-46738.00|411.00|44345.00|379.00|-2.60|9.49|8.37|0.14|-0.42|-0.03
17.39066982269287|0.34|-23.75|-14.13|1.70|1.56|0.04|-0.00|0.04|0.00|-7.11|6.51|-0.30|0.06|19.95|-0.33|-5.66|0.08|-20.00|-17.10|31.99|-19.52|-42828.00|346.00|43236.00|395.00|-6.67|6.76|4.33|0.62|-0.02|-0.43
17.588049173355103|0.23|51.86|-65.08|-5.69|-31.36|-0.10|0.00|0.01|0.00|3.00|-6.18|-1.41|-6.06|-0.03|0.21|-4.64|0.25|-19.41|-18.31|31.71|-20.70|-42833.00|387.00|42332.00|444.00|2.53|-6.86|-6.54|-0.57|-6.28|4.14
17.784600973129272|0.09|-4.07|-0.11|5.09|39.90|0.00|0.00|0.02|-0.00|2.19|-6.20|-0.40|1.88|0.25|0.95|-0.04|-0.01|-18.98|-19.54|31.64|-20.33|-42784.00|576.00|42324.00|443.00|1.31|-5.09|-4.85|0.45|1.75|-2.35
17.98503041267395|0.12|-14.94|28.88|-0.90|-10.72|-0.00|-0.01|-0.00|0.00|-0.71|-0.60|-0.57|-0.20|0.08|-0.09|-0.20|0.05|-19.11|-19.65|31.52|-20.37|-42769.00|559.00|42286.00|453.00|-1.21|-0.67|-2.57|0.28|-0.30|-0.21
18.18560028076172|0.11|33.21|-28.26|-1.21|-1.84|0.01|-0.00|-0.02|-0.00|6.00|-6.31|-0.82|-0.57|1.62|-0.34|-3.85|-0.01|-17.90|-20.93|31.36|-20.48|-42441.00|491.00|41509.00|450.00|5.92|-6.48|-5.09|-0.04|-0.68|0.17
18.38210153579712|0.24|-19.05|33.32|-0.85|0.41|0.04|0.00|0.00|0.00|2.17|0.39|-0.99|-0.49|9.86|-0.28|-3.77|0.00|-17.46|-20.85|31.16|-20.58|-40459.00|435.00|40751.00|451.00|1.42|-0.35|1.07|-0.19|-0.59|-0.20
18.578442096710205|0.14|0.36|-23.88|1.43|22.71|-0.05|-0.00|0.01|0.00|2.24|-4.27|-0.71|3.94|-0.31|-0.67|-2.16|0.24|-17.03|-21.68|31.02|-19.81|-40519.00|305.00|40330.00|497.00|1.86|-4.22|-3.34|0.16|3.95|-2.84
18.770941019058228|0.43|-6.18|34.78|1.89|9.83|-0.00|-0.01|0.00|-0.00|1.04|2.52|-0.34|5.86|-0.37|-1.95|-1.74|-0.06|-16.82|-21.19|30.96|-18.67|-40592.00|-75.00|39991.00|485.00|0.38|4.00|4.05|0.43|5.86|-1.23
18.97638440132141|0.37|-2.13|-28.81|-3.43|-35.05|-0.00|-0.00|-0.03|0.00|0.63|-3.07|-1.00|-0.94|-0.45|-2.16|-7.59|-0.03|-16.70|-21.79|30.76|-18.86|-40680.00|-494.00|38518.00|480.00|0.63|-4.02|-3.34|-0.33|-1.03|0.77
19.17287039756775|0.29|-3.31|5.76|0.96|6.31|-0.01|0.00|0.02|0.00|-0.05|-1.90|-0.81|0.34|-1.98|-1.19|-4.42|0.04|-16.71|-22.17|30.60|-18.79|-41083.00|-736.00|37617.00|488.00|-0.50|-1.65|-1.86|-0.10|0.28|-0.58
19.369346857070923|0.19|-3.04|7.88|-3.72|-9.80|0.01|0.00|-0.01|0.00|-0.65|-0.35|-1.54|-1.58|0.11|-0.29|-6.21|0.21|-16.84|-22.24|30.30|-19.09|-41062.00|-793.00|36400.00|529.00|-1.30|-0.25|-0.73|-0.85|-1.62|0.78
19.56581449508667|0.18|12.72|2.29|-16.98|-1.85|-0.00|0.00|0.02|-0.00|1.88|0.10|-4.92|-1.95|0.08|-0.10|-2.01|0.07|-16.47|-22.22|29.32|-19.48|-41047.00|-813.00|36000.00|542.00|1.27|0.30|1.12|-4.35|-2.05|-1.20
19.76628565788269|0.22|-19.28|13.84|20.58|5.82|-0.00|0.01|-0.02|-0.00|-1.89|2.81|-0.88|-0.80|-0.13|1.00|-5.14|-0.05|-16.84|-21.67|29.14|-19.64|-41072.00|-617.00|34992.00|533.00|-2.06|2.79|1.99|-0.21|-0.89|-0.90
19.967747688293457|0.14|7.60|-12.45|0.49|2.34|-0.00|-0.00|-0.00|-0.00|-0.37|0.31|-0.79|-0.33|-0.67|0.76|-5.20|-0.13|-16.91|-21.61|28.99|-19.71|-41206.00|-465.00|33946.00|506.00|-0.84|0.82|0.05|-0.15|-0.42|-0.79
20.168163776397705|0.10|-28.12|2.59|16.84|-0.96|-0.07|0.00|-0.00|0.00|-5.99|0.83|2.58|-0.53|-13.98|0.88|-5.66|-0.13|-18.11|-21.44|29.50|-19.81|-44001.00|-288.00|32813.00|480.00|-7.24|1.02|-1.67|3.27|-0.60|-0.81
20.368630170822144|0.10|52.26|-31.31|-12.38|-4.95|-0.11|-0.00|0.03|0.00|4.41|-5.40|0.12|-1.51|-35.46|0.53|-0.06|0.01|-17.23|-22.52|29.53|-20.11|-51057.00|-182.00|32802.00|482.00|4.87|-6.00|-7.32|0.72|-1.62|-0.93
20.565156936645508|0.10|-32.84|47.13|-2.50|13.50|-0.11|-0.00|0.00|-0.00|-2.19|4.07|-0.38|1.20|-57.97|0.00|-0.04|0.00|-17.67|-21.70|29.45|-19.87|-62709.00|-182.00|32794.00|483.00|-4.17|5.65|4.51|0.27|1.11|0.00
20.7616286277771|0.11|1.95|-1.86|-0.88|0.88|0.29|-0.00|-0.00|0.00|-1.81|3.70|-0.56|1.38|0.05|-0.03|-0.55|0.03|-18.03|-20.97|29.34|-19.60|-62700.00|-187.00|32685.00|488.00|-2.49|4.12|3.24|0.08|1.37|-0.29
20.962115049362183|0.11|-2.31|11.21|-1.73|-8.54|0.00|-0.00|-0.03|-0.00|-2.25|5.86|-0.89|-0.26|0.24|-0.41|-5.68|0.01|-18.46|-19.84|29.17|-19.65|-62654.00|-265.00|31594.00|489.00|-2.82|6.01|5.01|-0.24|-0.33|-0.70
21.154590845108032|0.10|-3.59|4.23|4.44|3.17|0.00|-0.00|0.00|-0.00|-2.97|6.70|-0.00|0.37|0.35|-0.46|-4.96|-0.03|-19.05|-18.50|29.17|-19.57|-62583.00|-357.00|30602.00|484.00|-3.48|7.19|5.84|0.63|0.31|0.22
21.34801173210144|0.10|11.44|-15.35|0.10|-0.97|0.00|0.00|-0.02|-0.00|-0.76|3.74|0.02|0.18|0.39|-0.17|-9.53|-0.14|-19.20|-17.78|29.17|-19.54|-62507.00|-390.00|28762.00|457.00|-1.21|4.00|3.75|0.69|0.13|0.25
21.54460334777832|0.10|26.55|-64.48|6.27|4.61|0.01|-0.00|-0.04|0.00|4.39|-8.77|1.23|1.08|1.74|-0.23|-17.83|0.46|-18.35|-19.48|29.41|-19.33|-62170.00|-434.00|25303.00|547.00|4.31|-9.33|-8.45|1.87|1.00|-1.07
21.741011381149292|0.12|-22.68|50.05|-10.18|14.09|0.00|-0.00|0.03|-0.00|-0.05|1.04|-0.76|3.84|2.27|-0.23|-12.68|0.15|-18.36|-19.28|29.26|-18.58|-61726.00|-479.00|22817.00|577.00|0.49|0.47|0.07|-0.15|3.89|-0.94
21.937469720840454|0.14|4.52|-13.24|2.17|-25.39|0.01|0.00|0.02|0.00|0.84|-1.58|-0.33|-1.19|4.52|-0.15|-8.12|0.37|-18.19|-19.59|29.20|-18.81|-60831.00|-508.00|21209.00|651.00|0.61|-0.96|-0.88|0.14|-1.30|1.03
22.133918285369873|0.13|14.84|-9.87|0.20|10.89|0.04|0.00|0.04|-0.00|3.75|-3.52|-0.29|0.95|12.62|-0.11|-0.02|-0.02|-17.46|-20.28|29.14|-18.63|-58357.00|-529.00|21206.00|647.00|2.53|-3.70|-3.15|0.30|0.94|-1.68
22.330438375473022|0.13|-17.62|25.28|-0.23|-1.37|0.05|0.00|-0.00|0.00|0.28|1.46|-0.34|0.68|22.96|0.22|-0.02|0.01|-17.40|-19.99|29.07|-18.49|-53834.00|-486.00|21202.00|648.00|0.00|2.09|2.34|0.22|0.68|-0.93
22.52691078186035|0.18|-1.51|-7.94|-3.82|-4.38|-0.10|-0.00|-0.02|0.00|-0.01|-0.07|-1.08|-0.17|4.50|0.08|-3.00|0.03|-17.40|-20.01|28.86|-18.53|-52966.00|-470.00|20623.00|654.00|0.06|0.03|-0.07|-0.54|-0.19|-0.59
22.723408460617065|0.20|-2.23|2.67|5.15|-2.81|-0.02|-0.00|-0.01|-0.00|-0.46|0.46|-0.05|-0.73|0.28|0.04|-5.41|0.00|-17.50|-19.91|28.85|-18.67|-52910.00|-462.00|19540.00|655.00|-0.40|0.49|0.37|0.45|-0.77|0.20
22.915879487991333|0.20|2.22|1.84|-1.44|-0.27|0.00|-0.00|0.03|0.00|-0.03|0.82|-0.33|-0.78|0.59|0.03|-0.30|0.02|-17.50|-19.75|28.79|-18.82|-52794.00|-456.00|19482.00|659.00|-0.58|1.16|0.97|0.22|-0.85|0.37
23.11229920387268|0.18|2.91|-8.52|-0.19|1.12|0.01|0.00|0.00|-0.00|0.54|-0.82|-0.36|-0.57|1.78|0.04|-0.12|0.01|-17.40|-19.91|28.72|-18.93|-52450.00|-449.00|19459.00|661.00|0.29|-0.92|-0.83|0.16|-0.65|-0.44
23.305834770202637|0.16|-0.15|2.18|0.62|-1.74|0.00|-0.00|0.00|-0.00|0.51|-0.40|-0.24|-0.90|1.87|0.02|0.00|0.00|-17.30|-19.99|28.67|-19.11|-52087.00|-445.00|19459.00|661.00|0.11|-0.11|-0.04|0.27|-1.00|-0.38
23.502302169799805|0.12|2.14|-3.87|-1.02|1.32|0.00|0.00|0.00|-0.00|0.92|-1.15|-0.44|-0.65|2.22|0.03|0.00|0.00|-17.12|-20.21|28.59|-19.24|-51655.00|-439.00|19459.00|661.00|0.67|-1.27|-0.89|0.07|-0.74|-0.17
23.698932886123657|0.11|12.39|-22.28|0.66|2.35|-0.01|-0.00|0.00|-0.00|3.32|-5.45|-0.31|-0.19|0.94|-0.18|0.00|0.00|-16.48|-21.27|28.53|-19.27|-51474.00|-474.00|19459.00|661.00|3.21|-5.71|-4.48|0.22|-0.24|-0.32
23.891435623168945|0.13|-1.62|4.12|-0.37|4.86|0.01|0.00|0.00|-0.00|2.99|-4.64|-0.39|0.77|2.09|-0.10|0.00|0.00|-15.89|-22.18|28.45|-19.12|-51061.00|-493.00|19459.00|661.00|3.13|-4.84|-4.22|0.07|0.70|-1.26
24.083942413330078|0.14|-9.72|16.29|0.94|-2.81|0.00|0.00|0.00|-0.00|1.13|-1.51|-0.21|0.23|2.57|0.01|0.00|0.00|-15.67|-22.47|28.41|-19.08|-50567.00|-492.00|19459.00|661.00|0.89|-1.07|-0.83|0.30|0.16|-0.61
24.276417016983032|0.11|-4.00|9.36|-1.47|-2.04|0.02|-0.00|0.00|-0.00|0.36|0.29|-0.49|-0.16|5.83|-0.11|0.00|0.00|-15.60|-22.42|28.32|-19.11|-49447.00|-513.00|19459.00|661.00|-0.43|0.35|0.48|0.01|-0.21|-0.29
24.47287130355835|0.12|3.41|-7.52|0.12|-0.21|0.03|0.00|0.00|-0.00|1.02|-1.18|-0.46|-0.20|10.80|0.03|0.00|0.00|-15.40|-22.65|28.23|-19.15|-47341.00|-507.00|19459.00|661.00|0.43|-1.12|-1.05|-0.01|-0.25|-0.75
24.665465116500854|0.12|-6.39|11.61|0.51|3.38|-0.03|0.00|0.00|-0.00|-0.22|1.08|-0.36|0.46|5.81|0.06|0.00|0.00|-15.44|-22.44|28.16|-19.06|-46208.00|-495.00|19459.00|661.00|-0.61|1.19|1.27|0.10|0.41|-1.02
24.8618381023407|0.12|-12.93|7.46|0.09|-2.60|-0.02|0.00|0.00|-0.00|-2.71|2.52|-0.35|-0.04|1.06|0.16|0.00|0.00|-15.96|-21.95|28.09|-19.07|-46005.00|-464.00|19459.00|661.00|-3.57|3.40|2.85|0.07|-0.14|-0.64
25.054394245147705|0.19|9.01|0.24|-1.47|2.83|-0.01|-0.00|0.00|-0.00|-0.96|2.56|-0.63|0.51|0.01|0.00|0.00|0.00|-16.15|-21.46|27.97|-18.97|-46004.00|-464.00|19459.00|661.00|-1.05|2.32|1.98|-0.24|0.53|-1.20
25.246819734573364|0.21|6.82|-13.51|1.49|-2.08|0.00|-0.00|0.00|-0.00|0.36|-0.04|-0.35|0.11|0.01|-0.17|0.00|0.00|-16.08|-21.47|27.90|-18.95|-46003.00|-496.00|19459.00|661.00|-0.64|-0.55|0.13|0.10|0.08|-0.56
25.443312883377075|0.14|-0.92|17.15|-0.84|-20.35|0.00|-0.00|0.00|-0.00|0.18|3.28|-0.51|-3.84|0.10|-0.24|0.00|0.00|-16.04|-20.83|27.80|-19.69|-45984.00|-542.00|19459.00|661.00|0.12|4.33|3.72|-0.10|-3.95|0.83
25.639779567718506|0.12|-3.55|-17.07|1.38|9.54|-0.00|0.00|0.00|-0.00|-0.52|-0.06|-0.24|-1.97|0.00|-0.10|0.00|0.00|-16.14|-20.84|27.75|-20.08|-45984.00|-562.00|19459.00|661.00|-0.31|-0.25|-0.38|0.23|-2.08|0.60
25.841214895248413|0.12|2.17|-7.36|-0.60|10.78|-0.00|0.00|0.00|-0.00|-0.09|-1.52|-0.36|0.16|-0.01|-0.01|2.39|-0.15|-16.16|-21.14|27.68|-20.05|-45986.00|-564.00|19932.00|632.00|-0.37|-1.19|-1.14|0.08|0.07|-0.17
26.041703701019287|0.13|0.19|14.20|-0.76|-6.89|-0.05|-0.00|0.01|-0.00|-0.05|1.29|-0.51|-1.20|-10.22|-0.06|4.77|-0.21|-16.17|-20.89|27.58|-20.29|-48010.00|-575.00|20877.00|591.00|-0.60|0.97|0.78|-0.12|-1.37|0.22
26.234177827835083|0.11|-3.43|-1.81|3.42|8.18|0.02|0.00|-0.00|0.00|-0.73|0.93|0.18|0.43|-7.11|-0.03|4.71|-0.10|-16.32|-20.70|27.62|-20.20|-49431.00|-580.00|21819.00|571.00|-0.95|0.93|0.62|0.62|0.34|-0.78
26.426775217056274|0.10|2.87|-3.37|-2.71|-0.68|0.02|-0.00|-0.02|0.00|-0.18|0.28|-0.34|0.30|-4.16|-0.08|0.03|-0.01|-16.35|-20.65|27.55|-20.14|-50229.00|-596.00|21824.00|570.00|-0.53|0.62|0.63|0.10|0.24|-0.67
26.623149156570435|0.11|0.39|-9.09|1.11|3.86|-0.03|0.00|-0.00|0.00|-0.11|-1.49|-0.13|1.06|-9.96|-0.02|-0.04|0.00|-16.37|-20.94|27.53|-19.93|-52172.00|-600.00|21817.00|570.00|-0.20|-1.77|-1.70|0.28|1.03|-1.20
26.823569297790527|0.13|1.53|2.42|0.50|-5.82|0.02|0.00|-0.00|0.00|0.19|-1.01|-0.03|-0.09|-6.85|0.01|-0.06|-0.01|-16.34|-21.14|27.52|-19.95|-53521.00|-598.00|21806.00|569.00|-0.35|-0.84|-0.91|0.37|-0.16|-0.10
27.016104459762573|0.09|1.01|8.84|-2.19|0.35|0.01|-0.00|-0.02|0.00|0.39|0.72|-0.46|-0.02|-5.43|0.00|-3.22|0.11|-16.26|-21.00|27.43|-19.96|-54586.00|-598.00|21174.00|591.00|-0.17|1.02|0.94|-0.06|-0.14|-0.23
27.212581872940063|0.11|-3.45|-4.78|-1.13|9.73|0.03|-0.00|-0.03|-0.00|-0.28|-0.22|-0.68|1.87|0.02|0.02|-8.70|0.00|-16.31|-21.04|27.30|-19.59|-54582.00|-594.00|19478.00|591.00|-0.43|0.17|-0.24|-0.28|1.83|-2.64
27.409398555755615|0.15|-4.03|3.47|2.18|-8.54|-0.00|0.00|0.04|-0.00|-1.08|0.47|-0.25|0.19|0.02|0.04|-1.51|-0.05|-16.53|-20.95|27.25|-19.55|-54578.00|-586.00|19181.00|582.00|-0.93|0.53|0.56|0.02|0.07|-0.47
27.59800386428833|0.15|4.92|2.86|-0.31|0.06|-0.00|-0.00|0.01|0.00|-0.12|1.02|-0.31|0.20|0.01|0.02|-0.10|0.11|-16.55|-20.75|27.19|-19.51|-54577.00|-583.00|19161.00|604.00|-0.32|1.08|0.94|0.07|0.12|-0.49
27.79893183708191|0.15|4.94|-8.49|-0.78|-5.24|-0.00|-0.00|-0.00|0.00|0.82|-0.60|-0.46|-0.80|0.00|0.00|-0.59|0.13|-16.39|-20.86|27.10|-19.67|-54577.00|-583.00|19048.00|629.00|0.41|-0.31|-0.22|-0.04|-0.88|0.54
27.995407342910767|0.21|0.12|-4.12|1.44|5.14|-0.00|-0.00|-0.01|-0.00|0.85|-1.42|-0.17|0.22|0.36|-0.01|-2.72|0.03|-16.22|-21.14|27.07|-19.62|-54505.00|-585.00|18510.00|635.00|0.66|-1.13|-1.11|0.20|0.16|-0.68
28.188040256500244|0.24|-2.21|6.54|0.64|-0.42|-0.00|-0.00|0.00|0.00|0.41|-0.13|-0.05|0.14|0.16|-0.01|-2.68|0.05|-16.14|-21.17|27.06|-19.60|-54474.00|-587.00|17984.00|644.00|0.47|-0.09|-0.10|0.30|0.08|-0.53
28.380381107330322|0.21|1.05|-3.45|-0.83|1.92|0.03|0.00|0.01|-0.00|0.62|-0.80|-0.21|0.51|5.83|0.03|-0.61|-0.07|-16.02|-21.33|27.02|-19.50|-53343.00|-582.00|17865.00|630.00|0.57|-0.77|-0.64|0.19|0.48|-1.08
28.57689619064331|0.29|-2.82|1.51|0.12|-6.54|0.03|-0.00|0.00|0.00|0.07|-0.51|-0.19|-0.76|11.86|0.02|-0.13|-0.06|-16.01|-21.42|26.98|-19.65|-51042.00|-578.00|17839.00|619.00|-0.12|-0.81|-0.48|0.19|-0.82|0.05
28.769723892211914|0.26|0.60|3.81|-1.29|4.73|-0.06|0.00|0.00|0.00|0.19|0.24|-0.44|0.17|0.05|0.03|-0.10|-0.02|-15.97|-21.38|26.90|-19.61|-51032.00|-572.00|17819.00|615.00|0.00|0.53|0.34|-0.09|0.12|-0.64
28.970165491104126|0.22|-1.40|-16.71|0.92|-2.12|-0.00|0.00|0.00|0.00|-0.08|-2.96|-0.26|-0.24|0.05|0.05|-0.03|-0.01|-15.99|-21.94|26.85|-19.66|-51023.00|-563.00|17813.00|614.00|-0.89|-2.78|-2.54|0.07|-0.30|0.12
29.17063021659851|0.14|17.99|-36.67|-1.37|2.31|-0.02|0.00|0.00|-0.00|3.48|-10.22|-0.53|0.22|-4.24|0.15|0.02|-0.04|-15.30|-23.97|26.74|-19.61|-51862.00|-533.00|17816.00|606.00|3.60|-10.49|-10.45|-0.24|0.18|-0.58
29.367111921310425|0.14|-17.62|37.45|-0.31|1.89|0.01|-0.00|0.01|-0.00|-0.06|-2.69|-0.60|0.60|-1.41|0.03|2.93|-0.22|-15.31|-24.51|26.62|-19.49|-52145.00|-526.00|18405.00|561.00|-0.55|-2.23|-2.42|-0.30|0.54|-1.13
29.56358003616333|0.14|-3.85|28.44|0.41|-0.99|0.01|-0.00|-0.01|0.00|-0.83|3.00|-0.51|0.40|0.00|0.01|0.09|-0.00|-15.48|-23.91|26.52|-19.41|-52145.00|-523.00|18423.00|560.00|-0.85|3.04|2.74|-0.22|0.34|-0.67
29.7525737285614|0.15|-0.60|4.44|2.70|3.50|0.01|-0.00|0.01|0.00|-0.95|3.86|0.01|1.08|0.10|-0.04|1.15|0.00|-15.66|-23.16|26.52|-19.20|-52126.00|-530.00|18647.00|560.00|-1.16|4.00|4.17|0.28|1.02|-1.13
29.945173263549805|0.15|14.56|-24.85|1.31|2.87|0.01|-0.00|-0.00|0.00|1.81|-0.83|0.26|1.62|1.26|-0.17|0.58|0.04|-15.32|-23.31|26.57|-18.90|-51888.00|-562.00|18757.00|568.00|1.33|-0.67|-0.31|0.52|1.57|-2.23
30.141504764556885|0.18|-8.20|13.02|0.26|-7.99|0.06|-0.00|-0.00|-0.00|0.22|1.68|0.31|0.08|13.78|-0.27|-0.02|-0.06|-15.28|-22.99|26.63|-18.88|-49229.00|-615.00|18753.00|556.00|0.43|1.11|0.98|0.63|-0.02|-0.64
30.334028720855713|0.16|0.45|5.52|-0.96|-2.26|0.04|0.00|0.00|0.00|0.31|2.76|0.12|-0.36|21.52|0.15|-0.01|-0.01|-15.22|-22.45|26.65|-18.95|-45012.00|-586.00|18751.00|555.00|0.03|3.13|3.47|0.42|-0.42|-0.27
30.534501314163208|0.35|2.10|-33.65|-3.68|-0.86|-0.03|-0.00|0.00|-0.00|0.71|-3.67|-0.59|-0.53|15.94|0.11|0.00|-0.01|-15.08|-23.15|26.54|-19.05|-41968.00|-565.00|18751.00|554.00|-0.66|-3.87|-4.13|-0.33|-0.65|-0.46
30.73097324371338|0.29|-3.21|14.72|2.58|0.72|-0.07|-0.00|0.00|0.00|0.06|-0.69|-0.06|-0.38|0.92|-0.05|0.00|0.00|-15.07|-23.29|26.53|-19.13|-41783.00|-575.00|18752.00|554.00|-0.02|-0.57|-0.51|0.14|-0.48|-0.24
30.92840051651001|0.22|3.63|-3.71|-0.19|-5.83|-0.00|0.00|-0.00|0.00|0.78|-1.42|-0.10|-1.53|0.26|-0.04|0.00|0.00|-14.91|-23.57|26.51|-19.43|-41731.00|-582.00|18752.00|554.00|0.55|-1.82|-1.64|0.13|-1.69|1.25
31.12446355819702|0.25|-6.55|9.35|-1.72|2.49|0.01|-0.00|-0.00|0.00|-0.50|0.40|-0.44|-1.05|1.76|-0.04|0.00|0.00|-15.01|-23.49|26.42|-19.64|-41387.00|-589.00|18752.00|554.00|-0.60|0.13|0.02|-0.21|-1.17|0.90
31.31693410873413|0.23|3.94|3.44|-0.35|2.81|-0.01|0.00|-0.00|0.00|0.27|1.07|-0.50|-0.50|0.04|0.15|-0.01|-0.05|-14.96|-23.28|26.32|-19.73|-41379.00|-560.00|18751.00|545.00|-0.15|0.84|0.97|-0.22|-0.60|0.23
31.517342805862427|0.12|-0.93|-16.30|1.16|-5.67|-0.00|-0.00|0.00|0.00|0.09|-2.08|-0.28|-1.59|-0.64|-0.05|0.01|0.04|-14.94|-23.69|26.27|-20.04|-41502.00|-569.00|18753.00|552.00|-0.67|-1.88|-2.10|0.07|-1.67|1.53
31.71456503868103|0.18|4.61|21.90|0.78|15.79|-0.10|-0.01|-0.00|-0.00|1.01|2.28|-0.12|1.55|-20.55|-1.10|-0.12|-0.01|-14.74|-23.23|26.24|-19.73|-45592.00|-788.00|18729.00|550.00|1.88|2.27|3.18|0.10|1.44|-2.24
31.915029525756836|0.18|1.37|-20.46|-1.20|-13.57|0.04|0.00|-0.00|0.00|1.28|-1.75|-0.36|-1.12|-12.62|-0.18|-0.58|0.01|-14.49|-23.58|26.17|-19.95|-48078.00|-823.00|18614.00|552.00|1.15|-2.00|-1.54|-0.07|-1.20|0.63
32.10762643814087|0.24|-9.80|13.96|1.42|3.70|0.11|0.00|-0.01|0.00|-0.68|1.04|-0.08|-0.38|9.56|0.14|-2.21|0.05|-14.63|-23.37|26.16|-20.03|-46166.00|-794.00|18172.00|562.00|-0.60|0.93|0.82|0.19|-0.50|-0.17
32.30457043647766|0.26|3.29|-4.45|-0.80|1.60|-0.05|-0.00|0.01|-0.00|-0.05|0.17|-0.23|-0.07|0.47|0.10|-0.04|0.03|-14.64|-23.34|26.11|-20.04|-46075.00|-775.00|18164.00|568.00|-0.11|-0.05|0.14|0.02|-0.13|-0.58
32.50104331970215|0.24|0.97|-2.16|-0.23|2.56|0.04|-0.00|-0.00|-0.00|0.15|-0.25|-0.28|0.43|8.16|0.05|-0.24|-0.02|-14.61|-23.39|26.06|-19.96|-44468.00|-766.00|18116.00|565.00|-0.03|-0.61|-0.36|-0.01|0.38|-0.94
32.697574853897095|0.23|0.72|-1.56|0.76|-8.13|-0.01|-0.00|-0.00|0.00|0.29|-0.56|-0.13|-1.17|7.07|0.03|-0.42|0.03|-14.55|-23.49|26.03|-20.19|-43076.00|-761.00|18034.00|570.00|0.46|-0.72|-0.59|0.14|-1.27|0.31
32.89013934135437|0.18|0.25|-0.57|1.82|7.85|-0.04|-0.00|0.00|-0.00|0.34|-0.67|0.23|0.37|-0.69|0.01|0.00|0.02|-14.49|-23.63|26.08|-20.12|-43212.00|-759.00|18034.00|574.00|0.63|-1.42|-1.06|0.49|0.27|-0.68
33.08665704727173|0.19|-22.98|40.39|-0.13|-1.18|-0.14|0.00|0.00|-0.00|-4.05|7.04|0.21|0.14|-27.15|0.04|-0.03|0.02|-15.26|-22.28|26.12|-20.09|-48398.00|-752.00|18029.00|577.00|-6.44|9.46|6.62|0.59|-0.01|-1.31
33.2870819568634|0.16|25.72|-34.60|-2.72|3.16|0.07|-0.00|-0.01|-0.00|1.04|0.19|-0.33|0.77|-13.31|-0.23|-2.09|-0.01|-15.05|-22.24|26.05|-19.94|-51033.00|-797.00|17615.00|575.00|0.84|0.67|0.78|-0.07|0.71|-1.26
33.49158716201782|0.13|71.70|-150.42|-0.40|-6.04|0.09|-0.00|0.01|0.00|15.31|-29.74|-0.41|-0.43|4.52|-0.49|-0.18|0.05|-12.01|-28.16|25.97|-20.02|-50134.00|-894.00|17579.00|585.00|14.44|-27.39|-14.44|-0.18|-0.53|0.09
33.692997217178345|0.20|-131.76|288.40|1.75|2.96|0.01|0.00|-0.00|-0.00|-11.57|29.09|-0.06|0.17|6.17|-0.32|-0.95|0.01|-14.37|-22.23|25.96|-19.99|-48876.00|-960.00|17386.00|588.00|-12.20|34.20|33.00|0.22|0.10|-0.79
33.89351272583008|0.16|45.16|-125.60|-0.11|-3.92|-0.07|0.01|0.00|-0.00|-2.41|3.59|-0.08|-0.62|-7.92|0.91|-0.45|0.00|-14.86|-21.50|25.94|-20.11|-50484.00|-776.00|17295.00|588.00|-2.27|3.31|1.11|0.17|-0.75|0.22
34.089988231658936|0.16|16.69|-27.20|0.61|7.58|0.04|-0.00|0.00|-0.00|0.90|-1.79|0.04|0.88|-0.47|-0.04|-0.05|-0.01|-14.68|-21.85|25.95|-19.94|-50577.00|-783.00|17285.00|587.00|0.75|-1.01|-0.68|0.30|0.82|-1.37
34.28645658493042|0.18|-21.67|37.20|-2.28|-10.71|0.00|0.00|0.00|0.00|-3.35|5.50|-0.40|-1.22|-0.02|0.05|-0.02|0.00|-15.34|-20.77|25.87|-20.18|-50580.00|-774.00|17282.00|587.00|-3.05|5.07|3.82|-0.18|-1.30|0.77
34.48296141624451|0.14|29.83|-45.99|2.38|13.47|0.00|-0.00|-0.00|0.00|2.56|-3.60|0.07|1.45|0.48|-0.02|-0.04|0.02|-14.83|-21.49|25.88|-19.89|-50485.00|-778.00|17275.00|590.00|2.82|-4.54|-3.69|0.33|1.41|-1.69
34.683401346206665|0.16|-30.29|74.30|-1.16|-6.41|-0.00|-0.00|-0.01|-0.00|-3.38|10.96|-0.16|0.19|0.28|-0.16|-1.17|0.00|-15.49|-19.34|25.85|-19.86|-50431.00|-809.00|17045.00|590.00|-4.63|12.24|6.33|0.11|0.16|-0.61
34.87666606903076|0.16|21.96|-53.40|-0.04|0.81|0.00|0.00|0.01|-0.00|1.01|0.28|-0.17|0.35|0.43|0.05|-0.06|-0.04|-15.29|-19.28|25.82|-19.79|-50345.00|-799.00|17032.00|582.00|0.84|0.10|-0.07|0.08|0.30|-0.72
35.06916069984436|0.21|3.54|-5.15|1.27|0.58|-0.00|-0.00|0.00|0.00|1.70|-0.72|0.08|0.46|0.19|-0.19|-0.04|0.00|-14.96|-19.42|25.83|-19.70|-50309.00|-836.00|17024.00|582.00|1.53|-0.43|0.10|0.30|0.41|-1.11
35.265673875808716|0.19|10.29|15.73|-0.38|-3.35|-0.00|-0.00|0.00|0.00|3.66|2.28|0.01|-0.18|0.17|-0.27|0.00|0.01|-14.26|-18.99|25.84|-19.73|-50276.00|-888.00|17024.00|583.00|3.48|2.49|0.60|0.27|-0.22|-0.38
35.45814871788025|0.20|-13.43|-1.54|-0.66|8.99|-0.00|0.00|0.00|-0.00|1.06|1.98|-0.12|1.57|-0.21|0.33|0.00|0.00|-14.06|-18.60|25.81|-19.43|-50317.00|-824.00|17024.00|583.00|1.05|2.23|0.92|0.11|1.57|-2.14
35.65461778640747|0.20|-14.49|-25.24|1.10|-6.18|0.00|-0.00|0.00|-0.00|-1.72|-2.86|0.09|0.38|0.32|-0.27|0.00|0.00|-14.39|-19.15|25.83|-19.35|-50256.00|-876.00|17024.00|583.00|-2.11|-2.83|-0.99|0.36|0.41|-0.82
35.847132205963135|0.21|7.53|17.60|-6.19|-3.12|0.01|0.00|0.00|-0.00|-0.23|0.62|-1.14|-0.24|1.98|-0.12|0.00|0.00|-14.43|-19.03|25.60|-19.40|-49864.00|-899.00|17024.00|583.00|-0.29|0.82|0.62|-0.94|-0.28|0.25
36.04360055923462|0.19|0.60|-8.23|5.00|13.61|0.00|0.00|0.00|-0.00|-0.12|-0.98|-0.16|2.42|2.49|-0.03|5.49|-0.22|-14.46|-19.22|25.57|-18.93|-49378.00|-904.00|18095.00|540.00|0.05|-0.41|0.04|0.02|2.44|-2.68
36.24017810821533|0.19|1.16|0.29|-0.01|-18.05|-0.01|0.00|-0.03|0.00|0.11|-0.93|-0.16|-1.07|1.47|0.16|-0.15|-0.03|-14.44|-19.40|25.54|-19.13|-49094.00|-874.00|18066.00|535.00|0.11|-0.48|-0.56|0.01|-1.08|0.69
36.43655848503113|0.18|-3.08|-0.96|-0.63|7.00|0.02|-0.00|-0.00|0.00|-0.50|-1.11|-0.29|0.31|4.75|0.09|-0.61|0.05|-14.53|-19.62|25.48|-19.07|-48158.00|-856.00|17945.00|544.00|-0.23|-1.00|-0.60|-0.09|0.28|-0.90
36.63301658630371|0.19|4.47|0.98|-0.31|2.23|-0.02|0.00|-0.00|-0.00|0.38|-0.92|-0.35|0.75|0.01|0.13|-1.39|-0.03|-14.46|-19.80|25.41|-18.92|-48157.00|-831.00|17672.00|538.00|0.29|-0.48|-0.06|-0.19|0.73|-1.28
36.82546424865723|0.21|-4.18|3.55|1.56|-4.60|0.03|-0.00|0.00|0.00|-0.44|-0.23|-0.04|-0.15|5.74|0.04|-0.93|0.01|-14.54|-19.84|25.41|-18.95|-47032.00|-823.00|17490.00|539.00|-0.34|0.70|0.62|0.13|-0.17|-0.36
37.01895046234131|0.21|0.85|3.97|-0.13|-2.04|0.02|-0.00|0.00|0.00|-0.27|0.54|-0.07|-0.54|8.82|0.02|-0.01|0.03|-14.60|-19.74|25.39|-19.06|-45320.00|-820.00|17488.00|545.00|-0.17|1.29|1.21|0.11|-0.57|0.12
37.21542453765869|0.23|0.46|-5.73|0.11|-0.24|-0.05|0.00|0.00|-0.00|-0.18|-0.56|-0.05|-0.59|0.03|0.06|-0.01|0.00|-14.63|-19.85|25.38|-19.17|-45314.00|-809.00|17487.00|545.00|-0.12|0.06|0.19|0.11|-0.65|-0.09
37.41194176673889|0.21|-5.43|14.54|-1.66|-1.14|-0.00|0.00|0.00|-0.00|-1.25|2.29|-0.37|-0.82|-0.90|0.10|0.00|0.00|-14.88|-19.40|25.31|-19.33|-45491.00|-790.00|17487.00|545.00|-1.63|3.13|2.14|-0.24|-0.86|0.37
37.60842776298523|0.16|-2.08|7.43|0.36|3.49|-0.04|0.00|0.00|-0.00|-1.66|3.75|-0.30|-0.13|-9.53|0.30|0.07|0.00|-15.20|-18.66|25.25|-19.36|-47359.00|-732.00|17500.00|545.00|-2.18|4.21|0.83|-0.21|-0.25|-0.07
37.805174112319946|0.19|6.69|-14.66|0.47|0.54|-0.05|-0.00|0.00|-0.00|-0.35|0.89|-0.21|-0.03|-19.03|0.14|0.44|-0.05|-15.27|-18.49|25.21|-19.36|-51070.00|-705.00|17585.00|536.00|0.03|1.26|0.78|-0.02|-0.07|-0.49
37.99270844459534|0.16|3.98|12.92|1.37|1.40|0.05|0.00|-0.00|0.00|0.43|3.44|0.06|0.25|-9.18|0.17|0.01|-0.03|-15.18|-17.81|25.22|-19.31|-52879.00|-671.00|17586.00|530.00|0.66|3.91|2.01|0.23|0.21|-0.88
38.19017219543457|0.16|0.46|-22.53|-0.01|-4.52|0.05|-0.00|-0.00|0.00|0.52|-0.82|0.06|-0.61|-0.49|0.12|-0.01|0.07|-15.08|-17.96|25.23|-19.43|-52971.00|-649.00|17584.00|543.00|0.78|-0.60|0.95|0.27|-0.68|0.38
38.38262987136841|0.16|7.73|-18.89|-0.11|3.74|-0.01|-0.00|0.00|-0.00|2.03|-4.50|0.03|0.12|-2.44|0.01|0.00|0.00|-14.69|-18.84|25.24|-19.40|-53446.00|-647.00|17584.00|543.00|2.08|-4.05|-1.89|0.17|0.04|-0.68
38.579140186309814|0.18|-9.66|18.15|-0.70|0.30|-0.03|-0.00|0.00|-0.00|0.14|-0.96|-0.10|0.18|-8.54|-0.03|0.00|0.00|-14.66|-19.03|25.22|-19.37|-55112.00|-653.00|17584.00|543.00|0.32|-0.84|-0.35|0.08|0.13|-0.56
38.779579639434814|0.15|-0.10|-3.83|-0.28|-2.52|0.04|0.00|0.00|-0.00|0.12|-1.72|-0.16|-0.31|-0.61|0.04|0.00|0.00|-14.64|-19.37|25.19|-19.43|-55233.00|-646.00|17584.00|543.00|-0.11|-1.51|-0.80|-0.01|-0.39|-0.24
38.97608780860901|0.16|16.97|-45.95|0.41|4.41|0.01|-0.00|0.00|-0.00|3.48|-10.82|-0.08|0.56|1.40|-0.14|0.00|0.00|-13.95|-21.51|25.17|-19.32|-54955.00|-673.00|17584.00|543.00|2.66|-11.80|-6.10|0.10|0.53|-0.93
39.173293352127075|0.15|-13.71|26.71|-0.17|-2.51|0.02|0.00|0.00|-0.00|0.78|-5.55|-0.11|0.07|5.94|-0.11|0.00|0.00|-13.79|-22.60|25.15|-19.31|-53785.00|-694.00|17584.00|543.00|0.55|-5.67|-4.59|0.05|0.02|-0.38
39.36577749252319|0.15|8.59|-12.84|0.34|3.22|-0.03|0.00|0.00|-0.00|2.46|-8.06|-0.04|0.69|0.21|0.13|0.00|0.00|-13.31|-24.18|25.14|-19.17|-53745.00|-669.00|17584.00|543.00|2.37|-8.37|-6.56|0.13|0.67|-1.22
39.56227374076843|0.13|5.37|-43.00|-0.52|-9.90|0.05|0.00|0.00|-0.00|3.49|-16.36|-0.14|-1.22|8.98|0.35|0.00|0.00|-12.64|-27.33|25.11|-19.41|-52011.00|-601.00|17584.00|543.00|2.38|-15.19|-8.18|0.04|-1.23|0.93
39.75888013839722|0.14|-5.30|52.30|-0.05|12.31|-0.04|0.00|0.00|-0.00|2.46|-6.11|-0.15|1.20|1.96|1.01|0.00|0.00|-12.16|-28.53|25.08|-19.17|-51626.00|-403.00|17584.00|543.00|0.93|-4.64|-1.31|-0.04|1.15|-1.81
39.95924735069275|0.16|142.39|7.15|0.78|-6.54|0.06|-0.01|0.00|-0.00|30.22|-4.71|0.00|-0.08|14.63|-0.84|0.00|0.00|-6.26|-29.45|25.08|-19.19|-48773.00|-566.00|17584.00|543.00|22.37|-20.37|-11.67|0.25|-0.10|-0.06
40.14773201942444|0.15|-144.45|41.57|0.51|-4.75|0.00|0.00|0.00|-0.00|1.33|3.60|0.10|-1.03|15.06|0.04|0.00|0.00|-6.00|-28.73|25.11|-19.39|-45762.00|-558.00|17584.00|543.00|1.11|6.18|1.94|0.23|-1.06|0.38
40.35220527648926|0.14|-145.55|31.59|-2.18|-3.53|-0.12|0.00|0.00|-0.00|-26.47|9.64|-0.31|-1.70|-7.92|0.46|0.00|0.00|-11.05|-26.89|25.05|-19.72|-47274.00|-471.00|17584.00|543.00|-27.42|12.44|5.26|-0.19|-1.79|1.38
40.549052715301514|0.13|106.52|-29.94|-1.33|13.88|-0.20|0.00|0.00|-0.00|-4.95|3.59|-0.58|1.10|-47.53|1.38|0.00|0.00|-12.05|-26.16|24.93|-19.50|-56876.00|-193.00|17584.00|543.00|-10.21|7.48|3.11|-0.44|1.05|-1.04
40.74946093559265|0.14|18.15|-6.37|2.01|-5.82|0.23|-0.01|0.00|-0.00|-1.32|2.32|-0.18|-0.06|-2.19|0.18|0.00|0.00|-12.32|-25.70|24.89|-19.51|-57315.00|-157.00|17584.00|543.00|-2.52|8.82|8.63|-0.04|-0.14|-0.55
40.94996953010559|0.15|-5.92|109.32|-0.11|-4.05|0.08|-0.00|0.00|-0.00|-2.48|23.74|-0.20|-0.86|13.28|0.05|0.00|0.00|-12.80|-21.05|24.85|-19.68|-54712.00|-147.00|17584.00|543.00|-1.14|27.62|11.76|-0.10|-0.94|0.58
41.14743089675903|0.14|9.25|-19.22|0.74|-0.75|-0.07|-0.00|0.00|-0.00|-0.62|19.88|-0.05|-1.01|-0.05|0.05|0.00|0.00|-12.93|-17.05|24.84|-19.88|-54723.00|-137.00|17584.00|543.00|-0.49|20.90|8.66|0.10|-1.06|0.52
41.34392595291138|0.14|13.42|-90.78|-0.25|4.88|-0.00|-0.00|0.00|-0.00|2.04|1.90|-0.10|-0.04|-0.13|0.01|0.00|0.00|-12.53|-16.67|24.82|-19.89|-54749.00|-136.00|17584.00|543.00|1.51|3.26|1.58|0.01|-0.11|-0.53
41.532397508621216|0.13|-5.45|-7.30|0.63|4.10|0.00|-0.00|0.00|-0.00|0.97|0.48|0.02|0.76|-0.02|0.00|0.00|0.00|-12.34|-16.58|24.82|-19.74|-54752.00|-136.00|17584.00|543.00|0.90|1.89|0.92|0.16|0.71|-1.33
41.728893995285034|0.14|-7.61|2.13|-0.74|-4.51|0.00|-0.00|0.00|-0.00|-0.47|0.88|-0.12|-0.10|0.00|0.00|0.00|0.00|-12.43|-16.41|24.80|-19.76|-54752.00|-136.00|17584.00|543.00|-0.70|1.39|0.74|0.04|-0.13|-0.36
41.921417236328125|0.14|-21.29|-8.77|1.37|1.22|0.00|-0.00|0.00|-0.00|-4.60|-0.82|0.15|0.13|0.00|0.00|0.00|0.00|-13.32|-16.57|24.83|-19.74|-54752.00|-136.00|17584.00|543.00|-4.21|-0.00|-0.25|0.31|0.05|-0.91
42.11388182640076|0.14|25.21|-6.73|-1.35|0.21|0.00|-0.00|0.00|-0.00|0.31|-2.13|-0.12|0.18|0.00|0.00|0.00|0.00|-13.26|-16.99|24.81|-19.70|-54752.00|-136.00|17584.00|543.00|0.24|-1.54|-0.68|0.04|0.15|-0.81
42.31032943725586|0.15|-33.24|-18.94|0.94|3.27|0.00|-0.00|0.00|-0.00|-6.10|-5.78|0.07|0.81|0.04|0.01|0.00|0.00|-14.44|-18.10|24.82|-19.55|-54745.00|-135.00|17584.00|543.00|-6.93|-5.13|-3.31|0.14|0.74|-1.55
42.502811908721924|0.15|23.95|47.07|-0.43|-1.90|-0.00|0.00|0.00|-0.00|-1.41|3.44|-0.02|0.43|0.00|0.01|0.00|0.00|-14.71|-17.43|24.82|-19.46|-54745.00|-133.00|17584.00|543.00|-1.08|4.58|2.51|0.11|0.39|-0.85
42.703291177749634|0.16|-1.82|-2.66|-1.26|-3.17|-0.00|-0.00|0.00|-0.00|-1.76|2.93|-0.26|-0.18|8.68|-0.17|0.00|0.00|-15.05|-16.86|24.77|-19.50|-53069.00|-166.00|17584.00|543.00|-2.47|3.29|1.38|-0.18|-0.22|-0.41
42.89589715003967|0.15|18.16|-8.27|0.96|0.20|0.08|-0.00|0.00|-0.00|1.85|1.28|-0.07|-0.14|25.14|-0.41|0.00|0.00|-14.68|-16.61|24.75|-19.52|-48066.00|-248.00|17584.00|543.00|2.08|2.01|0.53|0.05|-0.19|-0.44
43.08839750289917|0.26|-26.90|8.24|1.56|3.61|-0.12|0.00|0.00|-0.00|-3.37|2.88|0.23|0.56|2.23|-0.39|0.00|0.00|-15.34|-16.05|24.80|-19.42|-47633.00|-323.00|17584.00|543.00|-4.63|5.78|2.74|0.40|0.50|-1.51
43.28489398956299|0.26|-12.25|6.91|-1.68|-2.26|-0.01|0.00|0.00|-0.00|-5.69|4.19|-0.09|0.13|1.06|-0.26|0.00|0.00|-16.42|-15.25|24.78|-19.39|-47432.00|-372.00|17584.00|543.00|-9.48|8.75|1.91|0.04|0.05|-0.79
43.47737431526184|0.42|29.20|-15.74|0.52|-1.46|-0.01|-0.00|0.00|-0.00|-0.00|1.12|0.01|-0.15|0.03|-0.35|0.00|0.00|-16.42|-15.03|24.78|-19.42|-47426.00|-441.00|17584.00|543.00|0.11|2.01|1.18|0.10|-0.25|-0.27
43.677929401397705|0.43|-2.57|-25.64|-0.69|-1.91|0.00|0.00|0.00|-0.00|-0.50|-3.88|-0.12|-0.53|0.57|-0.22|0.00|0.00|-16.52|-15.79|24.76|-19.52|-47315.00|-484.00|17584.00|543.00|-0.53|-3.06|-2.18|-0.04|-0.60|0.22
43.87491059303284|0.29|10.75|-6.11|-2.29|9.85|-0.00|0.00|0.00|-0.00|1.65|-5.10|-0.58|1.44|0.20|0.06|0.63|-0.05|-16.19|-16.81|24.64|-19.23|-47275.00|-472.00|17710.00|533.00|1.69|-4.83|-2.60|-0.47|1.43|-2.14
44.067378759384155|0.18|3.93|7.97|2.97|7.35|-0.00|-0.00|0.04|0.00|2.41|-3.55|-0.00|2.88|0.07|-0.23|8.57|0.18|-15.72|-17.50|24.64|-18.67|-47261.00|-517.00|19381.00|568.00|2.31|-2.89|-0.31|0.04|2.85|-3.01
44.26390480995178|0.16|-2.25|-3.75|1.65|-15.38|0.00|0.00|-0.03|-0.00|1.98|-4.27|0.32|-0.08|0.39|-0.05|3.11|-0.02|-15.34|-18.32|24.70|-18.69|-47187.00|-526.00|19979.00|564.00|1.76|-3.79|-1.92|0.43|-0.10|-0.29
44.460331439971924|0.13|-0.41|6.05|-0.07|10.63|-0.00|-0.00|-0.01|-0.00|1.90|-3.07|0.30|2.03|0.22|-0.07|0.25|-0.05|-14.96|-18.93|24.76|-18.29|-47144.00|-540.00|20028.00|554.00|1.39|-1.93|-0.56|0.36|2.08|-2.68
44.65680146217346|0.13|-5.95|12.19|0.14|-11.44|-0.00|0.00|0.02|-0.00|0.73|-0.68|0.33|-0.21|-0.02|-0.04|4.35|-0.06|-14.82|-19.06|24.83|-18.33|-47148.00|-547.00|20881.00|543.00|0.37|-0.28|0.19|0.43|-0.21|-0.46
44.84924602508545|0.11|2.57|-1.34|-1.68|2.61|0.00|0.00|-0.00|-0.00|1.24|-0.94|-0.00|0.30|0.00|0.00|3.83|-0.22|-14.57|-19.25|24.83|-18.27|-47148.00|-547.00|21640.00|500.00|0.98|-0.48|0.02|0.05|0.30|-0.82
45.04180669784546|0.12|-2.62|2.67|-0.52|8.74|0.00|0.00|-0.02|0.00|0.74|-0.43|-0.10|1.98|0.00|0.00|0.02|-0.04|-14.43|-19.33|24.81|-17.89|-47148.00|-547.00|21644.00|492.00|0.20|0.41|0.42|-0.06|1.99|-0.72
45.23920226097107|0.14|-6.49|-2.42|1.97|-14.66|0.00|0.00|-0.03|0.00|-0.51|-0.90|0.27|-0.83|0.14|0.00|-5.83|0.01|-14.53|-19.50|24.86|-18.05|-47122.00|-547.00|20525.00|494.00|-0.89|-0.23|-0.06|0.34|-0.88|0.49
45.43168783187866|0.22|2.18|7.56|-0.82|2.26|0.01|0.00|-0.00|0.00|-0.08|0.59|0.11|-0.39|1.57|0.00|-6.70|0.29|-14.55|-19.39|24.88|-18.12|-46814.00|-547.00|19211.00|550.00|-0.21|0.87|0.77|0.20|-0.40|0.02
45.632336378097534|0.23|-1.85|-10.41|-1.90|-0.16|0.00|0.00|0.03|-0.00|-0.44|-1.40|-0.25|-0.42|2.15|0.00|-0.49|-0.02|-14.63|-19.65|24.84|-18.20|-46403.00|-547.00|19118.00|546.00|-0.46|-0.90|-0.88|-0.19|-0.42|0.00
45.824838638305664|0.20|-1.44|-1.47|1.46|4.37|-0.00|0.00|0.00|0.00|-0.73|-1.70|0.05|0.46|1.72|0.00|-0.03|0.00|-14.77|-20.00|24.84|-18.11|-46058.00|-547.00|19111.00|546.00|-0.96|-1.19|-0.67|0.14|0.45|-0.91
46.02128767967224|0.19|6.34|6.32|-0.44|-1.88|-0.01|0.00|-0.00|0.00|0.50|-0.48|-0.04|0.09|0.06|0.05|-0.09|-0.01|-14.68|-20.09|24.84|-18.09|-46046.00|-538.00|19094.00|544.00|0.53|-0.00|-0.01|0.04|0.05|-0.81
46.21778178215027|0.28|-4.00|-0.22|-0.47|-1.21|0.01|-0.00|-0.02|0.00|-0.28|-0.52|-0.13|-0.14|2.38|0.00|-3.05|0.05|-14.73|-20.19|24.81|-18.12|-45585.00|-538.00|18503.00|553.00|-0.58|0.04|0.94|-0.07|-0.14|-0.21
46.41824007034302|0.22|1.72|-6.21|-1.24|0.61|-0.00|-0.00|0.01|-0.00|0.06|-1.75|-0.37|-0.02|1.53|0.02|-0.54|-0.04|-14.72|-20.54|24.74|-18.12|-45283.00|-535.00|18397.00|545.00|0.03|-1.62|-0.99|-0.28|0.01|-0.30
46.610695362091064|0.15|-5.74|18.74|2.74|-2.69|-0.05|0.00|0.00|0.00|-1.08|1.96|0.17|-0.55|-8.85|0.02|-0.09|0.04|-14.93|-20.15|24.77|-18.23|-47036.00|-532.00|18379.00|553.00|-1.34|2.71|2.17|0.23|-0.56|-0.17
46.81114840507507|0.12|-16.01|25.09|-0.30|-6.27|0.02|-0.00|-0.00|-0.00|-4.18|6.82|0.11|-1.77|-4.04|-0.04|-0.12|0.03|-15.75|-18.82|24.79|-18.58|-47820.00|-540.00|18356.00|558.00|-4.72|7.42|3.73|0.20|-1.73|0.58
47.004308462142944|0.12|8.56|-21.51|-1.13|9.57|0.02|-0.00|0.00|-0.00|-2.48|2.54|-0.12|0.14|-0.03|-0.08|-0.06|0.03|-16.24|-18.32|24.77|-18.55|-47825.00|-555.00|18345.00|563.00|-2.38|2.39|0.89|0.02|0.16|-1.25
47.20082187652588|0.14|11.92|-11.35|-1.15|0.59|0.00|0.00|0.00|-0.00|-0.14|0.32|-0.34|0.25|0.03|-0.05|0.00|0.00|-16.27|-18.26|24.70|-18.50|-47820.00|-564.00|18345.00|563.00|-0.41|0.47|0.43|-0.21|0.34|-0.76
47.389315605163574|0.15|1.15|2.38|1.84|3.86|-0.00|-0.00|0.00|-0.00|0.08|0.78|0.02|1.00|-0.39|-0.11|0.00|0.00|-16.25|-18.10|24.71|-18.30|-47896.00|-586.00|18345.00|563.00|-0.12|0.79|0.49|0.14|1.08|-1.30
47.585747957229614|0.19|1.91|-10.95|-0.36|-3.74|0.01|0.00|0.00|-0.00|0.45|-1.31|-0.05|0.29|0.73|0.05|0.00|0.00|-16.17|-18.36|24.70|-18.25|-47756.00|-577.00|18345.00|563.00|0.05|-0.89|-0.51|0.04|0.34|-1.02
47.77823185920715|0.20|-1.34|0.24|-0.90|-0.67|0.01|0.00|0.00|-0.00|0.19|-1.27|-0.23|0.16|2.36|0.07|0.00|0.00|-16.13|-18.60|24.65|-18.22|-47300.00|-563.00|18345.00|563.00|0.21|-0.61|-0.45|-0.12|0.25|-0.65
47.974719524383545|0.21|1.10|-4.10|2.27|-0.99|-0.01|-0.00|0.00|-0.00|0.40|-2.06|0.21|-0.03|0.71|-0.14|0.00|0.00|-16.05|-19.00|24.69|-18.22|-47162.00|-590.00|18345.00|563.00|0.35|-1.88|-1.61|0.30|0.02|-0.41
48.16725182533264|0.16|-1.75|4.49|-1.13|0.88|-0.01|0.00|0.00|-0.00|0.06|-1.19|-0.01|0.14|-1.36|-0.14|0.00|0.00|-16.04|-19.23|24.69|-18.20|-47426.00|-617.00|18345.00|563.00|0.15|-1.00|-0.85|0.07|0.22|-0.65
48.35972619056702|0.11|2.33|1.34|1.57|-0.46|-0.00|0.00|0.00|-0.00|0.51|-0.93|0.30|0.05|-1.92|-0.12|-0.05|0.00|-15.94|-19.41|24.75|-18.19|-47800.00|-641.00|18335.00|563.00|0.00|-0.69|-0.48|0.39|0.10|-1.07
48.56419825553894|0.09|0.22|-5.90|-5.29|-11.52|-0.04|-0.00|0.00|-0.00|0.56|-2.07|-0.72|-2.17|-10.21|-0.16|-0.05|0.01|-15.83|-19.81|24.61|-18.61|-49770.00|-672.00|18326.00|565.00|-0.61|-0.64|-1.35|-0.86|-2.24|3.36
48.757246255874634|0.11|-1.96|12.63|3.05|12.20|0.04|0.00|0.00|-0.00|0.16|0.50|-0.10|0.30|-1.20|0.03|0.00|0.00|-15.80|-19.71|24.59|-18.55|-50013.00|-666.00|18326.00|565.00|-0.06|0.36|0.34|-0.06|0.34|-0.84
48.94971942901611|0.13|-3.07|-5.67|1.16|-0.72|0.01|0.00|0.00|-0.00|-0.43|-0.60|0.12|0.16|0.05|0.05|0.00|0.00|-15.88|-19.82|24.61|-18.52|-50003.00|-656.00|18326.00|565.00|-0.53|-0.43|-0.22|0.19|0.15|-0.58
49.154207944869995|0.12|1.39|-13.26|-1.98|-3.22|-0.00|-0.00|0.00|-0.00|-0.17|-3.14|-0.26|-0.46|0.00|-0.11|0.00|0.00|-15.92|-20.43|24.57|-18.60|-50003.00|-677.00|18326.00|565.00|-0.26|-2.93|-2.44|-0.16|-0.42|-0.09
49.35064148902893|0.20|0.21|6.05|0.55|-0.60|-0.00|0.00|0.00|-0.00|-0.13|-1.92|-0.15|-0.58|0.34|0.02|-0.83|0.05|-15.94|-20.82|24.54|-18.72|-49934.00|-672.00|18159.00|575.00|-0.46|-1.59|-1.61|-0.07|-0.59|0.00
49.54723119735718|0.21|3.69|2.55|-3.24|-2.51|0.00|-0.00|0.00|-0.00|0.60|-1.42|-0.79|-1.07|0.71|0.02|-0.44|-0.03|-15.82|-21.10|24.38|-18.93|-49795.00|-668.00|18073.00|570.00|0.24|-0.57|-0.06|-0.68|-1.06|0.54
49.7365779876709|0.13|4.47|0.21|2.70|1.96|0.00|0.00|0.00|0.00|1.48|-1.38|-0.26|-0.69|1.60|0.02|-0.29|0.06|-15.53|-21.37|24.33|-19.07|-49481.00|-664.00|18017.00|582.00|0.57|-0.80|-0.44|-0.18|-0.72|0.11
49.936694860458374|0.18|-6.47|6.40|1.04|2.07|-0.00|0.00|0.00|-0.00|0.24|-0.15|-0.06|-0.29|0.97|0.03|-0.19|0.04|-15.49|-21.40|24.32|-19.12|-49295.00|-658.00|17980.00|589.00|-0.12|-0.28|-0.36|-0.01|-0.28|-0.53
50.12913990020752|0.18|1.48|-0.93|0.37|2.11|-0.00|-0.00|0.00|-0.00|0.53|-0.33|0.01|0.12|0.01|0.01|-0.09|-0.01|-15.38|-21.46|24.32|-19.10|-49294.00|-656.00|17963.00|587.00|0.26|-0.28|-0.21|0.10|0.12|-0.81
50.32167840003967|0.22|1.84|-10.34|0.69|3.54|0.00|-0.00|-0.00|0.00|0.89|-2.34|0.15|0.81|0.02|-0.04|-0.58|0.06|-15.21|-21.91|24.35|-18.94|-49290.00|-663.00|17850.00|598.00|1.08|-1.59|-1.14|0.22|0.82|-1.17
50.518150329589844|0.30|-3.09|5.56|-0.87|-4.92|0.00|0.00|-0.00|0.00|0.29|-1.26|-0.02|-0.14|0.07|-0.02|-0.67|0.06|-15.16|-22.16|24.35|-18.97|-49277.00|-666.00|17721.00|609.00|0.46|-1.36|-1.18|0.02|-0.14|-0.55
50.71870756149292|0.23|-0.44|1.29|-2.93|-6.11|-0.00|0.00|0.00|-0.00|0.20|-1.01|-0.60|-1.34|0.01|-0.01|-0.20|0.02|-15.12|-22.36|24.23|-19.23|-49276.00|-668.00|17682.00|613.00|-0.05|-1.09|-0.83|-0.53|-1.37|1.03
50.91603755950928|0.19|1.88|-4.49|-14.44|-30.45|0.00|0.00|0.03|0.00|0.58|-1.90|-3.47|-7.40|0.57|0.00|5.35|0.32|-15.00|-22.74|23.54|-20.71|-49162.00|-668.00|18747.00|677.00|0.43|-1.53|-1.09|-3.44|-7.49|-5.26
51.112544536590576|0.15|-5.70|7.84|1.07|37.90|-0.00|0.00|0.05|-0.00|-0.54|-0.37|-3.26|0.02|0.07|0.01|15.89|0.02|-15.11|-22.81|22.90|-20.70|-49149.00|-667.00|21862.00|681.00|-0.75|-0.66|-0.44|-3.29|-0.04|-1.69
51.31305956840515|0.10|12.21|-13.51|54.77|-49.20|-0.00|0.00|0.28|-0.00|1.88|-3.04|7.58|-9.72|-0.15|0.07|72.27|-0.22|-14.73|-23.41|24.40|-22.62|-49179.00|-653.00|36171.00|637.00|2.02|-3.32|-2.06|7.90|-9.69|-3.66
51.51358604431152|0.09|5.85|-7.01|-30.45|52.81|-0.09|0.00|-0.13|-0.00|3.05|-4.45|1.46|0.90|-19.14|0.12|46.82|-0.64|-14.12|-24.30|24.69|-22.44|-53027.00|-628.00|45581.00|509.00|3.73|-6.46|-4.70|1.72|0.89|-2.68
51.71409368515015|0.07|-12.24|6.87|-17.62|7.36|-0.02|-0.00|-0.15|0.01|0.63|-3.09|-2.03|2.35|-22.33|0.06|16.40|0.44|-14.00|-24.91|24.29|-21.98|-57448.00|-617.00|48829.00|596.00|1.18|-3.10|-2.39|-1.90|2.27|-0.62
51.914515256881714|0.09|20.54|-29.90|12.48|-13.03|-0.09|0.00|-0.11|-0.00|4.74|-9.07|0.47|-0.25|-39.89|0.25|-6.26|-0.29|-13.05|-26.73|24.39|-22.03|-65426.00|-566.00|47577.00|538.00|5.37|-9.90|-4.60|0.57|-0.33|-0.07
52.10728883743286|0.10|7.27|23.44|5.06|14.07|0.05|0.00|0.00|0.00|6.21|-4.31|1.50|2.60|-29.98|0.36|-5.30|0.00|-11.79|-27.60|24.69|-21.50|-71511.00|-492.00|46502.00|538.00|7.02|-3.94|11.82|1.61|2.50|-2.56
52.304612159729004|0.09|3.25|15.30|-3.12|-25.40|0.13|-0.00|-0.00|0.00|6.84|-1.37|0.90|-2.27|-5.77|-0.12|-5.45|-0.13|-10.47|-27.87|24.86|-21.94|-72618.00|-515.00|45455.00|514.00|6.92|-1.32|0.36|1.04|-2.42|1.86
52.501112937927246|0.09|-20.80|3.88|-4.06|6.68|-0.01|0.00|0.03|0.00|2.72|-0.60|0.09|-0.95|-7.28|-0.01|0.04|0.00|-9.94|-27.99|24.88|-22.12|-74059.00|-517.00|45462.00|514.00|2.40|-0.14|-0.24|0.28|-1.03|0.29
52.693615198135376|0.10|-13.38|4.29|-0.24|-9.67|-0.02|-0.00|-0.00|0.00|0.14|0.22|0.05|-2.82|-11.57|-0.01|-0.02|0.03|-9.91|-27.94|24.89|-22.67|-76292.00|-519.00|45458.00|519.00|0.37|0.17|0.71|0.20|-2.97|1.94
52.89438343048096|0.09|-19.37|-10.69|-1.73|2.23|0.07|0.00|0.00|-0.00|-3.66|-1.87|-0.29|-2.38|1.28|0.02|0.00|0.01|-10.63|-28.31|24.83|-23.14|-76041.00|-515.00|45458.00|520.00|-3.92|-3.00|-0.53|-0.09|-2.50|1.83
53.086869955062866|0.11|10.49|18.68|1.01|9.36|0.08|0.00|0.00|0.00|-1.57|1.85|-0.09|-0.52|17.66|0.03|0.03|0.02|-10.94|-27.94|24.82|-23.24|-72527.00|-509.00|45463.00|524.00|-1.24|1.66|0.85|0.10|-0.60|0.34
53.28738808631897|0.08|-1.78|-19.65|-0.45|2.16|-0.06|0.00|-0.00|-0.00|-1.91|-1.89|-0.18|-0.11|7.02|0.08|0.00|0.00|-11.30|-28.30|24.78|-23.26|-71194.00|-494.00|45463.00|524.00|-1.40|-1.10|-0.96|0.05|-0.21|-0.17
53.483861446380615|0.08|-1.05|15.43|-0.80|2.97|0.03|-0.00|-0.00|-0.00|-2.12|1.20|-0.34|0.49|13.74|-0.25|0.00|0.00|-11.73|-28.06|24.72|-23.16|-68445.00|-544.00|45463.00|524.00|-2.14|1.37|0.51|-0.12|0.44|-0.70
53.6764030456543|0.09|4.22|0.24|0.15|-4.86|-0.03|0.00|-0.00|-0.00|-1.29|1.25|-0.31|-0.46|8.54|0.02|0.00|0.00|-11.98|-27.82|24.66|-23.25|-66771.00|-540.00|45463.00|524.00|-1.40|1.55|0.91|-0.10|-0.53|0.02
53.86890125274658|0.08|-3.75|5.71|0.41|0.76|-0.02|0.00|-0.00|-0.00|-2.02|2.36|-0.23|-0.32|4.37|0.02|0.00|0.00|-12.37|-27.36|24.61|-23.31|-65923.00|-536.00|45463.00|524.00|-1.98|2.46|1.46|-0.02|-0.39|0.02
54.06903266906738|0.11|8.01|-3.39|-1.95|-0.01|-0.00|-0.00|-0.00|-0.00|-0.48|1.70|-0.61|-0.32|3.46|-0.08|0.88|0.05|-12.47|-27.03|24.49|-23.37|-65256.00|-551.00|45632.00|533.00|-0.53|2.00|1.20|-0.38|-0.36|0.16
54.26151204109192|0.09|48.82|-12.56|2.32|1.18|-0.01|0.00|0.03|0.00|9.19|-0.78|-0.15|-0.09|1.64|0.23|5.85|0.18|-10.65|-27.19|24.47|-23.39|-64932.00|-505.00|46791.00|568.00|9.97|-1.30|-0.83|0.07|-0.13|-0.03
54.45897459983826|0.08|-6.36|29.63|0.74|-0.40|-0.03|0.00|-0.02|-0.00|7.95|4.99|-0.00|-0.16|-3.84|0.26|2.12|0.03|-9.10|-26.21|24.46|-23.42|-65680.00|-455.00|47204.00|573.00|9.31|5.05|-0.07|0.20|-0.24|-0.14
54.6554696559906|0.10|31.77|-53.78|0.05|1.75|-0.09|-0.00|-0.01|-0.00|14.11|-5.44|0.01|0.18|-21.54|0.23|0.36|0.01|-6.36|-27.27|24.47|-23.39|-69859.00|-411.00|47273.00|574.00|13.86|-5.82|-1.38|0.22|0.15|-0.70
54.85190510749817|0.11|-22.21|30.98|-1.33|-1.65|0.04|-0.00|-0.00|-0.00|9.71|0.69|-0.26|-0.15|-13.23|0.06|0.05|-0.04|-4.44|-27.13|24.42|-23.42|-72479.00|-399.00|47282.00|566.00|9.89|1.23|0.77|-0.04|-0.19|-0.17
55.048612117767334|0.09|-0.45|-22.84|1.91|3.21|0.01|-0.00|-0.00|0.00|9.62|-3.83|0.12|0.48|-10.59|0.01|0.01|0.00|-2.53|-27.89|24.44|-23.32|-74575.00|-398.00|47283.00|566.00|9.62|-4.77|-0.94|0.31|0.47|-0.68
55.24507975578308|0.08|-41.98|3.54|-0.63|-4.04|0.05|-0.00|-0.00|0.00|1.48|-3.14|0.00|-0.30|-0.04|-0.20|0.00|0.00|-2.24|-28.50|24.44|-23.38|-74582.00|-436.00|47283.00|566.00|1.94|-3.41|0.25|0.20|-0.36|-0.24
55.4416139125824|0.10|-9.71|-8.16|-1.43|-0.97|0.01|0.00|-0.00|0.00|-0.42|-4.74|-0.28|-0.49|1.66|-0.16|0.00|0.00|-2.32|-29.43|24.39|-23.48|-74257.00|-468.00|47283.00|566.00|0.23|-4.61|-0.91|-0.09|-0.56|0.05
55.63037467002869|0.10|30.06|35.16|0.33|1.61|-0.01|0.00|-0.00|0.00|5.47|2.15|-0.21|-0.17|0.02|-0.11|0.00|0.00|-1.25|-29.01|24.34|-23.51|-74253.00|-490.00|47283.00|566.00|6.05|2.06|1.12|-0.02|-0.28|0.03
55.83081817626953|0.11|-50.95|-13.80|-1.21|-4.12|0.00|0.00|-0.00|0.00|-4.31|-0.50|-0.45|-0.96|0.27|-0.02|0.00|0.00|-2.08|-29.10|24.26|-23.70|-74201.00|-494.00|47283.00|566.00|-4.44|0.07|-1.29|-0.19|-0.98|0.84
56.02740287780762|0.09|-4.20|-4.71|-2.69|21.49|0.01|0.00|-0.00|0.00|-5.14|-1.43|-0.98|3.29|1.30|0.08|-1.92|-0.09|-3.10|-29.38|24.07|-23.04|-73943.00|-479.00|46902.00|548.00|-5.11|-1.59|0.20|-0.62|3.50|-3.28
56.235698223114014|0.10|7.78|-4.66|-245.67|-105.39|-0.00|0.00|-0.07|0.00|-3.61|-2.35|-49.38|-17.47|0.51|0.10|-14.93|0.10|-3.81|-29.85|14.34|-26.49|-73842.00|-459.00|43960.00|567.00|-2.84|-1.97|-0.25|-50.06|-17.78|-3.75
56.441200494766235|0.08|10.94|5.65|-8.39|-66.97|-0.00|0.00|0.04|-0.00|-1.34|-1.17|-51.12|-31.40|0.04|0.11|-5.76|-0.65|-4.09|-30.09|3.71|-33.02|-73833.00|-437.00|42761.00|432.00|-0.60|-1.07|-0.21|-51.83|-31.46|11.19
56.641725063323975|0.10|2.79|5.02|107.73|52.36|-0.00|-0.00|-0.01|0.00|-0.77|-0.15|-29.14|-20.72|-0.02|0.03|-8.44|0.07|-4.25|-30.12|-2.24|-37.24|-73837.00|-430.00|41039.00|447.00|-0.44|0.12|-0.09|-30.35|-20.97|2.93
56.84208273887634|0.10|-5.78|1.32|48.67|63.67|0.00|-0.00|-0.10|-0.01|-1.94|0.12|-19.31|-7.86|-0.00|0.01|-29.37|-2.20|-4.64|-30.10|-6.14|-38.83|-73838.00|-428.00|35106.00|2.00|-1.37|0.52|0.33|-20.44|-7.79|-0.33
57.047547340393066|0.08|7.72|3.31|-25.41|-75.60|0.00|-0.00|-0.02|0.01|-0.39|0.78|-24.40|-22.98|0.00|0.00|-33.73|-0.46|-4.71|-29.94|-11.02|-43.43|-73838.00|-428.00|28360.00|-90.00|-0.23|0.65|0.08|-25.99|-23.03|0.03
57.24804997444153|0.10|-11.38|10.03|92.02|94.10|0.00|-0.00|-0.00|-0.00|-2.70|2.82|-5.72|-3.88|0.01|0.01|-34.20|-0.67|-5.26|-29.37|-12.18|-44.21|-73836.00|-426.00|21417.00|-226.00|-2.49|2.71|0.69|-7.09|-3.41|-1.07
57.44851541519165|0.11|-64.45|7.12|48.77|23.10|0.08|-0.00|-0.08|0.00|-15.72|4.26|4.13|0.79|15.18|-0.03|-51.12|-0.28|-8.44|-28.51|-11.35|-44.05|-70769.00|-432.00|11090.00|-282.00|-15.50|5.36|0.43|2.75|1.18|1.36
57.65748596191406|0.10|59.85|-24.24|-50.06|-41.17|0.06|-0.00|-0.06|0.00|-3.75|-0.59|-5.88|-7.44|26.75|-0.03|-63.42|-0.17|-9.19|-28.63|-12.52|-45.54|-65418.00|-438.00|-1594.00|-316.00|-4.60|-1.09|-0.94|-7.23|-7.24|-0.50
57.85797381401062|0.10|29.57|2.36|14.27|7.83|-0.06|-0.00|0.20|0.00|2.43|-0.10|-2.89|-5.80|13.25|-0.12|-21.90|0.14|-8.68|-28.65|-13.13|-46.76|-62649.00|-464.00|-6172.00|-286.00|2.89|-0.54|-0.12|-4.15|-5.40|-0.14
58.059161901474|0.09|4.50|-48.75|31.63|17.79|-0.05|-0.00|0.11|-0.00|3.33|-9.90|3.46|-2.23|3.31|-0.36|0.00|0.05|-8.01|-30.64|-12.43|-47.20|-61984.00|-537.00|-6172.00|-275.00|3.24|-10.96|-3.06|2.19|-1.79|-2.27
58.25562405586243|0.11|-31.67|62.05|-13.50|5.70|0.02|0.00|0.11|0.00|-2.97|2.45|0.78|-1.09|7.40|-0.17|0.10|0.30|-8.60|-30.15|-12.28|-47.42|-60511.00|-571.00|-6153.00|-216.00|-2.70|1.80|0.23|-0.57|-0.71|0.78
58.45211386680603|0.09|-30.41|-8.27|1.83|3.17|-0.03|0.00|-0.00|-0.00|-8.93|0.83|1.13|-0.47|0.72|-0.03|0.02|0.10|-10.35|-29.99|-12.05|-47.51|-60369.00|-576.00|-6149.00|-196.00|-9.66|0.41|0.05|-0.18|0.01|0.32
58.64460492134094|0.08|40.68|6.55|-2.12|2.47|-0.01|0.00|0.00|-0.00|-0.91|2.12|0.72|0.01|-0.72|0.07|0.03|0.01|-10.53|-29.57|-11.91|-47.51|-60511.00|-562.00|-6143.00|-195.00|-1.08|1.60|0.69|-0.57|0.51|0.48
58.84102654457092|0.09|4.30|-9.75|5.97|-2.88|0.00|0.00|-0.00|0.00|-0.08|0.24|1.87|-0.54|-0.15|0.09|-0.01|0.01|-10.55|-29.52|-11.55|-47.62|-60540.00|-545.00|-6144.00|-194.00|-0.24|-0.00|-0.25|0.60|-0.05|-0.41
59.04553151130676|0.11|-14.94|-7.66|-4.60|-0.43|-0.00|-0.00|0.00|-0.00|-3.04|-1.28|0.96|-0.63|-0.63|0.04|0.00|0.00|-11.15|-29.77|-11.36|-47.74|-60665.00|-537.00|-6144.00|-194.00|-4.64|-2.72|1.53|-0.27|-0.25|0.46
59.24295496940613|0.11|-28.98|7.36|4.02|1.66|-0.05|0.00|0.00|-0.00|-8.90|0.21|1.77|-0.29|-10.90|0.11|0.00|0.00|-12.95|-29.73|-11.00|-47.80|-62866.00|-515.00|-6144.00|-194.00|-13.63|-0.58|-0.18|0.60|0.13|-0.38
59.44348907470703|0.08|30.29|-19.25|0.85|-3.10|0.03|-0.00|0.00|-0.00|-2.90|-3.61|1.94|-0.91|-5.43|0.10|0.00|0.00|-13.52|-30.45|-10.62|-47.98|-63942.00|-495.00|-6144.00|-194.00|-1.37|-3.42|-2.16|0.74|-0.53|-0.33
59.64392828941345|0.12|30.07|10.89|-7.68|2.68|-0.10|0.00|0.00|-0.00|3.15|-1.42|0.39|-0.37|-25.51|0.19|0.00|0.00|-12.89|-30.73|-10.54|-48.05|-69069.00|-457.00|-6144.00|-194.00|2.26|-3.00|-1.43|-0.73|0.04|0.25
59.84049391746521|0.09|11.91|3.05|8.82|-2.18|0.04|-0.00|0.00|-0.00|5.50|-0.81|2.14|-0.80|-18.48|-0.06|0.00|0.00|-11.80|-30.89|-10.12|-48.21|-72728.00|-468.00|-6144.00|-194.00|5.18|-1.22|-0.77|1.01|-0.45|-0.73
60.03753137588501|0.10|-38.22|8.36|-6.86|2.96|0.00|0.00|0.00|-0.00|-2.07|0.84|0.78|-0.21|-17.80|-0.03|0.00|0.00|-12.21|-30.73|-9.96|-48.26|-76253.00|-474.00|-6144.00|-194.00|-2.73|0.42|-0.76|-0.30|0.13|0.38
60.234023571014404|0.10|28.50|-5.00|2.81|-0.26|0.07|-0.00|0.00|-0.00|3.55|-0.14|1.34|-0.26|-4.82|-0.06|0.00|0.00|-11.51|-30.75|-9.70|-48.31|-77203.00|-486.00|-6144.00|-194.00|2.84|-0.64|0.49|0.23|0.08|-0.17
60.43060278892517|0.11|-10.93|-0.50|-1.01|-2.44|0.02|0.00|0.00|-0.00|1.42|-0.24|1.14|-0.74|-1.49|-0.04|0.00|0.00|-11.23|-30.80|-9.48|-48.45|-77493.00|-493.00|-6144.00|-194.00|1.04|-0.54|-0.22|0.07|-0.40|0.28
60.63134956359863|0.10|-10.83|38.18|-1.59|2.93|-0.01|-0.00|0.00|-0.00|-0.73|7.32|0.82|-0.16|-3.15|-0.09|0.00|0.00|-11.38|-29.35|-9.31|-48.48|-78116.00|-510.00|-6144.00|-194.00|-1.13|7.20|2.53|-0.21|0.18|-0.03
60.83178162574768|0.10|-20.21|-60.59|3.76|-3.67|0.05|-0.00|0.00|-0.00|-4.75|-4.74|1.57|-0.89|6.39|-0.13|0.00|0.00|-12.32|-30.29|-9.00|-48.66|-76845.00|-535.00|-6144.00|-194.00|-5.40|-5.90|-3.35|0.56|-0.59|-0.52
61.0282986164093|0.12|6.25|14.82|-6.45|2.66|0.04|0.00|0.00|-0.00|-3.50|-1.77|0.28|-0.36|13.72|0.00|0.00|0.00|-13.02|-30.65|-8.94|-48.73|-74101.00|-535.00|-6144.00|-194.00|-3.82|-2.25|-1.00|-0.71|-0.07|0.67
61.22078013420105|0.11|11.81|17.67|2.18|1.11|-0.07|0.00|0.00|-0.00|-1.17|1.71|0.71|-0.14|0.30|-0.05|0.00|0.00|-13.25|-30.31|-8.80|-48.76|-74042.00|-544.00|-6144.00|-194.00|-1.80|1.46|0.65|-0.25|0.18|0.67
61.417269468307495|0.12|-0.41|9.29|4.10|-1.30|-0.00|0.00|0.00|-0.00|-1.25|3.51|1.51|-0.39|0.01|-0.01|0.00|0.00|-13.49|-29.63|-8.51|-48.84|-74041.00|-546.00|-6144.00|-194.00|-1.69|3.20|1.59|0.54|-0.11|-0.27
61.61369752883911|0.11|-6.83|-1.32|-2.97|-2.09|0.01|-0.00|0.00|-0.00|-2.58|3.25|0.93|-0.80|1.17|-0.03|0.00|0.00|-13.99|-29.00|-8.33|-48.99|-73814.00|-552.00|-6144.00|-194.00|-3.14|2.67|1.47|-0.01|-0.51|-0.06
61.80622577667236|0.11|7.43|-2.76|0.35|1.63|0.04|-0.00|0.00|-0.00|-1.11|2.71|1.00|-0.48|8.83|-0.09|0.00|0.00|-14.21|-28.46|-8.13|-49.09|-72066.00|-570.00|-6144.00|-194.00|-2.75|2.88|0.17|0.08|-0.21|-0.01
62.00669813156128|0.10|13.05|-14.33|3.93|-1.80|-0.01|0.00|0.00|-0.00|1.40|-0.04|1.76|-0.82|6.44|-0.02|0.00|0.00|-13.95|-28.47|-7.79|-49.25|-70829.00|-574.00|-6144.00|-194.00|0.43|-0.78|-0.30|0.83|-0.54|-0.79
62.20012927055359|0.12|-0.93|7.38|-5.48|2.56|-0.09|0.00|0.00|-0.00|1.21|1.42|0.67|-0.32|-10.46|0.08|0.00|0.00|-13.70|-28.19|-7.66|-49.31|-72901.00|-558.00|-6144.00|-194.00|0.28|1.33|0.69|-0.21|-0.08|0.28
62.392638206481934|0.12|4.79|6.31|2.92|0.02|0.03|-0.00|0.00|-0.00|2.14|2.63|1.24|-0.31|-4.51|0.01|0.00|0.00|-13.29|-27.68|-7.42|-49.37|-73772.00|-556.00|-6144.00|-194.00|1.79|2.27|1.30|0.37|-0.04|-0.15
62.585158348083496|0.12|-35.42|2.89|-3.62|1.53|0.12|-0.00|0.00|-0.00|-4.63|3.19|0.55|-0.02|19.36|-0.05|0.00|0.00|-14.18|-27.07|-7.32|-49.37|-70074.00|-566.00|-6144.00|-194.00|-5.66|2.91|0.94|-0.30|0.28|0.09
62.78560924530029|0.10|30.09|-30.01|-4.01|-0.31|-0.04|-0.00|0.00|-0.00|1.24|-2.67|-0.23|-0.08|12.10|-0.31|0.00|0.00|-13.93|-27.59|-7.36|-49.39|-67715.00|-627.00|-6144.00|-194.00|1.01|-3.45|-2.22|-1.08|0.15|0.80
62.98207426071167|0.12|-4.41|5.22|5.79|-2.70|-0.02|0.00|0.00|-0.00|0.36|-1.62|0.93|-0.62|7.40|-0.19|0.00|0.00|-13.86|-27.92|-7.17|-49.51|-66227.00|-665.00|-6144.00|-194.00|0.14|-2.61|-1.20|0.14|-0.34|-0.07
63.17457818984985|0.11|20.35|8.43|-0.25|1.47|-0.04|0.00|0.00|-0.00|4.34|0.04|0.88|-0.34|0.24|0.26|0.00|0.00|-13.01|-27.91|-7.00|-49.58|-66180.00|-614.00|-6144.00|-194.00|4.14|-0.37|1.26|0.08|-0.02|0.09
63.37105202674866|0.14|-14.28|12.74|2.73|0.18|0.05|-0.00|0.00|-0.00|1.62|2.47|1.40|-0.30|10.32|-0.07|0.00|0.00|-12.70|-27.44|-6.73|-49.64|-64209.00|-627.00|-6144.00|-194.00|0.35|3.26|1.27|0.65|-0.01|-0.58
63.5715229511261|0.10|-13.07|-20.48|-0.30|-1.14|-0.02|0.00|0.00|-0.00|-0.93|-1.52|1.34|-0.52|6.43|-0.02|0.00|0.00|-12.88|-27.74|-6.47|-49.74|-62956.00|-630.00|-6144.00|-194.00|-1.85|-2.02|-1.26|0.57|-0.28|-0.44
63.764020919799805|0.09|2.21|10.87|-8.40|2.30|-0.03|0.00|0.00|-0.00|-0.49|0.67|-0.35|-0.06|0.21|0.00|0.00|0.00|-12.98|-27.60|-6.54|-49.75|-62913.00|-630.00|-6144.00|-194.00|-0.41|0.32|0.17|-1.11|0.12|1.12
63.96142792701721|0.10|35.89|-35.78|8.16|-2.05|0.07|0.00|0.00|-0.00|6.44|-6.23|1.22|-0.45|13.27|0.02|0.00|0.00|-11.74|-28.81|-6.31|-49.84|-60352.00|-627.00|-6144.00|-194.00|4.24|-7.41|-5.03|0.43|-0.21|-0.58
64.16213583946228|0.14|-32.73|36.96|-0.32|-0.34|-0.04|-0.00|0.00|-0.00|-0.01|1.05|1.16|-0.52|5.15|-0.18|0.00|0.00|-11.74|-28.60|-6.08|-49.94|-59337.00|-662.00|-6144.00|-194.00|-0.52|0.70|0.63|0.45|-0.31|-0.35
64.35863423347473|0.12|-8.43|-2.71|-2.46|0.47|-0.02|0.00|0.00|-0.00|-1.68|0.51|0.67|-0.43|1.35|-0.08|0.00|0.00|-12.07|-28.50|-5.95|-50.02|-59069.00|-678.00|-6144.00|-194.00|-1.01|1.60|0.80|-0.02|-0.28|0.06
64.55916571617126|0.09|192.04|-55.57|8.74|-0.82|-0.20|0.00|0.00|-0.00|35.96|-10.38|2.38|-0.59|-37.39|-0.03|0.00|0.00|-5.02|-30.53|-5.48|-50.14|-66397.00|-683.00|-6144.00|-194.00|-8.78|-3.15|1.81|1.75|-0.28|-2.44
64.75957536697388|0.09|-196.59|42.15|-11.27|0.81|0.07|0.00|0.00|-0.00|-3.75|-1.87|0.11|-0.42|-22.27|0.04|0.00|0.00|-5.78|-30.91|-5.46|-50.22|-70896.00|-675.00|-6144.00|-194.00|-5.53|-1.41|0.34|-0.56|-0.22|0.54
64.95204281806946|0.08|21.11|-4.83|9.14|1.04|0.10|0.00|0.00|-0.00|0.45|-2.83|1.92|-0.22|-2.98|0.21|0.00|0.00|-5.69|-31.47|-5.08|-50.27|-71489.00|-633.00|-6144.00|-194.00|1.60|-3.36|-0.93|1.30|-0.05|-1.48
65.14860105514526|0.08|-18.81|11.20|-4.78|-0.44|0.01|0.00|0.00|-0.00|-3.20|-0.65|1.00|-0.30|-1.92|0.40|0.00|0.00|-6.31|-31.60|-4.88|-50.32|-71862.00|-555.00|-6144.00|-194.00|-2.82|-1.00|-0.15|0.40|-0.16|-0.38
65.34102034568787|0.09|0.26|14.14|-2.51|3.32|0.00|-0.00|0.00|-0.00|-3.14|2.15|0.50|0.36|-1.59|0.30|0.00|0.00|-6.93|-31.17|-4.78|-50.25|-72176.00|-496.00|-6144.00|-194.00|-2.15|2.88|2.23|-0.13|0.53|0.23
65.53748226165771|0.10|36.92|-55.27|-0.50|0.26|0.01|-0.00|0.00|-0.00|3.91|-8.41|0.41|0.41|0.07|0.16|0.00|0.00|-6.19|-32.78|-4.71|-50.18|-72163.00|-466.00|-6144.00|-194.00|4.75|-8.87|-3.96|-0.19|0.60|0.41
65.72990870475769|0.10|37.84|9.81|0.51|-2.03|0.03|-0.00|0.00|-0.00|11.21|-6.52|0.50|0.01|5.45|-0.30|0.00|0.00|-4.02|-34.04|-4.61|-50.17|-71112.00|-524.00|-6144.00|-194.00|11.73|-7.12|-3.43|-0.10|0.22|-0.09
65.92740082740784|0.10|-94.03|81.29|4.75|-4.40|0.04|0.00|0.00|-0.00|-7.22|9.42|1.44|-0.85|12.83|-0.29|0.00|0.00|-5.44|-32.19|-4.33|-50.34|-68598.00|-580.00|-6144.00|-194.00|-7.76|10.30|4.97|0.86|-0.69|-0.97
66.12386202812195|0.09|-22.51|-6.86|-7.69|5.65|-0.04|0.00|0.00|-0.00|-11.65|8.06|-0.08|0.26|4.60|0.35|0.00|0.00|-7.73|-30.60|-4.34|-50.29|-67692.00|-511.00|-6144.00|-194.00|-11.18|7.43|2.89|-0.67|0.36|0.41
66.32437920570374|0.09|27.25|-45.80|4.68|-4.50|-0.03|0.00|0.00|-0.00|-6.34|-0.87|0.83|-0.61|-1.27|0.39|0.00|0.00|-8.97|-30.77|-4.18|-50.41|-67940.00|-435.00|-6144.00|-194.00|-5.30|-2.35|-3.25|0.31|-0.43|-0.17
66.51646828651428|0.10|2.31|13.13|-3.13|0.48|0.01|0.00|0.00|-0.00|-5.88|1.75|0.21|-0.52|-0.21|0.73|0.00|0.00|-10.14|-30.43|-4.14|-50.51|-67982.00|-290.00|-6144.00|-194.00|-5.47|0.49|-0.79|-0.31|-0.36|0.54
66.71292209625244|0.10|17.45|-21.80|-0.83|2.78|0.00|0.00|0.00|-0.00|-2.49|-2.48|0.05|0.02|0.23|1.14|0.00|0.00|-10.62|-30.91|-4.13|-50.51|-67938.00|-69.00|-6144.00|-194.00|-1.74|-3.42|-3.89|-0.48|0.19|0.57
66.91039633750916|0.10|50.14|-67.89|2.78|-0.29|0.00|-0.00|0.00|-0.00|7.28|-15.72|0.59|-0.03|0.37|1.08|0.00|0.00|-9.20|-33.97|-4.01|-50.51|-67865.00|142.00|-6144.00|-194.00|7.68|-16.54|-15.57|0.04|0.10|0.11
67.10291385650635|0.09|-32.28|71.89|3.92|-0.28|-0.00|-0.00|0.00|-0.00|0.96|-1.63|1.36|-0.09|0.11|0.26|0.00|0.00|-9.02|-34.29|-3.75|-50.53|-67843.00|193.00|-6144.00|-194.00|1.25|-2.06|-2.48|0.89|0.13|-0.79
67.30336809158325|0.08|-6.37|7.44|-2.76|-0.55|-0.00|-0.00|0.00|-0.00|-0.28|-0.19|0.83|-0.20|-0.01|-0.05|0.00|0.00|-9.07|-34.33|-3.59|-50.57|-67845.00|184.00|-6144.00|-194.00|-0.18|-1.16|-0.99|0.31|-0.04|-0.36
67.49190783500671|0.09|9.41|-14.33|-0.62|2.06|0.00|0.00|0.00|-0.00|1.59|-3.04|0.70|0.21|0.01|0.13|0.00|0.00|-8.75|-34.93|-3.45|-50.53|-67844.00|210.00|-6144.00|-194.00|1.80|-3.85|-3.58|0.23|0.31|0.05
67.68441557884216|0.09|1.10|0.56|1.01|-2.67|-0.00|0.00|0.00|-0.00|1.80|-2.93|0.89|-0.29|-0.14|0.28|0.00|0.00|-8.41|-35.49|-3.28|-50.58|-67871.00|262.00|-6144.00|-194.00|1.59|-3.61|-3.92|0.40|-0.17|-0.58
67.88087725639343|0.10|-15.61|24.62|-5.85|2.50|-0.01|-0.00|0.00|-0.00|-1.21|1.82|-0.24|0.19|-2.62|0.13|0.00|0.00|-8.65|-35.14|-3.32|-50.54|-68377.00|288.00|-6144.00|-194.00|-0.56|0.64|0.77|-0.70|0.30|0.57
68.0733540058136|0.10|8.37|-5.82|3.61|-2.65|-0.01|-0.00|0.00|-0.00|0.41|0.70|0.46|-0.32|-5.49|-0.01|0.00|0.00|-8.57|-35.00|-3.23|-50.61|-69437.00|287.00|-6144.00|-194.00|0.55|0.49|0.45|0.01|-0.21|-0.29
68.26989221572876|0.10|-10.95|35.78|-2.76|2.71|-0.06|-0.00|0.00|-0.00|-1.71|7.60|-0.07|0.20|-16.67|-0.12|0.00|0.00|-8.90|-33.53|-3.25|-50.57|-72654.00|264.00|-6144.00|-194.00|-1.69|7.77|9.91|-0.54|0.28|0.35
68.46630644798279|0.09|-5.16|26.29|6.35|-2.78|0.05|-0.00|0.00|-0.00|-2.72|12.76|1.17|-0.34|-7.17|-0.45|0.00|0.00|-9.43|-31.03|-3.02|-50.63|-74059.00|175.00|-6144.00|-194.00|-1.53|12.00|10.17|0.77|-0.25|-0.87
68.65878891944885|0.10|-13.67|-22.71|-1.18|1.99|0.04|0.00|0.00|-0.00|-5.42|8.26|0.94|0.05|0.17|-0.01|0.00|0.00|-10.50|-29.40|-2.83|-50.62|-74025.00|174.00|-6144.00|-194.00|-5.43|7.10|3.21|0.49|0.13|-0.52
68.85522842407227|0.08|19.28|-5.07|-5.52|-1.19|0.02|-0.00|0.00|-0.00|-1.68|7.28|-0.13|-0.18|3.40|-0.42|0.00|0.00|-10.83|-27.99|-2.86|-50.66|-73366.00|93.00|-6144.00|-194.00|-1.57|6.71|3.21|-0.57|-0.07|0.54
69.04776549339294|0.08|2.09|-26.46|4.86|0.16|0.10|0.00|0.00|-0.00|-1.28|2.12|0.82|-0.15|22.13|-0.18|0.00|0.00|-11.08|-27.57|-2.70|-50.69|-69051.00|58.00|-6144.00|-194.00|-0.89|2.04|1.33|0.42|-0.08|-0.36
69.24024748802185|0.09|-12.26|18.84|-3.74|0.89|-0.06|0.00|0.00|-0.00|-3.64|5.75|0.10|0.02|11.39|-0.03|0.00|0.00|-11.78|-26.46|-2.68|-50.68|-66852.00|52.00|-6144.00|-194.00|-4.31|6.61|4.10|-0.33|0.07|0.37
69.43674659729004|0.10|19.59|-29.14|5.07|-2.71|0.02|0.00|0.00|-0.00|0.14|0.13|1.07|-0.50|15.25|-0.01|0.00|0.00|-11.75|-26.44|-2.47|-50.78|-63908.00|51.00|-6144.00|-194.00|0.35|-0.14|0.17|0.68|-0.43|-0.43
69.6341667175293|0.10|30.36|-90.19|-3.95|2.84|-0.01|-0.00|0.00|-0.00|6.03|-17.37|0.31|0.05|12.39|-0.35|0.00|0.00|-10.59|-29.81|-2.41|-50.77|-61504.00|-17.00|-6144.00|-194.00|6.63|-18.98|-12.36|-0.09|0.15|0.34
69.83464813232422|0.09|-43.32|80.92|-1.87|-0.59|-0.10|0.00|0.00|-0.00|-2.59|-1.26|-0.07|-0.07|-6.69|0.07|0.00|0.00|-11.10|-30.06|-2.43|-50.78|-62836.00|-3.00|-6144.00|-194.00|-2.55|-0.55|-1.22|-0.42|0.02|0.74
70.03116488456726|0.09|13.66|1.31|4.47|-0.86|0.02|-0.00|0.00|-0.00|0.12|-1.00|0.82|-0.24|-2.71|-0.04|0.00|0.00|-11.08|-30.26|-2.26|-50.83|-63376.00|-10.00|-6144.00|-194.00|0.37|-1.16|-0.85|0.48|-0.17|-0.23
70.22361469268799|0.09|-3.73|8.20|-2.18|0.12|0.00|-0.00|0.00|-0.00|-0.61|0.60|0.40|-0.21|-2.10|-0.09|0.00|0.00|-11.20|-30.14|-2.18|-50.87|-63787.00|-27.00|-6144.00|-194.00|-0.69|0.30|0.39|0.04|-0.13|-0.01
70.41609215736389|0.09|4.25|-2.38|2.73|1.07|0.01|0.00|0.00|-0.00|0.22|0.14|0.93|-0.01|-0.83|-0.03|0.00|0.00|-11.15|-30.11|-2.00|-50.87|-63948.00|-32.00|-6144.00|-194.00|0.14|-0.34|-0.18|0.62|0.05|-0.38
70.61258482933044|0.10|-1.57|0.07|-2.95|-0.68|-0.01|0.00|0.00|-0.00|-0.09|0.16|0.36|-0.14|-2.71|0.03|0.00|0.00|-11.17|-30.08|-1.94|-50.90|-64468.00|-26.00|-6144.00|-194.00|-0.34|0.21|0.23|0.05|-0.07|-0.01
70.80107879638672|0.10|-2.64|8.94|1.09|0.33|0.01|-0.00|0.00|-0.00|-0.60|1.88|0.57|-0.07|-0.99|0.03|0.00|0.00|-11.28|-29.72|-1.83|-50.91|-64660.00|-20.00|-6144.00|-194.00|-0.76|1.95|1.78|0.27|0.07|-0.24
70.99756479263306|0.08|2.82|-9.04|-2.06|0.04|0.00|-0.00|0.00|-0.00|-0.05|0.15|0.17|-0.07|-0.52|-0.03|0.00|0.00|-11.29|-29.69|-1.79|-50.93|-64759.00|-25.00|-6144.00|-194.00|0.09|-0.20|-0.24|-0.15|0.02|0.03
71.18980765342712|0.09|-0.79|29.67|2.33|-1.44|-0.06|0.00|0.00|-0.00|-0.21|5.90|0.63|-0.35|-11.71|0.10|0.00|0.00|-11.34|-28.55|-1.67|-51.00|-67030.00|-6.00|-6144.00|-194.00|-1.80|5.17|6.07|0.31|-0.27|0.11
71.38723850250244|0.10|-3.43|-23.68|-1.74|2.54|-0.04|-0.00|0.00|-0.00|-0.87|1.31|0.29|0.15|-20.19|-0.04|0.00|0.00|-11.50|-28.29|-1.61|-50.97|-70947.00|-14.00|-6144.00|-194.00|-0.75|1.08|0.94|0.02|0.25|-0.14
71.57972764968872|0.10|4.25|-3.79|2.20|-3.94|0.10|0.00|0.00|-0.00|-0.04|0.57|0.72|-0.63|-0.23|0.00|0.00|0.00|-11.51|-28.18|-1.47|-51.09|-70993.00|-14.00|-6144.00|-194.00|-0.09|0.42|0.53|0.45|-0.53|-0.50
71.77623915672302|0.09|0.17|-3.92|-2.12|3.10|0.00|0.00|0.00|-0.00|-0.01|-0.19|0.31|-0.03|-0.05|-0.02|0.00|0.00|-11.51|-28.22|-1.41|-51.10|-71003.00|-18.00|-6144.00|-194.00|-0.03|-0.08|-0.18|0.02|-0.02|-0.14
71.96865248680115|0.10|2.55|-2.31|0.34|0.45|-0.02|0.00|0.00|-0.00|0.49|-0.64|0.38|0.06|-3.36|-0.01|0.00|0.00|-11.42|-28.34|-1.34|-51.08|-71664.00|-19.00|-6144.00|-194.00|0.55|-0.66|-0.45|0.10|0.02|-0.21
72.16517305374146|0.09|-3.44|5.91|-0.44|-0.88|0.01|-0.00|0.00|-0.00|-0.17|0.49|0.29|-0.11|-0.93|-0.01|0.00|0.00|-11.45|-28.25|-1.28|-51.10|-71843.00|-20.00|-6144.00|-194.00|-0.17|0.36|0.37|0.02|-0.10|-0.04
72.35765671730042|0.10|0.02|-2.80|0.23|0.82|0.02|0.00|0.00|-0.00|-0.16|-0.06|0.34|0.05|2.38|0.05|0.00|0.00|-11.48|-28.26|-1.22|-51.09|-71376.00|-10.00|-6144.00|-194.00|-0.41|-0.43|-0.45|0.07|0.08|-0.18
72.55012059211731|0.09|-2.44|-3.41|-1.35|1.07|0.00|-0.00|0.00|-0.00|-0.63|-0.71|0.08|0.26|3.05|0.03|0.00|0.00|-11.60|-28.40|-1.20|-51.05|-70793.00|-4.00|-6144.00|-194.00|-0.58|0.17|-0.24|-0.18|0.30|-0.04
72.74260401725769|0.10|-0.18|6.50|4.95|-3.51|0.04|-0.00|0.00|-0.00|-0.66|0.55|1.04|-0.42|10.96|0.00|0.00|0.00|-11.73|-28.29|-1.00|-51.13|-68667.00|-4.00|-6144.00|-194.00|0.05|0.27|0.39|0.77|-0.39|-0.78
72.9351110458374|0.09|4.13|-6.91|-4.95|1.48|-0.05|-0.00|0.00|-0.00|0.12|-0.76|0.10|-0.14|1.85|0.02|0.00|0.00|-11.71|-28.43|-0.98|-51.15|-68315.00|0.00|-6144.00|-194.00|0.06|-0.96|-1.02|-0.15|-0.13|0.31
73.1275863647461|0.09|-0.52|0.23|2.38|-0.08|-0.01|0.00|0.00|-0.00|0.02|-0.72|0.56|-0.16|0.01|0.02|0.00|0.00|-11.70|-28.57|-0.87|-51.18|-68314.00|-4.00|-6144.00|-194.00|-0.14|-0.75|-0.83|0.33|-0.13|-0.41
73.32407140731812|0.10|0.27|-2.10|-3.71|0.82|-0.00|-0.00|0.00|-0.00|0.07|-1.12|-0.16|0.00|-0.34|-0.01|0.00|0.00|-11.69|-28.79|-0.90|-51.18|-68380.00|-5.00|-6144.00|-194.00|0.24|-0.98|-1.15|-0.39|0.02|0.34
73.51255011558533|0.10|4.03|-0.08|3.40|2.17|-0.01|0.00|0.00|-0.00|0.86|-1.14|0.51|0.42|-1.82|0.02|0.00|0.00|-11.52|-29.01|-0.80|-51.10|-68734.00|-1.00|-6144.00|-194.00|0.52|-1.33|-1.28|0.25|0.41|-0.18
73.70515155792236|0.09|0.86|4.86|-3.18|-1.33|-0.04|0.00|0.00|-0.00|1.02|-0.21|-0.10|0.17|-8.69|0.03|0.00|0.00|-11.33|-29.05|-0.82|-51.07|-70385.00|5.00|-6144.00|-194.00|1.11|0.58|0.65|-0.35|0.21|0.28
73.89355278015137|0.08|-2.45|8.56|2.24|-1.00|0.02|0.00|0.00|-0.00|0.56|1.41|0.33|-0.02|-4.71|0.24|0.00|0.00|-11.22|-28.78|-0.76|-51.07|-71279.00|51.00|-6144.00|-194.00|0.81|1.62|1.47|0.11|0.05|-0.06
74.08604288101196|0.09|-12.27|13.54|-0.32|-1.99|0.03|-0.00|0.00|-0.00|-1.75|3.96|0.27|-0.39|0.03|0.16|0.00|0.00|-11.55|-28.04|-0.71|-51.15|-71274.00|82.00|-6144.00|-194.00|-1.74|3.63|3.15|0.05|-0.39|0.00
74.27811193466187|0.10|4.45|-1.47|-0.00|1.57|0.00|-0.00|0.00|-0.00|-0.89|3.67|0.27|-0.09|0.04|-0.06|0.00|0.00|-11.72|-27.33|-0.66|-51.16|-71267.00|71.00|-6144.00|-194.00|-0.82|4.04|3.65|0.07|-0.04|-0.09
74.46660256385803|0.08|0.32|-8.88|-0.72|0.70|0.00|0.00|0.00|-0.00|-0.83|1.97|0.13|0.05|0.92|-0.05|0.00|0.00|-11.88|-26.95|-0.63|-51.16|-71090.00|61.00|-6144.00|-194.00|-0.85|1.98|1.59|-0.10|0.07|0.02
74.66379761695862|0.09|3.75|-12.86|1.78|0.70|0.04|-0.00|0.00|-0.00|-0.12|-0.46|0.47|0.18|9.06|-0.10|0.00|0.00|-11.90|-27.04|-0.54|-51.12|-69377.00|43.00|-6144.00|-194.00|-0.21|-0.66|-0.56|0.27|0.16|-0.10
74.8561806678772|0.10|-2.93|4.81|0.16|-1.54|0.01|0.00|0.00|-0.00|-0.68|0.46|0.50|-0.12|11.26|-0.07|0.00|0.00|-12.04|-26.95|-0.45|-51.14|-67204.00|30.00|-6144.00|-194.00|-0.34|0.33|0.14|0.30|-0.08|-0.30
75.0487208366394|0.09|1.60|0.53|-1.26|0.31|-0.01|-0.00|0.00|-0.00|-0.38|0.57|0.25|-0.06|9.20|-0.26|0.00|0.00|-12.11|-26.84|-0.40|-51.16|-65428.00|-20.00|-6144.00|-194.00|-0.15|-0.03|0.16|0.05|-0.04|-0.15
75.2409782409668|0.09|3.16|-9.03|0.32|0.58|-0.02|0.00|0.00|-0.00|0.24|-1.19|0.32|0.05|5.87|-0.07|0.00|0.00|-12.06|-27.07|-0.34|-51.15|-64289.00|-34.00|-6144.00|-194.00|0.31|-1.39|-0.99|0.10|0.04|-0.10
75.43349409103394|0.09|1.11|3.71|-1.93|-0.42|-0.03|0.00|0.00|-0.00|0.45|-0.47|-0.05|-0.03|0.24|-0.01|0.00|0.00|-11.98|-27.16|-0.35|-51.15|-64243.00|-36.00|-6144.00|-194.00|0.57|-0.86|-0.28|-0.25|0.01|0.25
75.63008236885071|0.08|-0.41|-2.52|1.68|0.17|-0.00|-0.00|0.00|-0.00|0.37|-0.96|0.27|0.01|-0.04|-0.05|0.00|0.00|-11.90|-27.35|-0.29|-51.15|-64251.00|-46.00|-6144.00|-194.00|0.15|-0.92|-0.67|0.08|0.04|-0.14
75.81897234916687|0.09|3.21|2.83|1.22|0.29|-0.03|0.00|0.00|-0.00|1.00|-0.41|0.51|0.06|-6.12|0.07|0.00|0.00|-11.71|-27.43|-0.20|-51.14|-65445.00|-33.00|-6144.00|-194.00|0.82|0.62|0.54|0.33|0.07|-0.20
76.01145696640015|0.10|-0.38|11.02|-3.23|0.75|-0.03|0.00|0.00|-0.00|0.93|1.66|-0.10|0.20|-12.40|0.42|0.00|0.00|-11.54|-27.11|-0.21|-51.10|-67777.00|46.00|-6144.00|-194.00|1.22|2.73|3.30|-0.27|0.21|0.51
76.19900727272034|0.11|-9.36|4.24|4.35|0.39|0.06|-0.00|0.00|-0.00|-0.87|2.48|0.74|0.28|-0.28|-0.05|0.00|0.00|-11.70|-26.64|-0.07|-51.05|-67830.00|37.00|-6144.00|-194.00|-0.95|2.65|2.04|0.59|0.28|-0.49
76.39218497276306|0.10|43.91|-6.71|-4.04|-0.48|0.00|-0.00|0.00|-0.00|7.43|1.21|-0.02|0.19|0.06|-0.06|0.00|0.00|-10.30|-26.41|-0.08|-51.01|-67818.00|25.00|-6144.00|-194.00|7.15|0.94|-0.25|-0.19|0.25|0.28
76.58068537712097|0.09|-33.33|24.98|8.45|0.78|0.00|-0.00|0.00|-0.00|1.00|6.03|1.61|0.34|0.10|-0.09|0.00|0.00|-10.11|-25.25|0.23|-50.94|-67799.00|8.00|-6144.00|-194.00|0.86|6.24|3.43|1.49|0.41|-0.23
76.76917672157288|0.10|16.51|3.46|-3.02|-1.77|0.01|-0.00|0.00|-0.00|4.08|6.68|1.04|0.01|2.49|-0.15|0.00|0.00|-9.34|-24.00|0.43|-50.94|-67333.00|-20.00|-6144.00|-194.00|4.66|7.14|2.42|0.92|0.08|-0.26
76.96567010879517|0.09|-22.91|-22.06|-9.51|3.54|0.07|-0.00|0.00|-0.00|-0.22|2.53|-0.75|0.67|16.07|-0.16|0.00|0.00|-9.39|-23.52|0.29|-50.82|-64312.00|-51.00|-6144.00|-194.00|-0.27|2.81|0.97|-0.88|0.71|0.83
77.16214418411255|0.09|-11.83|-22.86|0.02|-3.56|-0.01|0.00|0.00|-0.00|-2.53|-1.93|-0.74|-0.02|14.58|0.01|0.00|0.00|-9.88|-23.90|0.14|-50.82|-61469.00|-49.00|-6144.00|-194.00|-2.14|-1.61|-0.42|-0.88|0.02|1.35
77.34998345375061|0.08|12.36|7.46|6.28|0.96|-0.07|0.00|0.00|-0.00|-0.08|-0.45|0.50|0.17|-0.01|0.02|0.00|0.00|-9.90|-23.99|0.24|-50.79|-61470.00|-46.00|-6144.00|-194.00|0.14|-0.29|0.02|0.40|0.21|-0.17
77.5474545955658|0.08|-1.11|-9.78|-1.70|-2.30|0.00|-0.00|0.00|-0.00|-0.29|-2.30|0.18|-0.27|0.00|-0.02|0.00|0.00|-9.95|-24.42|0.28|-50.84|-61470.00|-49.00|-6144.00|-194.00|0.11|-2.08|-0.70|0.05|-0.17|-0.14
77.74394416809082|0.07|-12.10|4.48|-1.86|0.36|0.00|0.00|0.00|-0.00|-2.67|-1.42|-0.19|-0.20|-0.56|0.00|0.00|0.00|-10.47|-24.70|0.24|-50.87|-61579.00|-49.00|-6144.00|-194.00|-1.91|-1.10|0.08|-0.25|-0.10|0.03
77.93642616271973|0.05|12.01|1.42|-0.05|1.80|0.00|0.00|0.00|-0.00|-0.34|-1.15|-0.19|0.15|-0.22|0.04|0.00|0.00|-10.54|-24.92|0.20|-50.85|-61622.00|-42.00|-6144.00|-194.00|0.40|-0.96|0.27|-0.33|0.21|0.17
78.13286352157593|0.09|-11.24|-10.66|3.36|-1.64|-0.04|-0.00|0.00|-0.00|-2.49|-3.19|0.45|-0.16|-7.93|-0.01|0.00|0.00|-11.02|-25.54|0.29|-50.88|-63144.00|-43.00|-6144.00|-194.00|0.03|-2.60|-1.40|0.33|-0.14|-0.01
78.32532548904419|0.12|19.93|9.19|-1.78|2.60|-0.04|0.00|0.00|-0.00|1.47|-1.36|0.10|0.36|-16.71|0.04|0.00|0.00|-10.73|-25.81|0.31|-50.80|-66469.00|-36.00|-6144.00|-194.00|1.69|-0.14|-0.02|-0.01|0.41|0.43
78.51781702041626|0.10|-7.02|4.99|0.97|-1.80|-0.02|0.00|0.00|-0.00|0.12|-0.40|0.28|0.01|-19.73|0.10|0.00|0.00|-10.70|-25.88|0.36|-50.80|-70276.00|-16.00|-6144.00|-194.00|-0.40|0.18|0.05|0.14|0.08|-0.17
78.70579147338867|0.10|8.49|1.32|3.85|-0.86|0.04|0.00|0.00|-0.00|1.74|-0.15|1.02|-0.15|-11.22|0.13|0.00|0.00|-10.37|-25.91|0.56|-50.83|-72419.00|9.00|-6144.00|-194.00|1.98|0.35|0.94|0.91|-0.11|-1.01
78.90225005149841|0.11|-10.17|-2.28|-3.76|-0.22|0.05|-0.00|0.00|-0.00|-0.18|-0.58|0.31|-0.19|-2.46|-0.04|0.00|0.00|-10.41|-26.02|0.61|-50.87|-72884.00|2.00|-6144.00|-194.00|0.15|-0.74|-0.30|0.20|-0.14|-0.18
79.09475302696228|0.12|5.39|10.68|-1.75|0.58|-0.00|0.00|0.00|-0.00|0.87|1.51|-0.04|-0.08|-2.90|0.01|0.00|0.00|-10.24|-25.73|0.61|-50.88|-73453.00|4.00|-6144.00|-194.00|1.16|1.63|0.94|-0.13|-0.07|0.19
79.28786849975586|0.12|-13.55|-2.06|-0.18|-1.09|0.02|-0.00|0.00|-0.00|-1.70|1.12|-0.07|-0.29|0.01|0.01|0.00|0.00|-10.56|-25.51|0.59|-50.94|-73452.00|5.00|-6144.00|-194.00|-1.80|1.45|0.63|-0.18|-0.24|0.26
79.48433995246887|0.10|-38.75|-25.94|-0.17|0.60|0.06|0.00|0.00|-0.00|-9.18|-3.88|-0.10|-0.17|12.17|0.05|0.00|0.00|-12.33|-26.26|0.57|-50.97|-71103.00|14.00|-6144.00|-194.00|-10.02|-3.51|-0.80|-0.22|-0.19|0.20
79.67689776420593|0.12|72.10|24.80|-0.28|1.24|-0.03|-0.00|0.00|-0.00|5.17|1.05|-0.16|0.07|5.72|-0.09|0.00|0.00|-11.30|-26.05|0.54|-50.96|-69965.00|-3.00|-6144.00|-194.00|5.19|1.46|2.13|-0.25|0.15|0.20
79.87332248687744|0.12|41.48|-24.92|-0.93|-0.46|0.03|-0.00|0.00|-0.00|13.09|-3.71|-0.33|-0.01|12.25|-0.13|0.00|0.00|-8.80|-26.76|0.48|-50.96|-67625.00|-28.00|-6144.00|-194.00|13.16|-3.36|-1.14|-0.42|0.02|0.52
80.06627249717712|0.11|-55.42|4.55|2.36|0.81|-0.03|-0.00|0.00|-0.00|2.12|-2.81|0.13|0.15|6.98|-0.16|0.00|0.00|-8.38|-27.32|0.51|-50.93|-66243.00|-59.00|-6144.00|-194.00|2.23|-2.89|-1.08|0.04|0.21|-0.10
80.26269221305847|0.11|-19.95|0.54|1.21|-2.91|-0.00|0.00|0.00|-0.00|-1.69|-2.71|0.36|-0.41|6.65|0.00|0.00|0.00|-8.71|-27.83|0.58|-51.01|-64972.00|-59.00|-6144.00|-194.00|-1.68|-2.35|-0.41|0.27|-0.39|-0.18
80.45123767852783|0.10|-2.26|24.70|0.08|1.10|-0.03|0.00|0.00|-0.00|-2.13|2.09|0.38|-0.20|0.26|0.02|0.00|0.00|-9.12|-27.43|0.65|-51.05|-64922.00|-56.00|-6144.00|-194.00|-2.31|2.93|1.12|0.30|-0.19|-0.36
80.64318895339966|0.09|18.66|-8.94|-0.15|0.19|0.01|-0.00|0.00|-0.00|1.43|0.38|0.35|-0.16|1.68|-0.19|0.00|0.00|-8.85|-27.36|0.72|-51.08|-64602.00|-93.00|-6144.00|-194.00|1.28|0.58|0.30|0.27|-0.14|-0.06
80.83566188812256|0.12|-25.58|48.79|1.84|1.89|-0.01|0.00|0.00|-0.00|-3.43|9.65|0.70|0.20|0.72|-0.13|0.00|0.00|-9.50|-25.52|0.85|-51.04|-64465.00|-117.00|-6144.00|-194.00|-3.92|9.98|4.54|0.65|0.21|-0.38
81.02813196182251|0.11|-0.96|-36.87|-2.80|-1.70|-0.01|0.00|0.00|-0.00|-3.61|2.57|0.16|-0.13|-1.15|0.56|0.00|0.00|-10.19|-25.03|0.88|-51.06|-64686.00|-10.00|-6144.00|-194.00|-2.69|2.47|0.11|0.07|-0.17|-0.12
81.225106716156|0.11|29.83|-53.87|-3.16|2.78|0.02|-0.00|0.00|-0.00|2.21|-7.93|-0.45|0.41|2.48|-0.13|0.00|0.00|-9.76|-26.58|0.79|-50.98|-64203.00|-35.00|-6144.00|-194.00|2.21|-8.51|-2.83|-0.53|0.44|0.57
81.42151188850403|0.10|2.90|-14.82|1.30|-3.52|-0.01|-0.00|0.00|-0.00|2.77|-10.81|-0.20|-0.27|0.89|-0.23|0.00|0.00|-9.22|-28.67|0.75|-51.04|-64030.00|-79.00|-6144.00|-194.00|0.90|-10.03|-2.68|-0.27|-0.17|0.41
81.61400437355042|0.09|-18.04|70.66|-3.75|2.19|-0.02|0.00|0.00|-0.00|-0.78|3.11|-0.94|0.16|-2.75|-0.07|0.00|0.00|-9.38|-28.06|0.57|-51.00|-64572.00|-93.00|-6144.00|-194.00|-0.66|3.94|2.08|-1.02|0.22|1.18
81.80648612976074|0.12|6.72|-0.66|9.78|-1.95|0.01|-0.00|0.00|-0.00|0.52|2.98|0.96|-0.22|0.15|-0.14|0.00|0.00|-9.28|-27.48|0.76|-51.05|-64543.00|-121.00|-6144.00|-194.00|0.67|2.58|0.77|0.88|-0.17|-0.78
