0.0908043384552002|.00|0.00|0.00|0.84|-52.69|1.68|-52.52|0.00|0.00|0.00|0.00|0.85|0.02|0.63|0.85|0.08|0.62
0.2583441734313965|0.10|-1.84|-0.93|2.11|-0.07|0.00|0.00|0.00|0.00|-0.02|-0.26|0.45|0.21|0.00|0.00|0.00|0.00|0.83|-52.73|1.75|-52.48|0.00|0.00|0.00|0.00|0.84|0.01|0.63|0.84|0.09|0.60
0.4269378185272217|0.10|2.15|2.47|-4.23|0.09|0.00|0.00|0.00|0.00|0.35|0.17|-0.28|0.23|0.00|0.00|0.00|0.00|0.89|-52.70|1.70|-52.44|0.00|0.00|0.00|0.00|0.85|0.02|0.63|0.84|0.08|0.61
0.5950379371643066|0.11|0.06|0.42|3.81|0.42|0.00|0.00|0.00|0.00|0.36|0.24|0.36|0.30|0.00|0.00|0.00|0.00|0.95|-52.66|1.76|-52.39|0.00|0.00|0.00|0.00|0.84|0.02|0.64|0.84|0.08|0.62
0.7626261711120605|0.10|-3.18|-1.09|-1.11|-0.97|0.00|0.00|0.00|0.00|-0.17|0.05|0.17|0.14|0.00|0.00|0.00|0.00|0.92|-52.66|1.79|-52.37|0.00|0.00|0.00|0.00|0.84|0.02|0.63|0.84|0.08|0.61
0.9302816390991211|0.10|1.14|0.54|0.65|0.44|0.00|0.00|0.00|0.00|0.02|0.15|0.29|0.21|0.00|0.00|0.00|0.00|0.93|-52.63|1.84|-52.33|0.00|0.00|0.00|0.00|0.84|0.02|0.63|0.83|0.08|0.62
1.0987441539764404|0.10|0.01|0.28|-1.64|-0.30|0.00|0.00|0.00|0.00|0.02|0.19|0.01|0.16|0.00|0.00|0.00|0.00|0.93|-52.60|1.84|-52.31|0.00|0.00|0.00|0.00|0.84|0.02|0.63|0.84|0.08|0.61
1.2702751159667969|0.09|-2.40|-0.54|-1.17|1.09|0.00|0.00|0.00|0.00|-0.38|0.10|-0.18|0.34|0.00|0.00|0.00|0.00|0.87|-52.58|1.81|-52.25|0.00|0.00|0.00|0.00|0.85|0.01|0.64|0.84|0.10|0.61
1.4388256072998047|0.11|1.62|0.17|-0.82|-1.21|0.00|0.00|0.00|0.00|-0.10|0.13|-0.32|0.14|0.00|0.00|0.00|0.00|0.85|-52.56|1.76|-52.22|0.00|0.00|0.00|0.00|0.85|0.02|0.63|0.84|0.08|0.62
1.6103694438934326|0.12|0.17|-3.72|-5.27|-1.32|0.00|0.00|0.00|0.00|-0.07|-0.50|-1.21|-0.09|0.00|0.00|0.00|0.00|0.84|-52.64|1.55|-52.24|0.00|0.00|0.00|0.00|0.84|0.03|0.64|0.85|0.05|0.62
1.7908999919891357|0.11|12.69|1.29|-62.56|13.07|0.00|0.00|0.00|0.00|2.12|-0.27|-12.04|2.17|0.00|0.00|0.00|0.00|1.21|-52.69|-0.53|-51.86|-29.00|110.00|-4.00|132.00|0.85|0.02|0.63|0.85|0.05|0.62
1.9793815612792969|0.13|-34.69|-1.17|90.79|-14.33|0.00|0.00|0.00|0.00|-4.15|-0.48|4.40|-0.42|0.01|0.23|-0.20|0.00|0.45|-52.78|0.27|-51.94|-27.00|152.00|-40.00|132.00|0.85|-0.03|0.63|0.84|0.06|0.62
2.1678922176361084|0.11|12.51|7.04|244.70|13.53|-0.12|-0.01|0.00|0.00|-1.84|0.82|49.67|2.08|-22.70|-1.86|0.00|-0.14|0.11|-52.63|9.45|-51.55|-4226.00|-193.00|-40.00|107.00|0.85|0.01|0.63|0.82|0.14|0.62
2.368333101272583|0.13|-347.31|238.50|-322.95|82.96|-0.56|-0.00|0.00|-0.00|-67.48|45.89|-11.37|17.76|-128.43|-2.75|0.22|-0.23|-12.64|-43.95|7.30|-48.20|-28499.00|-713.00|2.00|64.00|0.79|-0.12|0.72|0.88|0.13|0.58
2.5767743587493896|0.11|195.70|-35.29|146.46|246.92|0.02|0.00|0.27|-0.00|-27.95|38.77|18.21|67.64|-123.41|-2.00|54.65|-0.79|-18.29|-36.12|10.98|-34.53|-53427.00|-1118.00|11041.00|-95.00|0.70|-0.26|0.82|0.69|0.31|0.82
2.7772865295410156|0.14|100.48|-42.82|-128.02|96.07|0.39|0.01|-0.11|0.01|-7.25|29.95|-8.16|87.43|-42.50|-0.66|32.67|0.92|-19.78|-29.95|9.30|-16.52|-62182.00|-1253.00|17772.00|94.00|0.58|-0.23|0.88|0.79|0.22|0.85
2.978705883026123|0.10|75.50|-191.59|64.05|-435.49|0.41|0.00|0.02|-0.02|7.85|-8.37|4.65|0.33|39.24|-0.45|36.35|-2.76|-18.21|-31.63|10.23|-16.46|-54335.00|-1343.00|25041.00|-458.00|0.54|-0.28|0.89|0.45|0.25|0.90
3.179196357727051|0.09|-32.61|36.82|49.58|-30.07|-0.13|0.00|-0.10|0.01|1.29|-0.97|14.62|-5.71|13.80|-0.22|15.61|-0.47|-17.95|-31.82|13.17|-17.60|-51561.00|-1388.00|28179.00|-552.00|0.58|-0.28|0.87|0.50|0.28|0.86
3.3756556510925293|0.08|13.47|15.13|8.29|56.09|-0.15|0.00|-0.01|0.01|4.03|2.10|16.30|5.68|-16.99|0.00|13.49|0.62|-17.13|-31.40|16.48|-16.45|-55010.00|-1387.00|30918.00|-427.00|0.58|-0.23|0.85|0.48|0.28|0.87
3.5760817527770996|0.07|7.67|-43.07|-105.03|-32.80|0.05|-0.00|-0.01|-0.00|5.51|-6.26|-4.07|-0.69|-7.53|-0.03|11.61|0.49|-16.06|-32.61|15.69|-16.59|-56470.00|-1392.00|33171.00|-331.00|0.55|-0.27|0.87|0.49|0.31|0.88
3.780567169189453|0.10|-41.02|3.20|10.38|-37.35|0.03|-0.00|-0.06|-0.00|-2.81|-5.61|-1.97|-8.27|-1.11|-0.07|-0.98|-0.32|-16.63|-33.75|15.29|-18.26|-56696.00|-1407.00|32972.00|-395.00|0.60|-0.24|0.83|0.50|0.29|0.87
3.9820241928100586|0.10|15.90|23.25|64.88|13.19|-0.08|0.00|0.00|0.00|0.43|-0.86|11.27|-5.58|-17.36|0.14|-0.17|-0.00|-16.55|-33.92|17.59|-19.40|-60237.00|-1379.00|32937.00|-396.00|0.61|-0.25|0.85|0.49|0.30|0.87
4.178500175476074|0.10|-18.93|19.91|-54.15|25.36|0.06|-0.00|-0.00|0.00|-3.34|3.10|0.49|-0.53|-5.78|0.10|-0.24|0.08|-17.21|-33.31|17.69|-19.51|-61387.00|-1360.00|32889.00|-380.00|0.61|-0.26|0.84|0.52|0.34|0.86
4.379024267196655|0.09|1.94|-5.89|19.99|-21.99|-0.13|-0.00|0.00|-0.00|-2.95|1.93|4.45|-4.89|-31.92|-0.09|0.01|-0.04|-17.80|-32.92|18.57|-20.48|-67707.00|-1377.00|32890.00|-387.00|0.62|-0.25|0.88|0.53|0.34|0.84
4.579403638839722|0.07|103.48|-22.68|4.64|15.54|-0.02|0.00|-0.00|0.00|17.74|-2.60|5.38|-1.78|-36.63|0.35|-0.32|0.05|-14.25|-33.44|19.64|-20.83|-75033.00|-1307.00|32826.00|-376.00|0.60|-0.26|0.85|0.54|0.35|0.83
4.780927658081055|0.07|-86.62|-3.66|-29.59|16.14|0.18|-0.00|-0.01|0.00|0.42|-3.34|-0.54|1.45|-0.12|-0.13|-2.76|0.11|-14.16|-34.11|19.54|-20.54|-75057.00|-1333.00|32274.00|-354.00|0.63|-0.22|0.84|0.53|0.37|0.83
4.977378606796265|0.08|0.32|24.64|-29.41|-21.74|-0.00|0.00|-0.02|-0.00|0.48|1.57|-6.39|-2.88|-0.42|0.05|-7.42|-0.17|-14.07|-33.80|18.27|-21.11|-75140.00|-1323.00|30797.00|-387.00|0.62|-0.24|0.83|0.53|0.35|0.84
5.173846244812012|0.10|-11.04|7.50|30.95|12.90|0.00|-0.00|0.02|0.00|-1.72|3.07|-0.20|-0.30|-0.17|0.00|-2.78|0.06|-14.41|-33.19|18.23|-21.17|-75173.00|-1323.00|30241.00|-375.00|0.62|-0.25|0.83|0.54|0.36|0.83
5.370331287384033|0.07|-0.84|7.58|28.55|14.83|0.00|-0.00|0.01|-0.00|-1.89|4.55|5.40|2.61|-0.04|0.01|-0.14|-0.14|-14.78|-32.29|19.28|-20.66|-75181.00|-1322.00|30214.00|-402.00|0.61|-0.25|0.85|0.54|0.35|0.83
5.5667946338653564|0.07|21.90|-17.01|-39.94|-13.32|0.00|0.00|0.00|0.00|2.38|1.24|-2.39|0.01|0.00|0.02|-0.01|0.06|-14.32|-32.05|18.82|-20.66|-75181.00|-1319.00|30212.00|-391.00|0.61|-0.25|0.84|0.53|0.37|0.82
5.763293027877808|0.07|-6.77|0.05|-5.96|-5.73|0.00|-0.00|0.00|-0.00|1.05|1.24|-3.56|-1.11|-0.03|-0.02|0.04|-0.04|-14.11|-31.81|18.12|-20.88|-75186.00|-1323.00|30219.00|-399.00|0.60|-0.26|0.85|0.54|0.35|0.83
5.9597508907318115|0.07|-12.91|-3.78|-15.76|23.39|0.00|0.00|0.04|0.00|-1.48|0.50|-6.65|3.48|-0.01|0.01|7.23|0.23|-14.40|-31.71|16.81|-20.20|-75188.00|-1322.00|31637.00|-354.00|0.61|-0.26|0.85|0.54|0.33|0.83
6.152253866195679|0.09|2.12|8.13|68.43|16.62|0.00|0.00|0.10|0.00|-1.06|2.10|6.76|6.73|-0.01|0.02|26.03|0.50|-14.61|-31.30|18.14|-18.88|-75189.00|-1318.00|36738.00|-256.00|0.60|-0.25|0.85|0.53|0.34|0.85
6.349720478057861|0.08|8.89|-13.11|-49.19|-29.82|0.00|-0.00|-0.10|-0.00|0.64|-0.41|-2.63|1.04|0.00|0.00|6.99|0.22|-14.49|-31.38|17.64|-18.68|-75189.00|-1318.00|38073.00|-214.00|0.60|-0.26|0.84|0.50|0.36|0.85
6.546199560165405|0.08|-8.08|4.69|20.91|-17.98|0.00|-0.00|-0.07|-0.00|-0.96|0.52|1.51|-2.52|0.00|0.00|-7.11|-0.12|-14.68|-31.27|17.94|-19.18|-75189.00|-1318.00|36666.00|-238.00|0.60|-0.27|0.84|0.52|0.35|0.84
6.738744020462036|0.10|6.80|1.42|4.47|26.64|0.00|-0.00|0.01|0.00|0.38|0.80|2.39|2.75|0.01|0.00|-5.85|-0.07|-14.60|-31.12|18.41|-18.63|-75187.00|-1318.00|35507.00|-252.00|0.60|-0.27|0.84|0.51|0.36|0.83
6.939204692840576|0.09|-5.57|-7.51|-15.27|-16.55|0.01|-0.00|0.01|0.00|-0.67|-0.62|-0.51|-0.39|2.43|0.02|-4.33|-0.06|-14.73|-31.23|18.31|-18.71|-74725.00|-1314.00|34684.00|-264.00|0.60|-0.27|0.84|0.51|0.36|0.86
7.131726980209351|0.09|0.07|4.02|2.85|1.20|-0.01|0.00|-0.04|-0.00|-0.66|0.18|0.06|-0.15|0.49|0.05|-12.50|-0.07|-14.86|-31.20|18.33|-18.74|-74628.00|-1304.00|32184.00|-278.00|0.61|-0.27|0.84|0.51|0.37|0.83
7.328171014785767|0.08|12.33|4.95|19.69|-2.50|0.01|-0.00|0.02|-0.00|1.73|1.14|3.88|-0.64|1.60|0.04|-8.38|-0.21|-14.53|-30.98|19.08|-18.86|-74318.00|-1296.00|30558.00|-318.00|0.60|-0.27|0.85|0.52|0.38|0.83
7.520597696304321|0.10|-2.58|3.58|-16.46|8.62|-0.00|-0.00|0.02|0.00|1.23|1.84|0.67|1.04|1.26|0.00|-3.87|-0.11|-14.29|-30.62|19.21|-18.66|-74072.00|-1296.00|29804.00|-340.00|0.61|-0.27|0.84|0.50|0.39|0.82
7.717076063156128|0.07|-2.98|-2.93|0.17|-8.06|0.01|-0.00|-0.04|-0.00|0.65|1.27|0.71|-0.52|3.52|-0.04|-11.64|-0.16|-14.16|-30.37|19.35|-18.76|-73389.00|-1303.00|27546.00|-371.00|0.60|-0.28|0.85|0.51|0.39|0.84
7.909513473510742|0.09|3.25|0.00|-3.16|-1.37|-0.00|-0.00|0.01|0.00|1.29|1.27|0.08|-0.79|2.89|-0.04|-9.51|0.05|-13.91|-30.12|19.36|-18.92|-72820.00|-1311.00|25672.00|-361.00|0.60|-0.27|0.85|0.51|0.39|0.83
8.11002230644226|0.07|-5.22|-6.62|-20.24|-0.41|-0.00|0.00|0.02|-0.00|0.28|-0.02|-3.84|-0.87|2.10|-0.03|-5.28|-0.01|-13.85|-30.13|18.62|-19.09|-72412.00|-1316.00|24647.00|-363.00|0.60|-0.27|0.85|0.52|0.38|0.82
8.307450294494629|0.07|3.78|0.02|23.71|24.36|-0.01|0.00|0.02|-0.00|1.03|-0.01|0.88|3.98|0.13|-0.01|-1.31|-0.09|-13.65|-30.13|18.79|-18.30|-72386.00|-1317.00|24387.00|-380.00|0.60|-0.27|0.84|0.51|0.37|0.84
8.50405764579773|0.08|2.43|2.46|-15.98|-32.25|-0.00|-0.00|-0.00|0.00|1.50|0.47|-2.22|-2.28|0.08|-0.02|-2.25|-0.03|-13.36|-30.04|18.36|-18.74|-72370.00|-1321.00|23950.00|-385.00|0.60|-0.28|0.84|0.50|0.38|0.84
8.700453042984009|0.07|-5.05|1.02|13.75|-8.33|0.00|0.00|-0.00|-0.00|0.49|0.67|0.51|-3.94|0.23|-0.01|-2.70|-0.07|-13.26|-29.91|18.46|-19.52|-72324.00|-1323.00|23413.00|-399.00|0.60|-0.27|0.85|0.51|0.37|0.84
8.896961212158203|0.07|-0.51|-2.10|-19.36|29.57|0.00|-0.00|0.01|0.00|0.39|0.26|-3.26|1.83|0.79|-0.04|-0.03|0.06|-13.18|-29.86|17.83|-19.17|-72169.00|-1331.00|23408.00|-388.00|0.60|-0.27|0.84|0.51|0.38|0.83
9.09740161895752|0.10|-15.75|-7.95|-4.53|-20.79|-0.00|0.00|-0.00|-0.00|-2.69|-1.30|-4.15|-2.25|0.09|0.01|-0.61|-0.10|-13.71|-30.11|17.01|-19.61|-72151.00|-1330.00|23288.00|-407.00|0.60|-0.27|0.84|0.50|0.37|0.85
9.29385781288147|0.07|15.24|4.99|1.98|7.31|-0.00|-0.00|0.00|0.00|0.37|-0.29|-3.75|-0.78|0.01|0.00|-0.06|-0.02|-13.64|-30.17|16.26|-19.76|-72149.00|-1330.00|23275.00|-412.00|0.61|-0.28|0.84|0.51|0.36|0.85
9.486388444900513|0.07|-2.82|2.28|24.01|7.94|-0.00|-0.00|-0.01|0.00|-0.18|0.15|0.93|0.77|0.00|0.00|-1.14|0.06|-13.67|-30.14|16.44|-19.61|-72149.00|-1330.00|23053.00|-400.00|0.61|-0.28|0.85|0.51|0.35|0.85
9.6838219165802|0.09|-1.97|6.91|-15.00|-0.96|-0.00|-0.00|0.00|0.00|-0.56|1.49|-1.98|0.58|0.00|0.00|-0.79|0.08|-13.78|-29.85|16.06|-19.50|-72149.00|-1330.00|22899.00|-385.00|0.61|-0.29|0.84|0.51|0.35|0.84
9.880290031433105|0.07|4.93|-5.47|-5.72|-12.59|-0.00|-0.00|-0.00|-0.00|0.40|0.42|-3.10|-1.87|0.00|0.00|-1.73|-0.04|-13.70|-29.77|15.45|-19.87|-72149.00|-1330.00|22562.00|-392.00|0.61|-0.28|0.84|0.51|0.35|0.85
10.080763578414917|0.09|0.16|-1.87|10.50|19.08|-0.00|-0.00|-0.01|-0.00|0.43|0.05|-1.01|1.92|0.00|0.00|-3.07|-0.13|-13.62|-29.76|15.25|-19.48|-72149.00|-1330.00|21952.00|-417.00|0.61|-0.28|0.84|0.51|0.35|0.84
10.277230262756348|0.10|-2.28|-1.53|10.50|-6.04|-0.00|-0.00|-0.00|0.00|-0.02|-0.25|1.05|0.74|0.00|0.00|-3.19|-0.09|-13.62|-29.81|15.46|-19.34|-72149.00|-1330.00|21326.00|-434.00|0.60|-0.29|0.84|0.51|0.35|0.85
10.465688467025757|0.08|4.60|5.35|0.07|0.98|-0.00|-0.00|0.01|0.00|0.89|0.81|1.06|0.93|0.21|0.01|-1.45|-0.06|-13.44|-29.65|15.67|-19.15|-72107.00|-1329.00|21039.00|-446.00|0.61|-0.29|0.84|0.50|0.34|0.85
10.658255577087402|0.08|4.77|-3.62|5.73|-7.84|0.01|0.00|-0.01|0.00|1.81|0.12|2.16|-0.56|1.70|0.01|-3.13|-0.02|-13.10|-29.62|16.08|-19.26|-71782.00|-1328.00|20442.00|-450.00|0.61|-0.29|0.84|0.51|0.35|0.85
10.854775428771973|0.07|-5.43|-1.07|3.54|2.97|-0.01|-0.00|0.00|-0.00|0.76|-0.09|2.84|0.01|0.39|0.01|-2.83|-0.04|-12.95|-29.64|16.63|-19.26|-71707.00|-1327.00|19899.00|-457.00|0.60|-0.28|0.84|0.50|0.36|0.85
11.047187566757202|0.09|2.32|1.32|-26.53|-16.47|-0.00|0.00|0.01|0.00|1.22|0.17|-2.34|-3.20|0.29|0.02|-1.52|0.05|-12.72|-29.61|16.17|-19.88|-71651.00|-1323.00|19602.00|-448.00|0.61|-0.28|0.84|0.51|0.36|0.86
11.247682094573975|0.07|-3.41|-0.08|-36.92|3.91|-0.00|-0.00|-0.03|-0.00|0.56|0.15|-9.50|-2.45|0.18|0.01|-7.18|0.02|-12.61|-29.58|14.33|-20.36|-71616.00|-1322.00|18209.00|-444.00|0.61|-0.27|0.84|0.51|0.35|0.86
11.444116115570068|0.09|-2.25|4.35|38.96|8.07|0.01|-0.00|0.03|-0.00|0.11|1.02|-1.79|-0.85|2.89|-0.01|-2.05|-0.13|-12.59|-29.38|13.97|-20.53|-71043.00|-1323.00|17803.00|-470.00|0.61|-0.28|0.84|0.51|0.33|0.85
11.632619142532349|0.09|1.11|0.32|8.26|7.04|0.01|-0.00|0.00|0.00|0.33|1.08|-0.18|0.53|4.17|-0.03|-1.43|0.01|-12.52|-29.17|13.94|-20.42|-70230.00|-1329.00|17525.00|-469.00|0.60|-0.27|0.83|0.51|0.32|0.86
11.825104236602783|0.05|0.93|-5.00|5.00|-14.50|-0.00|0.00|0.01|0.00|0.50|0.13|0.78|-2.23|3.36|-0.01|-0.47|0.05|-12.43|-29.14|14.09|-20.85|-69592.00|-1331.00|17435.00|-459.00|0.61|-0.28|0.85|0.52|0.32|0.86
12.026565790176392|0.10|-7.58|-14.27|-14.84|9.10|-0.01|0.00|0.00|-0.00|-0.96|-2.62|-2.09|-0.47|0.65|0.00|-0.19|0.03|-12.61|-29.65|13.68|-20.94|-69466.00|-1331.00|17398.00|-454.00|0.60|-0.27|0.84|0.52|0.32|0.85
12.219040870666504|0.07|6.67|17.82|4.52|4.02|-0.00|0.00|-0.01|-0.00|0.37|0.92|-1.19|0.33|0.00|0.00|-1.37|-0.10|-12.54|-29.46|13.45|-20.87|-69466.00|-1331.00|17125.00|-473.00|0.61|-0.27|0.83|0.52|0.32|0.86
12.415520429611206|0.07|-6.35|-11.42|0.35|4.94|-0.00|0.00|0.01|0.00|-0.86|-1.29|-1.12|1.29|0.01|-0.01|-0.03|0.01|-12.71|-29.71|13.23|-20.62|-69465.00|-1332.00|17120.00|-472.00|0.62|-0.28|0.83|0.52|0.32|0.85
12.612099647521973|0.07|8.71|19.11|21.34|-13.28|-0.00|0.00|-0.04|-0.00|0.84|2.43|3.04|-1.30|0.00|0.00|-7.45|-0.03|-12.54|-29.24|13.82|-20.88|-69465.00|-1332.00|15668.00|-478.00|0.62|-0.28|0.83|0.51|0.33|0.86
12.804490327835083|0.08|-1.50|-4.60|-10.42|12.87|-0.00|0.00|0.01|0.00|0.54|1.53|0.99|1.23|0.00|0.00|-4.62|0.03|-12.44|-28.94|14.02|-20.63|-69465.00|-1332.00|14758.00|-472.00|0.60|-0.27|0.84|0.51|0.32|0.85
13.004940032958984|0.07|-7.09|-10.98|-15.86|6.18|-0.00|0.00|0.00|-0.00|-0.83|-0.59|-2.07|2.42|0.00|0.00|-3.95|0.02|-12.60|-29.05|13.62|-20.17|-69465.00|-1332.00|13996.00|-468.00|0.60|-0.26|0.84|0.50|0.32|0.85
13.19743537902832|0.10|2.78|-1.71|15.50|7.96|-0.00|0.00|0.02|0.00|-0.28|-0.93|1.00|4.00|0.09|0.00|-0.62|0.09|-12.65|-29.24|13.81|-19.37|-69448.00|-1332.00|13874.00|-451.00|0.61|-0.27|0.83|0.49|0.33|0.86
13.39391016960144|0.08|-3.60|0.82|-20.19|-18.18|0.00|0.00|0.00|-0.00|-0.97|-0.77|-2.88|0.51|0.25|0.03|0.00|-0.09|-12.84|-29.39|13.26|-19.28|-69400.00|-1327.00|13874.00|-468.00|0.61|-0.28|0.84|0.50|0.31|0.88
13.590387105941772|0.09|4.27|11.68|22.52|-13.41|-0.00|-0.00|0.00|0.00|-0.13|1.53|1.56|-2.13|0.00|0.00|-5.01|0.14|-12.86|-29.08|13.57|-19.70|-69400.00|-1327.00|12888.00|-440.00|0.62|-0.27|0.84|0.49|0.31|0.88
13.786897897720337|0.07|1.79|-3.25|-26.66|12.94|-0.00|-0.00|-0.01|-0.00|0.22|0.89|-3.67|0.41|0.37|0.00|-6.18|0.13|-12.82|-28.91|12.85|-19.62|-69328.00|-1327.00|11677.00|-415.00|0.61|-0.28|0.84|0.50|0.30|0.87
13.984344244003296|0.09|-13.36|-6.94|-10.88|0.64|-0.00|-0.00|0.03|-0.00|-2.40|-0.47|-5.80|0.53|0.26|-0.01|0.01|-0.04|-13.29|-29.00|11.71|-19.51|-69278.00|-1329.00|11679.00|-422.00|0.60|-0.29|0.84|0.50|0.28|0.88
14.180911779403687|0.09|0.58|6.48|24.03|11.46|0.00|0.00|-0.00|0.00|-2.28|0.83|-1.00|2.82|0.31|0.00|-0.05|-0.03|-13.74|-28.84|11.51|-18.95|-69217.00|-1329.00|11670.00|-427.00|0.61|-0.29|0.83|0.49|0.25|0.89
14.377328395843506|0.10|10.01|7.54|-0.85|-16.48|0.01|0.00|-0.01|0.00|-0.35|2.28|-1.16|-0.36|3.06|-0.02|-2.49|0.02|-13.81|-28.40|11.29|-19.02|-68627.00|-1333.00|11190.00|-423.00|0.60|-0.29|0.83|0.49|0.26|0.89
14.569780826568604|0.07|-0.86|-4.67|5.26|2.71|0.00|-0.00|-0.02|-0.00|-0.52|1.36|-0.12|0.18|3.56|-0.05|-7.14|-0.01|-13.91|-28.13|11.26|-18.98|-67925.00|-1343.00|9784.00|-425.00|0.60|-0.30|0.83|0.49|0.26|0.90
14.766246318817139|0.07|-0.84|-3.83|-5.35|-3.38|-0.01|0.00|0.02|0.00|-0.68|0.62|-1.17|-0.48|1.54|0.01|-3.21|0.22|-14.05|-28.01|11.04|-19.08|-67624.00|-1342.00|9159.00|-382.00|0.60|-0.30|0.84|0.48|0.25|0.89
14.958744525909424|0.09|3.11|-2.92|2.75|5.97|0.02|-0.00|0.01|-0.00|-0.08|0.05|-0.63|0.68|5.65|0.00|-1.24|0.10|-14.06|-28.00|10.91|-18.94|-66527.00|-1342.00|8918.00|-362.00|0.59|-0.31|0.83|0.47|0.25|0.88
15.15919041633606|0.11|-7.13|-5.66|-10.36|-13.96|-0.03|-0.00|-0.02|-0.00|-1.45|-1.04|-2.62|-2.01|0.22|-0.01|-4.60|0.00|-14.34|-28.20|10.41|-19.33|-66485.00|-1343.00|8035.00|-362.00|0.59|-0.30|0.83|0.45|0.26|0.92
15.35664176940918|0.16|15.75|9.80|12.84|2.70|-0.00|-0.00|-0.00|-0.00|1.72|0.93|-0.04|-1.46|0.00|-0.01|-5.55|0.08|-13.99|-28.01|10.40|-19.62|-66485.00|-1346.00|6920.00|-346.00|0.60|-0.28|0.83|0.49|0.25|0.89
15.54818058013916|0.13|-5.11|-7.85|8.25|-7.45|-0.00|0.00|0.03|-0.00|0.72|-0.61|1.57|-2.92|0.00|0.00|-0.28|0.00|-13.85|-28.13|10.71|-20.20|-66485.00|-1346.00|6866.00|-346.00|0.60|-0.31|0.84|0.50|0.25|0.89
15.749582529067993|0.10|-2.15|-3.44|-38.71|-23.69|-0.00|0.00|-0.00|-0.00|0.30|-1.27|-5.90|-7.49|0.00|0.00|-0.90|-0.07|-13.80|-28.37|9.57|-21.64|-66485.00|-1346.00|6692.00|-360.00|0.60|-0.30|0.83|0.52|0.28|0.86
15.942211151123047|0.08|2.46|10.63|41.19|46.75|-0.00|0.00|-0.05|-0.00|0.79|0.84|2.30|1.81|0.00|0.00|-9.89|-0.18|-13.64|-28.20|10.03|-21.28|-66485.00|-1346.00|4724.00|-396.00|0.60|-0.31|0.82|0.51|0.26|0.88
16.13860583305359|0.16|-4.06|-8.38|-6.70|-14.11|-0.00|0.00|0.04|0.00|0.00|-0.78|1.00|-0.93|0.00|0.00|-1.22|-0.03|-13.64|-28.36|10.22|-21.46|-66485.00|-1346.00|4487.00|-401.00|0.60|-0.30|0.83|0.53|0.23|0.87
16.331030130386353|0.20|9.30|3.73|-0.94|-5.43|-0.00|0.00|-0.01|0.00|1.82|-0.05|0.82|-1.99|0.00|0.00|-3.22|0.02|-13.28|-28.37|10.38|-21.85|-66485.00|-1346.00|3859.00|-398.00|0.61|-0.31|0.84|0.52|0.24|0.90
16.523547410964966|0.15|-6.64|3.84|-11.19|0.82|-0.00|0.00|0.00|-0.00|0.54|0.69|-1.34|-1.83|0.00|0.00|-2.63|-0.02|-13.18|-28.23|10.12|-22.20|-66485.00|-1346.00|3352.00|-401.00|0.61|-0.30|0.83|0.55|0.24|0.86
16.720025300979614|0.10|-1.88|-7.71|14.32|2.38|-0.00|0.00|0.01|-0.00|0.17|-0.81|1.43|-1.37|0.00|0.00|-0.12|-0.18|-13.15|-28.39|10.40|-22.47|-66485.00|-1346.00|3328.00|-435.00|0.60|-0.30|0.83|0.53|0.24|0.89
16.908535480499268|0.11|5.31|6.90|-2.18|27.39|-0.00|0.00|0.00|0.00|1.21|0.54|1.01|3.97|0.00|0.00|0.11|0.08|-12.91|-28.28|10.60|-21.69|-66485.00|-1346.00|3349.00|-420.00|0.60|-0.30|0.82|0.56|0.23|0.85
17.105014324188232|0.08|-7.96|-3.28|19.69|-7.22|-0.00|0.00|0.09|-0.00|-0.29|-0.08|4.71|2.61|0.00|0.00|17.75|0.04|-12.97|-28.30|11.48|-21.20|-66485.00|-1346.00|6686.00|-412.00|0.61|-0.30|0.81|0.52|0.23|0.88
17.30143642425537|0.07|-6.92|-1.70|-34.64|-17.69|-0.00|0.00|-0.06|-0.00|-1.63|-0.41|-2.01|-0.82|0.00|0.00|6.53|0.04|-13.28|-28.38|11.09|-21.36|-66485.00|-1346.00|7952.00|-405.00|0.61|-0.30|0.84|0.52|0.23|0.88
17.49401569366455|0.07|5.69|1.99|0.59|7.57|-0.00|0.00|0.03|-0.00|-0.51|-0.01|-1.89|0.68|0.00|0.00|12.96|-0.25|-13.38|-28.38|10.72|-21.23|-66485.00|-1346.00|10519.00|-455.00|0.60|-0.31|0.83|0.51|0.23|0.89
17.690476179122925|0.07|1.30|-3.97|-0.86|1.00|-0.00|0.00|-0.05|0.00|-0.25|-0.78|-2.06|0.87|0.00|0.00|4.12|0.02|-13.43|-28.53|10.32|-21.06|-66485.00|-1346.00|11319.00|-452.00|0.62|-0.30|0.84|0.51|0.24|0.89
17.88292360305786|0.08|0.70|6.63|37.69|-23.11|-0.00|0.00|-0.01|-0.00|-0.12|0.50|5.25|-3.61|0.00|0.00|2.64|-0.07|-13.45|-28.44|11.34|-21.76|-66485.00|-1346.00|11831.00|-466.00|0.62|-0.31|0.82|0.54|0.24|0.86
18.076410055160522|0.09|3.39|2.37|-23.59|25.42|-0.00|0.00|0.00|-0.00|0.54|0.96|0.65|1.35|0.00|0.00|3.55|-0.34|-13.35|-28.25|11.47|-21.49|-66485.00|-1346.00|12524.00|-532.00|0.61|-0.31|0.83|0.52|0.24|0.87
18.27184534072876|0.08|-2.46|-6.74|-5.98|24.07|-0.00|0.00|0.01|0.00|0.07|-0.34|-0.50|5.99|1.96|-0.01|5.21|-0.11|-13.34|-28.31|11.37|-20.34|-66107.00|-1348.00|13529.00|-554.00|0.61|-0.31|0.83|0.51|0.25|0.89
18.46937131881714|0.10|0.88|1.59|22.34|-1.47|0.02|0.00|-0.07|-0.00|0.24|-0.03|3.85|5.71|5.04|0.00|-8.26|-0.13|-13.29|-28.32|12.12|-19.23|-65124.00|-1348.00|11918.00|-579.00|0.61|-0.31|0.83|0.50|0.26|0.89
18.661888122558594|0.08|1.40|-0.95|-1.96|-18.60|-0.02|0.00|0.00|0.00|0.51|-0.21|3.47|2.10|1.39|0.00|-8.14|0.21|-13.19|-28.36|12.79|-18.82|-64855.00|-1348.00|10339.00|-538.00|0.61|-0.31|0.82|0.49|0.27|0.89
18.850329875946045|0.10|3.92|9.79|-3.71|-5.33|0.01|0.00|0.03|-0.00|1.27|1.68|2.76|1.07|3.31|0.02|-3.24|0.16|-12.94|-28.04|13.33|-18.61|-64217.00|-1345.00|9713.00|-507.00|0.60|-0.31|0.83|0.48|0.28|0.89
19.042845010757446|0.08|-3.05|-8.05|-3.60|3.48|0.00|-0.00|0.01|-0.00|0.69|0.15|2.07|1.73|3.53|-0.02|-1.92|0.09|-12.81|-28.01|13.72|-18.28|-63546.00|-1349.00|9349.00|-489.00|0.60|-0.31|0.84|0.48|0.28|0.89
19.23930859565735|0.10|0.74|-6.18|-6.57|-22.32|-0.02|0.00|-0.04|0.00|0.83|-1.04|0.81|-2.56|0.36|-0.01|-8.71|0.32|-12.65|-28.21|13.88|-18.77|-63477.00|-1351.00|7677.00|-427.00|0.60|-0.31|0.82|0.48|0.30|0.89
19.431804418563843|0.16|6.22|7.66|-6.81|3.74|-0.00|0.00|-0.00|-0.00|2.04|0.45|-0.52|-1.83|0.00|0.00|-8.86|-0.12|-12.26|-28.12|13.77|-19.13|-63477.00|-1351.00|5950.00|-451.00|0.61|-0.29|0.83|0.48|0.29|0.88
19.628228187561035|0.09|-9.35|3.52|-24.88|-14.00|-0.00|0.00|0.04|0.00|0.24|1.13|-5.32|-4.53|0.00|-0.01|-1.10|-0.08|-12.21|-27.90|12.75|-20.00|-63477.00|-1352.00|5738.00|-467.00|0.60|-0.30|0.83|0.51|0.28|0.89
19.828742504119873|0.12|-6.58|-9.14|24.27|19.66|-0.00|0.00|0.00|-0.00|-1.06|-0.67|-0.54|-0.66|0.00|0.00|-0.43|-0.22|-12.42|-28.03|12.64|-20.13|-63477.00|-1352.00|5654.00|-511.00|0.59|-0.30|0.83|0.47|0.29|0.89
20.025247812271118|0.09|4.47|-0.17|-8.55|-12.04|-0.00|0.00|-0.00|0.00|-0.17|-0.70|-2.23|-3.04|0.07|-0.01|-1.15|0.14|-12.45|-28.17|12.20|-20.74|-63463.00|-1354.00|5427.00|-483.00|0.60|-0.30|0.83|0.50|0.29|0.88
20.221696853637695|0.08|-2.76|-6.69|9.22|14.99|-0.00|0.00|0.01|-0.00|-0.71|-2.02|-0.41|-0.09|0.05|0.00|0.54|-0.02|-12.59|-28.57|12.12|-20.75|-63454.00|-1354.00|5533.00|-486.00|0.60|-0.31|0.84|0.50|0.27|0.87
20.41417145729065|0.09|3.67|11.73|-4.33|-1.80|-0.00|0.00|0.02|-0.00|0.01|0.28|-1.26|-0.44|0.00|0.00|3.72|-0.05|-12.59|-28.52|11.87|-20.84|-63454.00|-1354.00|6263.00|-496.00|0.61|-0.30|0.82|0.50|0.27|0.88
20.602660655975342|0.08|-1.80|2.72|7.15|5.72|-0.00|0.00|-0.02|0.00|-0.34|0.80|0.12|0.66|0.00|0.00|0.02|-0.03|-12.66|-28.36|11.90|-20.71|-63454.00|-1354.00|6266.00|-502.00|0.60|-0.31|0.83|0.50|0.27|0.88
20.80009698867798|0.09|-2.13|-0.81|-8.85|7.17|-0.00|0.00|-0.01|-0.00|-0.75|0.65|-1.57|2.03|0.00|0.00|-2.28|-0.07|-12.80|-28.24|11.60|-20.32|-63454.00|-1354.00|5831.00|-515.00|0.59|-0.30|0.83|0.50|0.27|0.89
21.0006103515625|0.12|3.92|-6.39|-17.72|-12.09|-0.00|0.00|-0.00|0.00|0.02|-0.60|-5.03|-0.33|0.00|0.00|-2.98|-0.03|-12.80|-28.35|10.62|-20.39|-63454.00|-1354.00|5250.00|-520.00|0.60|-0.31|0.82|0.50|0.30|0.89
21.193050861358643|0.13|0.17|-4.67|23.35|-0.51|-0.00|0.00|0.02|-0.00|0.05|-1.52|-0.40|-0.43|0.00|0.00|-0.01|-0.07|-12.79|-28.65|10.54|-20.47|-63454.00|-1354.00|5249.00|-534.00|0.60|-0.31|0.84|0.50|0.26|0.89
21.38154411315918|0.11|7.22|7.78|3.94|3.10|-0.00|0.00|0.00|0.00|1.47|0.00|0.37|0.18|0.00|0.00|0.62|-0.04|-12.50|-28.65|10.61|-20.44|-63454.00|-1354.00|5370.00|-542.00|0.61|-0.31|0.83|0.50|0.26|0.89
21.578084468841553|0.10|-5.56|6.38|-7.14|-7.08|-0.00|0.00|-0.00|0.00|0.43|1.20|-0.97|-1.14|-0.01|0.00|0.05|-0.03|-12.42|-28.43|10.43|-20.65|-63456.00|-1354.00|5380.00|-548.00|0.61|-0.31|0.82|0.50|0.26|0.88
21.774534225463867|0.16|-2.94|-7.30|0.82|-9.58|0.00|0.00|-0.00|-0.00|-0.15|-0.23|-0.81|-3.01|0.00|-0.01|0.01|-0.13|-12.45|-28.48|10.27|-21.24|-63456.00|-1356.00|5382.00|-574.00|0.61|-0.31|0.82|0.50|0.25|0.91
21.96302819252014|0.09|14.34|-3.11|21.26|1.21|0.00|0.00|0.00|0.00|2.66|-0.84|3.36|-2.78|0.00|0.00|0.71|0.06|-11.93|-28.64|10.93|-21.78|-63456.00|-1356.00|5522.00|-562.00|0.61|-0.31|0.83|0.51|0.24|0.90
22.15951704978943|0.07|-15.65|5.94|7.40|-8.39|0.00|0.00|0.07|0.00|-0.31|0.29|4.77|-4.37|-0.37|-0.03|13.59|0.11|-11.99|-28.58|11.84|-22.61|-63527.00|-1362.00|8104.00|-542.00|0.61|-0.29|0.83|0.51|0.28|0.90
22.351996898651123|0.08|1.32|-0.20|18.76|-9.70|0.00|0.00|0.07|0.00|-0.06|0.25|8.39|-6.24|-0.01|0.00|27.41|0.19|-12.00|-28.54|13.46|-23.82|-63528.00|-1362.00|13395.00|-506.00|0.60|-0.29|0.83|0.54|0.28|0.82
22.54847764968872|0.07|-17.77|-7.58|36.42|5.80|0.00|0.00|0.01|-0.01|-3.50|-1.22|15.45|-5.11|0.00|0.01|29.24|-1.77|-12.68|-28.77|16.45|-24.81|-63528.00|-1360.00|19067.00|-850.00|0.62|-0.30|0.81|0.61|0.33|0.81
22.74503445625305|0.08|-47.35|34.33|-39.37|29.60|0.00|0.00|-0.03|0.01|-12.83|5.54|7.70|0.72|-0.31|0.20|23.73|0.09|-15.20|-27.68|17.97|-24.67|-63590.00|-1321.00|23741.00|-832.00|0.62|-0.32|0.82|0.54|0.38|0.89
22.94542360305786|0.07|-320.56|81.94|92.77|8.25|-0.01|0.01|0.04|-0.00|-76.30|21.77|26.07|2.35|-3.25|1.70|31.88|-0.27|-30.31|-23.37|23.13|-24.20|-64234.00|-985.00|30054.00|-885.00|0.64|-0.48|0.66|0.49|0.47|0.76
23.146861791610718|0.07|373.22|-25.03|35.12|34.78|0.01|-0.01|-0.20|0.00|-1.66|16.76|33.09|9.30|-0.59|-0.03|-8.55|0.60|-30.64|-20.02|29.75|-22.34|-64352.00|-991.00|28345.00|-766.00|0.50|-0.53|0.75|0.51|0.49|0.72
23.35132884979248|0.07|-7.98|-12.49|-161.51|23.53|0.15|-0.00|-0.19|-0.02|-3.25|14.28|0.95|13.99|29.63|-0.44|-46.81|-2.46|-31.29|-17.18|29.94|-19.56|-58455.00|-1079.00|19030.00|-1255.00|0.51|-0.53|0.80|0.57|0.53|0.72
23.547829151153564|0.07|19.00|-24.88|-0.49|-33.91|0.08|0.00|0.01|0.01|0.67|9.15|0.85|7.00|45.29|-0.35|-44.69|0.53|-31.15|-15.29|30.11|-18.12|-49126.00|-1151.00|9824.00|-1145.00|0.45|-0.56|0.75|0.46|0.52|0.74
23.748273849487305|0.07|58.88|-31.31|-8.16|-22.75|-0.06|0.00|0.08|0.00|12.27|2.98|-0.76|2.52|34.09|-0.24|-28.27|0.77|-28.73|-14.70|29.96|-17.62|-42411.00|-1199.00|4254.00|-994.00|0.41|-0.53|0.80|0.49|0.53|0.76
23.953739643096924|0.07|-75.05|-36.36|-8.85|-16.67|-0.10|0.00|0.01|-0.00|-2.59|-4.22|-2.51|-0.78|15.23|-0.06|-27.05|0.53|-29.25|-15.54|29.46|-17.77|-39396.00|-1211.00|-1102.00|-889.00|0.43|-0.53|0.81|0.47|0.54|0.76
24.150196075439453|0.09|20.94|-34.34|15.92|31.35|-0.07|0.00|-0.01|-0.00|1.68|-11.22|0.73|5.61|1.61|0.22|-29.97|0.05|-28.91|-17.83|29.61|-16.63|-39068.00|-1166.00|-7215.00|-878.00|0.46|-0.55|0.79|0.48|0.51|0.77
24.350622177124023|0.07|34.31|56.46|-7.35|-27.95|-0.13|0.00|0.13|-0.00|8.50|0.02|-0.73|0.05|-23.52|0.30|-4.40|-0.16|-27.21|-17.83|29.47|-16.62|-43749.00|-1106.00|-8090.00|-910.00|0.48|-0.55|0.83|0.47|0.52|0.78
24.547142505645752|0.08|-21.46|7.98|-6.27|38.14|-0.16|-0.00|0.00|0.00|4.26|1.59|-1.97|7.60|-56.18|0.26|-3.87|0.09|-26.37|-17.51|29.08|-15.11|-54872.00|-1055.00|-8856.00|-892.00|0.76|-0.44|0.93|0.32|0.67|0.96
24.752546787261963|0.08|-45.37|-10.80|6.13|-29.75|0.18|-0.00|-0.01|-0.00|-4.68|-0.53|-0.76|1.74|-21.56|0.25|-5.91|-0.10|-27.29|-17.61|28.93|-14.77|-59120.00|-1006.00|-10020.00|-912.00|0.46|-0.53|0.80|0.49|0.51|0.77
24.949033975601196|0.07|21.21|-5.43|3.94|-21.63|0.04|-0.00|0.03|0.00|-0.35|-1.64|0.04|-2.67|-14.41|0.06|-0.80|-0.04|-27.37|-17.95|28.93|-15.31|-62060.00|-994.00|-10183.00|-921.00|0.47|-0.51|0.78|0.48|0.51|0.78
25.149543285369873|0.07|6.60|0.25|-41.17|11.94|0.00|-0.00|0.05|-0.00|0.96|-1.59|-8.15|-0.29|-13.95|0.00|8.70|-0.55|-27.17|-18.27|27.31|-15.37|-64837.00|-994.00|-8451.00|-1030.00|0.47|-0.53|0.79|0.47|0.50|0.76
25.34601140022278|0.08|-17.23|11.38|43.60|-11.02|0.07|-0.00|0.09|0.00|-2.44|0.65|0.44|-2.46|-0.68|0.00|26.06|-0.05|-27.65|-18.14|27.40|-15.86|-64971.00|-994.00|-3317.00|-1040.00|0.49|-0.54|0.77|0.47|0.50|0.79
25.546496391296387|0.09|16.98|-31.08|-15.00|9.94|0.03|-0.00|-0.13|-0.00|0.94|-5.54|-2.55|-0.48|4.70|-0.16|0.92|-0.07|-27.47|-19.24|26.89|-15.95|-64036.00|-1025.00|-3134.00|-1053.00|0.50|-0.53|0.78|0.48|0.51|0.78
25.742959022521973|0.07|-0.67|32.37|6.17|7.83|0.01|-0.00|-0.00|0.00|0.81|0.97|-1.31|1.09|6.86|-0.34|0.04|-0.00|-27.30|-19.05|26.63|-15.73|-62657.00|-1094.00|-3126.00|-1054.00|0.47|-0.53|0.79|0.47|0.49|0.79
25.93937873840332|0.08|-0.59|7.76|-4.03|-12.23|-0.01|0.00|-0.00|0.00|0.69|2.47|-2.09|-1.28|4.84|-0.11|0.00|0.00|-27.17|-18.57|26.22|-15.98|-61718.00|-1116.00|-3126.00|-1054.00|0.46|-0.55|0.78|0.47|0.49|0.79
26.136850595474243|0.08|5.27|-45.12|3.12|-8.76|0.05|-0.00|-0.00|0.00|1.73|-6.42|-1.48|-3.01|14.12|-0.46|0.00|0.00|-26.83|-19.83|25.93|-16.58|-58936.00|-1206.00|-3126.00|-1054.00|0.44|-0.55|0.79|0.47|0.49|0.80
26.33731770515442|0.10|31.18|-34.42|1.91|31.36|-0.04|-0.00|-0.00|0.00|7.87|-13.20|-1.10|3.17|7.11|-0.79|0.12|0.00|-25.28|-22.43|25.72|-15.95|-57535.00|-1362.00|-3102.00|-1054.00|0.49|-0.51|0.81|0.47|0.50|0.80
26.53784441947937|0.08|-59.66|103.47|-13.29|-14.05|-0.03|0.00|-0.00|0.00|-4.00|7.39|-3.74|0.37|0.62|-0.31|0.02|0.00|-26.07|-20.96|24.97|-15.88|-57412.00|-1424.00|-3098.00|-1054.00|0.50|-0.53|0.79|0.48|0.48|0.81
26.734296560287476|0.08|22.74|-54.70|4.04|-18.21|-0.00|0.00|0.00|0.00|0.57|-3.60|-2.93|-3.29|0.53|-0.05|0.06|0.00|-25.96|-21.68|24.38|-16.54|-57306.00|-1434.00|-3086.00|-1054.00|0.49|-0.52|0.79|0.47|0.48|0.81
26.930877447128296|0.08|4.32|-0.95|6.21|14.28|-0.00|0.00|0.04|0.00|1.42|-3.79|-1.71|-0.47|0.04|0.04|8.62|-0.08|-25.68|-22.43|24.04|-16.63|-57298.00|-1426.00|-1388.00|-1070.00|0.48|-0.53|0.78|0.47|0.47|0.79
27.127248287200928|0.07|-5.01|41.65|-1.97|11.25|-0.01|-0.00|-0.00|0.00|0.45|4.33|-2.09|1.72|-1.89|-0.01|7.73|-0.05|-25.59|-21.58|23.64|-16.30|-57667.00|-1427.00|119.00|-1080.00|0.49|-0.53|0.78|0.47|0.47|0.82
27.31973624229431|0.10|-18.77|-18.17|23.46|-18.41|0.01|0.00|-0.04|0.00|-3.23|0.77|2.51|-1.89|0.89|0.02|0.19|0.05|-26.22|-21.43|24.13|-16.67|-57493.00|-1424.00|157.00|-1071.00|0.48|-0.54|0.79|0.47|0.48|0.81
27.517184734344482|0.08|20.52|-11.77|-11.60|10.22|0.03|-0.00|0.00|-0.00|0.79|-1.53|0.23|0.12|6.95|-0.05|0.99|0.01|-26.07|-21.73|24.17|-16.64|-56130.00|-1433.00|352.00|-1069.00|0.49|-0.53|0.78|0.47|0.48|0.82
27.71763515472412|0.11|0.33|-1.65|-7.43|57.75|-0.01|-0.00|0.04|-0.00|0.85|-1.86|-1.22|11.43|5.27|-0.15|9.20|-0.15|-25.90|-22.10|23.93|-14.40|-55098.00|-1463.00|2156.00|-1098.00|0.50|-0.53|0.77|0.45|0.47|0.83
27.914149284362793|0.09|-6.83|24.45|14.35|-68.81|-0.02|0.00|-0.03|0.00|-0.49|2.96|1.60|-2.12|1.22|-0.11|3.17|0.04|-26.00|-21.51|24.25|-14.82|-54857.00|-1485.00|2780.00|-1091.00|0.49|-0.53|0.78|0.44|0.48|0.82
28.106653928756714|0.08|4.90|-7.21|0.11|7.14|-0.00|-0.00|-0.02|0.00|0.47|1.54|1.62|-0.71|0.52|-0.12|-0.50|0.11|-25.91|-21.21|24.57|-14.96|-54755.00|-1508.00|2682.00|-1070.00|0.47|-0.53|0.79|0.44|0.48|0.82
28.303117752075195|0.08|0.13|-8.28|-9.62|2.70|0.05|0.00|-0.01|-0.00|0.50|-0.06|-0.23|-0.19|10.12|0.01|-2.20|-0.04|-25.81|-21.22|24.52|-15.00|-52801.00|-1506.00|2258.00|-1077.00|0.48|-0.54|0.78|0.44|0.49|0.82
28.49562954902649|0.08|-1.02|5.07|0.02|2.25|0.03|0.00|0.00|0.00|0.30|0.94|-0.23|0.25|16.69|0.09|-1.46|-0.04|-25.75|-21.04|24.48|-14.95|-49514.00|-1489.00|1971.00|-1084.00|0.48|-0.54|0.79|0.44|0.49|0.81
28.68820834159851|0.08|-0.98|0.94|-0.27|6.70|-0.08|-0.00|-0.02|0.00|0.11|1.12|-0.28|1.52|2.32|0.01|-5.17|0.03|-25.73|-20.82|24.43|-14.66|-49073.00|-1487.00|989.00|-1078.00|0.47|-0.54|0.78|0.44|0.49|0.82
28.88456439971924|0.09|3.59|-6.04|19.25|-20.55|0.01|-0.00|-0.02|-0.00|0.80|-0.05|3.44|-2.44|3.38|-0.02|-9.40|0.00|-25.57|-20.83|25.09|-15.13|-48420.00|-1490.00|-826.00|-1078.00|0.47|-0.54|0.78|0.44|0.49|0.80
29.08103346824646|0.08|-0.54|5.88|-11.56|2.15|0.00|-0.00|0.04|-0.00|0.70|1.12|1.15|-2.02|3.73|-0.06|-2.43|0.00|-25.44|-20.61|25.32|-15.53|-47682.00|-1501.00|-1308.00|-1078.00|0.47|-0.54|0.79|0.45|0.50|0.82
29.27847671508789|0.05|-1.51|-5.90|-14.83|21.39|-0.00|0.00|0.01|-0.00|0.40|-0.03|-1.75|2.15|3.15|-0.01|-0.04|0.00|-25.36|-20.62|24.97|-15.11|-47068.00|-1503.00|-1316.00|-1078.00|0.47|-0.54|0.78|0.45|0.50|0.82
29.47495985031128|0.08|-0.78|3.97|10.43|-16.64|-0.02|0.00|0.00|-0.00|0.25|0.75|0.33|-1.16|0.03|-0.01|0.01|-0.03|-25.31|-20.47|25.04|-15.34|-47063.00|-1504.00|-1314.00|-1084.00|0.48|-0.54|0.78|0.44|0.50|0.81
29.675452947616577|0.07|1.17|-2.32|-1.73|11.35|-0.01|-0.00|-0.00|0.00|0.48|0.30|-0.01|1.07|-2.73|-0.02|0.00|0.00|-25.21|-20.41|25.04|-15.13|-47599.00|-1508.00|-1314.00|-1084.00|0.48|-0.53|0.77|0.45|0.51|0.81
29.86795449256897|0.07|2.35|-1.07|1.64|-5.89|-0.13|0.00|-0.00|0.00|0.94|0.09|0.31|-0.09|-28.27|0.06|0.00|0.00|-25.03|-20.39|25.10|-15.15|-53168.00|-1497.00|-1314.00|-1084.00|0.47|-0.54|0.80|0.45|0.50|0.80
30.064449548721313|0.07|-3.05|2.80|-2.81|1.54|0.04|-0.00|-0.00|0.00|0.35|0.64|-0.23|0.20|-20.67|-0.14|0.00|0.00|-24.96|-20.27|25.05|-15.11|-57199.00|-1525.00|-1314.00|-1084.00|0.48|-0.54|0.77|0.45|0.51|0.80
30.260929584503174|0.08|-0.70|10.13|14.19|-4.73|0.02|0.00|-0.00|0.00|0.21|2.61|2.53|-0.72|-16.99|-0.03|0.00|0.00|-24.92|-19.76|25.55|-15.25|-60512.00|-1531.00|-1314.00|-1084.00|0.48|-0.54|0.79|0.46|0.51|0.80
30.457383155822754|0.07|-0.06|-10.28|-12.24|2.37|0.07|0.00|-0.00|0.00|0.20|0.59|0.12|-0.25|-3.30|0.08|0.00|0.00|-24.88|-19.64|25.57|-15.30|-61163.00|-1516.00|-1314.00|-1084.00|0.47|-0.54|0.78|0.45|0.52|0.79
30.649852991104126|0.09|0.12|-1.88|0.70|-4.68|-0.00|-0.00|-0.00|0.00|0.22|0.22|0.26|-1.16|-3.48|-0.01|0.00|0.00|-24.84|-19.60|25.62|-15.53|-61841.00|-1518.00|-1314.00|-1084.00|0.47|-0.54|0.78|0.44|0.52|0.80
30.846307516098022|0.08|-2.00|-0.40|-4.48|6.96|0.02|0.00|-0.00|0.00|-0.17|0.14|-0.62|0.20|-0.02|0.02|0.00|0.00|-24.87|-19.57|25.50|-15.49|-61844.00|-1515.00|-1314.00|-1084.00|0.47|-0.54|0.79|0.45|0.52|0.79
31.043805837631226|0.08|2.79|-1.98|2.42|3.34|-0.00|-0.00|-0.00|0.00|0.37|-0.24|-0.15|0.85|-0.09|-0.04|0.00|0.00|-24.80|-19.62|25.47|-15.32|-61861.00|-1523.00|-1314.00|-1084.00|0.47|-0.54|0.79|0.44|0.52|0.80
31.240267992019653|0.10|0.68|-1.34|0.78|-5.53|-0.01|-0.00|-0.00|0.00|0.50|-0.50|0.00|-0.22|-2.95|-0.08|-0.43|0.03|-24.70|-19.72|25.47|-15.36|-62436.00|-1538.00|-1398.00|-1079.00|0.47|-0.54|0.78|0.45|0.52|0.80
31.440739393234253|0.10|-1.89|12.23|1.81|-2.22|-0.07|-0.00|-0.01|0.00|0.13|1.92|0.36|-0.66|-16.81|-0.09|-2.07|0.08|-24.68|-19.34|25.55|-15.49|-65765.00|-1556.00|-1808.00|-1064.00|0.46|-0.54|0.79|0.45|0.52|0.79
31.633228540420532|0.08|0.86|-14.59|-0.75|-1.45|0.09|0.00|0.01|-0.00|0.30|-0.97|0.21|-0.95|0.24|0.05|-0.87|0.00|-24.62|-19.53|25.59|-15.68|-65717.00|-1546.00|-1980.00|-1064.00|0.47|-0.54|0.79|0.45|0.52|0.79
31.829655647277832|0.05|-0.41|0.61|-1.18|5.29|-0.00|-0.00|0.07|-0.00|0.22|-0.85|-0.02|0.09|0.02|0.02|12.64|0.00|-24.57|-19.70|25.58|-15.67|-65714.00|-1542.00|497.00|-1064.00|0.48|-0.54|0.78|0.44|0.53|0.80
32.02621388435364|0.07|1.11|1.25|-1.00|-18.01|0.00|0.00|-0.02|-0.00|0.43|-0.61|-0.21|-3.39|0.02|0.04|7.91|-0.13|-24.49|-19.81|25.54|-16.32|-65710.00|-1535.00|2023.00|-1089.00|0.48|-0.54|0.79|0.45|0.52|0.79
32.21868395805359|0.07|-1.79|15.00|0.99|0.06|-0.00|-0.00|-0.03|0.00|0.08|2.31|-0.02|-3.38|0.00|0.00|1.30|-0.10|-24.47|-19.36|25.54|-16.98|-65710.00|-1535.00|2276.00|-1109.00|0.48|-0.54|0.79|0.46|0.52|0.78
32.415127992630005|0.09|1.14|-13.27|5.33|15.76|-0.00|-0.00|-0.00|0.00|0.31|-0.27|1.02|-0.30|3.04|0.07|0.87|-0.06|-24.41|-19.42|25.74|-17.04|-65118.00|-1521.00|2445.00|-1121.00|0.47|-0.54|0.78|0.46|0.53|0.78
32.6116943359375|0.07|0.29|-0.85|-8.46|-13.31|0.00|-0.00|0.04|-0.00|0.36|-0.44|-0.63|-2.90|3.43|0.05|8.61|-0.33|-24.34|-19.50|25.62|-17.60|-64450.00|-1511.00|4124.00|-1185.00|0.48|-0.53|0.79|0.46|0.52|0.77
32.805089712142944|0.08|-0.67|1.74|0.92|13.97|0.03|0.00|-0.03|0.00|0.23|-0.10|-0.45|-0.15|9.01|0.08|3.65|-0.21|-24.30|-19.52|25.53|-17.63|-62675.00|-1496.00|4843.00|-1226.00|0.48|-0.53|0.79|0.48|0.53|0.77
32.99757528305054|0.08|-2.35|4.78|2.26|1.46|0.02|-0.00|-0.00|0.00|-0.22|0.83|-0.01|0.13|13.68|0.02|3.34|-0.19|-24.34|-19.36|25.53|-17.61|-60034.00|-1492.00|5488.00|-1263.00|0.47|-0.54|0.79|0.46|0.53|0.78
33.19804286956787|0.07|0.89|-8.72|-2.48|-2.73|0.04|-0.00|-0.01|0.00|-0.05|-0.87|-0.49|-0.40|21.06|-0.10|0.63|0.04|-24.35|-19.53|25.43|-17.68|-55949.00|-1511.00|5611.00|-1256.00|0.48|-0.54|0.79|0.47|0.53|0.77
33.3906409740448|0.08|1.32|2.88|1.22|4.36|-0.04|0.00|0.02|-0.00|0.21|-0.29|-0.25|0.47|13.43|0.08|3.75|-0.01|-24.31|-19.59|25.38|-17.59|-53290.00|-1496.00|6353.00|-1257.00|0.48|-0.54|0.79|0.48|0.53|0.77
33.58297610282898|0.07|2.09|0.81|1.28|-5.51|-0.04|-0.00|-0.02|0.00|0.61|-0.14|-0.01|-0.59|6.37|0.01|0.23|0.00|-24.19|-19.61|25.38|-17.70|-52067.00|-1495.00|6398.00|-1257.00|0.48|-0.54|0.78|0.47|0.57|0.77
33.77951717376709|0.07|-2.51|-9.62|-2.23|2.42|-0.03|-0.00|-0.00|0.00|0.13|-2.01|-0.44|-0.12|0.59|-0.02|0.04|0.02|-24.17|-20.00|25.29|-17.73|-51953.00|-1499.00|6406.00|-1254.00|0.48|-0.54|0.78|0.47|0.53|0.78
33.97207975387573|0.08|6.59|9.00|1.95|11.93|-0.02|-0.00|0.02|0.00|1.42|-0.24|-0.06|2.22|-3.07|-0.10|4.38|0.07|-23.89|-20.05|25.28|-17.29|-52554.00|-1518.00|7264.00|-1241.00|0.50|-0.54|0.77|0.46|0.54|0.77
34.17243981361389|0.08|-6.68|-4.19|-6.39|-18.37|-0.07|0.00|-0.02|-0.00|0.12|-1.06|-1.30|-1.35|-17.18|0.05|0.81|0.01|-23.87|-20.26|25.03|-17.55|-55886.00|-1509.00|7421.00|-1240.00|0.47|-0.54|0.86|0.40|0.44|0.78
34.364951610565186|0.08|3.25|0.21|7.56|16.02|0.06|-0.00|0.00|0.00|0.77|-1.01|0.21|1.84|-4.33|-0.04|1.30|0.12|-23.71|-20.46|25.07|-17.19|-56747.00|-1516.00|7680.00|-1217.00|0.50|-0.53|0.77|0.47|0.54|0.77
34.56535363197327|0.10|-2.95|5.29|-1.58|-19.54|0.01|-0.00|-0.00|-0.00|0.20|-0.00|-0.09|-1.89|-2.34|-0.12|0.69|-0.02|-23.67|-20.46|25.05|-17.55|-57194.00|-1539.00|7812.00|-1221.00|0.49|-0.53|0.78|0.46|0.54|0.77
34.76186800003052|0.09|-1.64|-7.99|-0.40|7.73|0.01|0.00|0.00|0.00|-0.12|-1.60|-0.17|-0.35|-0.47|-0.03|1.51|0.08|-23.70|-20.78|25.02|-17.62|-57287.00|-1544.00|8114.00|-1205.00|0.51|-0.53|0.77|0.46|0.54|0.77
34.95530724525452|0.07|-0.98|15.21|-0.86|4.90|0.00|0.00|0.00|-0.00|-0.31|1.37|-0.34|0.61|0.00|0.04|1.84|-0.11|-23.76|-20.51|24.95|-17.50|-57287.00|-1536.00|8472.00|-1227.00|0.51|-0.53|0.76|0.46|0.54|0.78
35.14779448509216|0.08|1.07|-5.94|0.55|-6.27|0.00|-0.00|-0.01|0.00|-0.11|0.21|-0.24|-0.61|0.00|0.00|0.08|-0.03|-23.78|-20.47|24.91|-17.62|-57287.00|-1536.00|8487.00|-1232.00|0.50|-0.54|0.77|0.45|0.55|0.78
35.344297885894775|0.10|-0.03|-1.79|-0.66|3.69|0.00|-0.00|-0.00|0.00|-0.11|-0.13|-0.36|0.11|0.00|0.00|0.04|0.00|-23.80|-20.50|24.84|-17.59|-57287.00|-1536.00|8495.00|-1232.00|0.49|-0.54|0.78|0.45|0.54|0.78
35.54082274436951|0.11|1.89|-5.62|-1.84|-5.87|0.00|-0.00|-0.00|0.00|0.26|-1.23|-0.72|-1.04|0.05|0.00|0.00|-0.02|-23.75|-20.74|24.70|-17.80|-57277.00|-1536.00|8495.00|-1235.00|0.53|-0.52|0.75|0.46|0.55|0.78
35.72928214073181|0.09|0.63|4.92|3.54|9.54|0.00|-0.00|-0.00|0.00|0.38|-0.27|-0.03|0.82|0.91|0.05|0.00|0.00|-23.68|-20.79|24.69|-17.64|-57100.00|-1527.00|8495.00|-1235.00|0.49|-0.53|0.77|0.44|0.54|0.77
35.92572331428528|0.09|-2.11|3.10|-0.79|0.51|-0.00|-0.00|-0.00|0.00|-0.02|0.32|-0.18|0.92|0.06|-0.09|0.00|0.00|-23.68|-20.73|24.66|-17.46|-57088.00|-1544.00|8495.00|-1235.00|0.50|-0.53|0.78|0.44|0.55|0.79
36.11825132369995|0.07|4.52|-1.30|-2.26|4.95|0.01|-0.00|-0.00|0.00|0.86|0.07|-0.62|1.88|1.31|-0.12|0.00|0.00|-23.52|-20.71|24.53|-17.09|-56834.00|-1567.00|8495.00|-1235.00|0.50|-0.53|0.78|0.43|0.54|0.79
36.314724922180176|0.07|-3.16|-0.45|1.29|-12.46|-0.00|0.00|-0.00|0.00|0.25|-0.02|-0.37|-0.52|0.63|-0.03|0.00|0.00|-23.47|-20.72|24.46|-17.20|-56713.00|-1572.00|8495.00|-1235.00|0.50|-0.53|0.78|0.42|0.54|0.78
36.50722908973694|0.07|17.08|-8.45|9.68|11.81|0.02|0.00|-0.00|0.00|3.61|-1.68|1.53|1.81|3.88|0.11|-0.01|0.00|-22.76|-21.05|24.77|-16.84|-55948.00|-1550.00|8493.00|-1235.00|0.37|-0.29|0.83|0.50|0.67|0.67
36.70768141746521|0.09|-11.20|0.28|-8.66|-32.49|0.05|-0.00|-0.06|0.00|1.46|-1.63|-0.13|-4.43|13.20|0.02|-11.72|-0.40|-22.48|-21.36|24.74|-17.69|-53413.00|-1546.00|6242.00|-1311.00|0.53|-0.54|0.74|0.48|0.51|0.78
36.90817046165466|0.09|-12.90|-11.16|-24.71|15.05|-0.06|-0.00|0.23|0.00|-1.13|-3.87|-5.09|-1.41|1.33|0.02|34.16|0.09|-22.70|-22.14|23.72|-17.97|-53146.00|-1542.00|13108.00|-1293.00|0.50|-0.54|0.75|0.46|0.48|0.77
37.11359477043152|0.07|10.97|17.67|-13.76|-38.49|-0.03|0.00|0.03|-0.01|1.08|-0.30|-7.87|-9.18|-4.45|0.07|40.74|-0.97|-22.48|-22.20|22.13|-19.83|-54044.00|-1527.00|21337.00|-1488.00|0.51|-0.50|0.77|0.49|0.50|0.77
37.31800317764282|0.08|11.36|-22.55|-66.87|86.41|-0.14|-0.00|0.03|0.00|3.37|-4.83|-21.32|8.19|-33.43|-0.21|47.09|-0.82|-21.81|-23.17|17.84|-18.18|-60764.00|-1569.00|30802.00|-1652.00|0.53|-0.49|0.80|0.55|0.59|0.79
37.52349615097046|0.10|31.14|-24.41|-248.19|-193.90|-0.25|0.00|-0.23|-0.00|9.72|-9.81|-71.95|-31.37|-83.45|0.49|-0.11|-1.22|-19.82|-25.17|3.16|-24.58|-77787.00|-1470.00|30780.00|-1900.00|0.55|-0.47|0.76|0.52|0.32|0.82
37.727941036224365|0.08|11.93|6.99|215.27|43.37|-0.08|0.00|-0.11|0.01|12.20|-8.36|-27.17|-22.35|-99.48|0.74|-22.50|1.49|-17.29|-26.91|-2.49|-29.23|-98478.00|-1317.00|26101.00|-1591.00|0.57|-0.51|0.74|0.63|0.18|0.82
37.93638491630554|0.10|58.12|7.41|132.18|57.26|0.12|-0.00|-0.05|-0.01|24.06|-6.85|-0.20|-10.67|-75.46|-0.16|-32.19|-0.86|-12.38|-28.31|-2.53|-31.41|-113871.00|-1349.00|19534.00|-1766.00|0.61|-0.44|0.82|0.66|0.15|0.79
38.13689708709717|0.08|-44.59|5.84|-14.61|58.97|0.32|-0.00|0.04|0.01|14.83|-5.64|-3.23|1.54|-9.22|-0.50|-23.18|0.50|-9.31|-29.47|-3.20|-31.09|-115779.00|-1452.00|14735.00|-1662.00|0.65|-0.33|0.79|0.69|0.17|0.78
38.34226894378662|0.10|-57.79|-49.78|-59.31|-112.26|0.22|0.00|-0.02|0.00|3.27|-15.59|-15.09|-20.91|35.60|-0.14|-28.06|0.88|-8.66|-32.59|-6.21|-35.27|-108660.00|-1481.00|9123.00|-1486.00|0.65|-0.30|0.80|0.68|0.20|0.81
38.54273271560669|0.08|-43.97|72.68|63.47|62.13|-0.04|0.00|0.09|-0.00|-5.83|-0.55|-1.95|-8.05|26.81|0.04|-9.29|-0.04|-9.86|-32.71|-6.62|-36.94|-103111.00|-1473.00|7201.00|-1495.00|0.66|-0.29|0.78|0.73|0.09|0.74
38.739206314086914|0.09|26.34|1.88|10.00|24.48|0.02|0.00|0.01|0.00|-0.54|-0.17|0.06|-3.13|31.78|0.20|-7.89|0.15|-9.97|-32.74|-6.61|-37.56|-96724.00|-1433.00|5616.00|-1465.00|0.71|-0.28|0.78|0.75|0.09|0.73
38.935784578323364|0.08|-2.92|11.14|4.74|16.31|0.02|-0.00|-0.02|-0.00|-1.10|1.98|0.97|0.02|36.01|0.01|-12.10|-0.15|-10.19|-32.36|-6.42|-37.56|-89774.00|-1431.00|3280.00|-1493.00|0.65|-0.32|0.75|0.76|0.09|0.71
39.13316082954407|0.07|-18.67|-0.39|2.51|-9.18|0.10|0.00|-0.03|0.00|-4.80|1.90|1.47|-1.80|55.47|0.13|-17.48|0.06|-11.14|-31.98|-6.13|-37.92|-78790.00|-1405.00|-182.00|-1482.00|0.68|-0.33|0.77|0.75|0.09|0.73
39.33366298675537|0.07|-27.42|9.06|-3.09|4.77|-0.16|-0.00|0.06|-0.00|-10.20|3.69|0.86|-0.86|23.62|0.09|-6.36|0.04|-13.15|-31.26|-5.96|-38.09|-74137.00|-1388.00|-1435.00|-1475.00|0.66|-0.32|0.76|0.76|0.10|0.72
39.526148080825806|0.07|7.98|2.42|7.35|1.60|-0.01|0.00|0.03|-0.00|-8.62|4.17|2.32|-0.54|21.51|0.12|-0.61|-0.06|-14.85|-30.43|-5.50|-38.19|-69878.00|-1364.00|-1556.00|-1486.00|0.66|-0.35|0.75|0.75|0.10|0.72
39.72263288497925|0.08|21.19|7.42|-3.40|-8.49|-0.02|-0.00|0.00|0.00|-4.49|5.61|1.65|-2.20|18.42|0.03|0.02|-0.05|-15.73|-29.34|-5.18|-38.62|-66286.00|-1358.00|-1552.00|-1496.00|0.66|-0.38|0.78|0.76|0.10|0.71
39.91910481452942|0.10|21.98|-4.95|2.75|9.55|-0.00|-0.00|0.02|0.00|-0.18|4.64|2.19|-0.33|18.02|0.00|4.20|-0.04|-15.76|-28.43|-4.75|-38.69|-62754.00|-1358.00|-729.00|-1503.00|0.62|-0.39|0.78|0.76|0.10|0.71
40.11558389663696|0.07|33.77|-26.91|-1.03|-3.69|-0.09|-0.00|0.01|0.00|6.41|-0.61|1.99|-1.05|0.35|0.04|6.83|-0.03|-14.51|-28.55|-4.36|-38.89|-62686.00|-1350.00|602.00|-1509.00|0.62|-0.39|0.78|0.76|0.11|0.70
40.31205439567566|0.08|17.86|4.73|-5.43|3.63|-0.06|-0.00|-0.03|-0.00|9.91|0.32|0.92|-0.34|-11.99|-0.10|1.04|-0.08|-12.57|-28.48|-4.18|-38.96|-65037.00|-1369.00|805.00|-1524.00|0.64|-0.36|0.80|0.76|0.10|0.71
40.508551359176636|0.07|-49.73|-4.08|1.95|-7.26|-0.04|0.00|-0.02|0.00|0.16|-0.48|1.30|-1.76|-19.77|0.01|-2.14|0.08|-12.54|-28.58|-3.92|-39.30|-68912.00|-1368.00|386.00|-1509.00|0.62|-0.34|0.78|0.76|0.11|0.71
40.70102381706238|0.08|-6.56|5.85|-1.42|4.23|0.07|-0.00|0.01|-0.00|-1.13|0.67|1.02|-0.93|-5.51|-0.02|-0.03|0.02|-12.76|-28.44|-3.72|-39.49|-69998.00|-1372.00|380.00|-1505.00|0.63|-0.34|0.80|0.77|0.12|0.70
40.89348769187927|0.08|14.97|-5.35|-5.67|5.38|0.02|0.00|-0.01|0.00|1.77|-0.36|-0.08|0.12|-2.25|0.01|-1.78|0.05|-12.42|-28.51|-3.74|-39.46|-70434.00|-1370.00|35.00|-1495.00|0.63|-0.34|0.79|0.76|0.11|0.71
41.090927600860596|0.08|-23.55|3.25|1.88|1.52|-0.00|0.00|-0.00|-0.00|-2.75|0.26|0.29|0.41|-2.38|0.01|-2.61|-0.02|-12.95|-28.47|-3.68|-39.38|-70890.00|-1368.00|-466.00|-1498.00|0.64|-0.34|0.79|0.76|0.12|0.72
41.287455797195435|0.05|16.12|-10.65|4.19|-7.39|0.01|0.00|0.01|-0.00|0.39|-1.82|1.10|-1.03|-0.03|0.02|-0.01|-0.05|-12.87|-28.82|-3.47|-39.59|-70896.00|-1365.00|-468.00|-1508.00|0.63|-0.34|0.80|0.76|0.11|0.71
41.483914613723755|0.09|-15.24|13.45|-0.82|3.91|-0.00|-0.00|0.00|0.00|-2.61|0.83|0.94|-0.26|-1.01|-0.05|0.03|0.07|-13.39|-28.66|-3.28|-39.64|-71095.00|-1374.00|-462.00|-1495.00|0.63|-0.34|0.79|0.76|0.11|0.70
41.680405616760254|0.09|18.61|-4.69|-8.01|3.39|-0.04|0.00|0.00|-0.00|1.06|-0.09|-0.64|0.40|-8.14|0.03|0.16|0.02|-13.18|-28.67|-3.41|-39.56|-72699.00|-1368.00|-431.00|-1492.00|0.63|-0.34|0.80|0.77|0.11|0.71
41.87289619445801|0.08|-25.05|1.31|2.97|-0.13|0.03|0.00|-0.00|-0.00|-3.80|0.16|-0.06|0.38|-1.42|0.04|0.00|0.00|-13.92|-28.64|-3.42|-39.48|-72974.00|-1360.00|-431.00|-1492.00|0.62|-0.35|0.79|0.76|0.11|0.71
42.06936311721802|0.07|16.55|5.36|8.29|-5.95|-0.01|0.00|-0.00|-0.00|-0.58|1.21|1.56|-0.78|-2.81|0.06|0.00|0.00|-14.03|-28.41|-3.11|-39.64|-73522.00|-1349.00|-431.00|-1492.00|0.62|-0.35|0.80|0.76|0.11|0.70
42.26584815979004|0.08|11.21|-8.40|1.44|-2.50|-0.01|-0.00|-0.00|-0.00|1.60|-0.42|1.84|-1.26|-5.57|-0.02|0.00|0.00|-13.72|-28.49|-2.76|-39.88|-74603.00|-1352.00|-431.00|-1492.00|0.62|-0.36|0.80|0.76|0.11|0.70
42.46231937408447|0.08|-9.43|-4.40|-4.76|4.13|0.01|0.00|-0.00|-0.00|-0.27|-1.29|0.90|-0.45|-4.48|0.04|0.41|-0.04|-13.77|-28.75|-2.58|-39.97|-75490.00|-1344.00|-349.00|-1499.00|0.62|-0.36|0.79|0.77|0.11|0.69
42.65479516983032|0.09|-13.04|12.53|-0.77|2.30|0.01|0.00|0.00|0.00|-2.83|1.16|0.75|0.00|-2.10|0.10|1.23|-0.01|-14.33|-28.52|-2.43|-39.97|-75902.00|-1324.00|-107.00|-1500.00|0.61|-0.36|0.79|0.76|0.11|0.70
42.8513765335083|0.10|16.49|1.16|-0.68|0.63|-0.01|-0.00|-0.01|-0.00|0.37|1.39|0.61|0.12|-3.88|0.05|0.22|-0.04|-14.26|-28.25|-2.32|-39.94|-76654.00|-1314.00|-65.00|-1508.00|0.62|-0.35|0.78|0.76|0.11|0.71
43.04376673698425|0.09|-12.98|-12.38|1.93|-4.73|0.01|0.00|0.00|0.00|-2.15|-1.01|0.99|-0.79|-2.62|0.06|0.70|0.03|-14.67|-28.45|-2.12|-40.10|-77163.00|-1303.00|71.00|-1502.00|0.61|-0.37|0.79|0.76|0.11|0.72
43.24122929573059|0.08|5.93|12.58|-1.00|-5.11|0.01|-0.00|0.02|-0.00|-1.00|1.41|0.79|-1.78|-0.01|0.05|3.83|-0.08|-14.86|-28.17|-1.97|-40.44|-77165.00|-1293.00|811.00|-1518.00|0.61|-0.37|0.80|0.77|0.11|0.70
43.43374991416931|0.08|-22.15|10.83|1.52|2.06|0.01|-0.00|0.00|-0.00|-5.32|3.53|1.09|-1.38|1.22|0.03|4.71|-0.18|-15.90|-27.49|-1.76|-40.71|-76928.00|-1287.00|1730.00|-1554.00|0.60|-0.38|0.80|0.77|0.11|0.70
43.62617778778076|0.08|49.76|-25.88|-1.64|4.42|0.00|0.00|-0.01|0.00|4.33|-1.50|0.77|-0.52|1.97|0.07|3.48|0.15|-15.06|-27.78|-1.61|-40.81|-76546.00|-1274.00|2406.00|-1524.00|0.61|-0.36|0.81|0.78|0.11|0.70
43.82268810272217|0.08|-12.11|6.09|-1.26|-0.61|0.01|-0.00|-0.02|-0.00|1.99|-0.32|0.53|-0.64|3.79|-0.02|0.27|0.02|-14.68|-27.84|-1.51|-40.93|-75815.00|-1278.00|2458.00|-1521.00|0.61|-0.36|0.78|0.77|0.11|0.70
44.01914381980896|0.10|-26.10|0.80|2.19|5.41|0.02|0.00|-0.00|-0.00|-3.12|-0.16|0.96|0.42|7.47|0.00|0.01|-0.02|-15.29|-27.87|-1.32|-40.85|-74350.00|-1278.00|2460.00|-1525.00|0.63|-0.36|0.80|0.77|0.10|0.69
44.21575307846069|0.08|15.65|7.01|-1.24|-3.54|-0.03|0.00|-0.00|-0.00|-0.09|1.20|0.72|-0.26|2.26|0.01|-0.94|-0.05|-15.31|-27.64|-1.18|-40.90|-73911.00|-1277.00|2278.00|-1534.00|0.61|-0.37|0.79|0.78|0.11|0.69
44.41211223602295|0.05|-11.21|-6.39|-0.19|0.09|-0.01|-0.00|0.00|0.00|-2.28|-0.05|0.68|-0.25|-0.09|0.01|0.00|-0.01|-15.75|-27.65|-1.05|-40.95|-73929.00|-1276.00|2278.00|-1536.00|0.63|-0.35|0.79|0.77|0.11|0.70
44.61255764961243|0.10|-10.40|-9.98|-3.28|-0.84|-0.00|-0.00|0.00|0.00|-4.34|-2.03|0.03|-0.41|-0.20|-0.04|0.50|0.05|-16.61|-28.05|-1.04|-41.03|-73969.00|-1283.00|2377.00|-1527.00|0.62|-0.37|0.79|0.78|0.11|0.70
44.80107235908508|0.09|29.45|9.35|8.89|4.07|0.00|0.00|0.02|-0.00|1.52|-0.17|1.80|0.40|-0.13|0.02|3.51|-0.22|-16.31|-28.08|-0.68|-40.95|-73994.00|-1279.00|3076.00|-1570.00|0.63|-0.37|0.79|0.78|0.11|0.70
44.99754881858826|0.10|-45.39|2.66|5.00|6.64|-0.12|0.00|0.02|-0.00|-7.15|0.34|2.75|1.67|-23.25|0.24|7.69|-0.24|-17.68|-28.02|-0.16|-40.64|-78435.00|-1233.00|4544.00|-1616.00|0.60|-0.39|0.78|0.77|0.11|0.71
45.19398379325867|0.10|41.10|-17.49|2.04|3.57|-0.00|-0.00|-0.03|0.00|0.87|-3.07|3.15|2.36|-23.56|0.19|1.78|-0.07|-17.51|-28.62|0.46|-40.17|-83029.00|-1195.00|4892.00|-1629.00|0.63|-0.38|0.77|0.77|0.12|0.70
45.387476444244385|0.07|3.76|20.10|7.87|-15.16|0.03|-0.00|-0.00|0.00|1.60|0.85|4.69|-0.59|-17.46|0.18|1.45|-0.03|-17.19|-28.45|1.37|-40.29|-86434.00|-1159.00|5174.00|-1635.00|0.61|-0.36|0.79|0.77|0.13|0.71
45.58393669128418|0.07|1.51|-17.97|-15.47|-4.24|0.06|-0.00|0.00|0.00|1.89|-2.66|1.67|-1.42|-6.37|0.07|2.29|-0.03|-16.83|-28.97|1.70|-40.57|-87677.00|-1146.00|5621.00|-1640.00|0.61|-0.38|0.79|0.76|0.14|0.69
45.78057622909546|0.09|19.35|6.29|-10.69|6.93|0.02|-0.00|-0.00|-0.00|5.69|-1.42|-0.43|-0.06|-2.21|0.00|1.90|-0.06|-15.71|-29.25|1.61|-40.58|-88111.00|-1146.00|5993.00|-1651.00|0.62|-0.36|0.79|0.76|0.14|0.69
45.976887464523315|0.07|-27.77|-22.01|-1.66|-9.50|0.02|-0.00|-0.01|0.00|0.24|-5.74|-0.75|-1.92|1.07|0.02|0.02|0.07|-15.66|-30.37|1.47|-40.96|-87901.00|-1142.00|5996.00|-1638.00|0.61|-0.34|0.81|0.77|0.14|0.69
46.1734037399292|0.08|-6.36|25.38|-4.91|5.72|0.04|-0.00|0.00|-0.00|-1.01|-0.74|-1.72|-0.80|8.92|-0.02|0.07|-0.01|-15.86|-30.52|1.13|-41.11|-86144.00|-1145.00|6010.00|-1639.00|0.64|-0.36|0.78|0.78|0.13|0.70
46.36588001251221|0.07|8.71|-22.39|6.23|0.73|-0.02|-0.00|0.01|0.00|0.70|-5.13|-0.50|-0.65|5.27|-0.11|1.16|0.01|-15.73|-31.52|1.03|-41.24|-85112.00|-1166.00|6237.00|-1637.00|0.67|-0.35|0.78|0.78|0.13|0.69
46.56636095046997|0.10|-6.90|-26.87|1.51|-7.89|0.02|0.00|-0.01|-0.00|-0.64|-10.34|-0.20|-2.19|8.66|0.03|0.03|-0.03|-15.85|-33.53|0.99|-41.67|-83431.00|-1160.00|6243.00|-1643.00|0.66|-0.35|0.73|0.78|0.13|0.70
46.75884771347046|0.07|5.25|51.91|-17.27|15.90|-0.02|0.00|0.00|0.00|0.40|-0.06|-3.62|0.96|4.85|0.06|0.27|-0.03|-15.77|-33.54|0.28|-41.48|-82471.00|-1149.00|6296.00|-1648.00|0.68|-0.34|0.75|0.77|0.12|0.69
46.95627546310425|0.08|-2.76|2.96|21.85|-3.50|-0.01|-0.00|-0.00|-0.00|-0.13|0.51|0.57|0.29|3.51|-0.02|-0.68|-0.07|-15.80|-33.44|0.39|-41.42|-81798.00|-1153.00|6166.00|-1661.00|0.68|-0.35|0.74|0.78|0.11|0.70
47.14386558532715|0.08|-4.29|7.33|0.89|-1.27|-0.02|0.00|0.01|0.00|-0.98|1.95|0.75|0.04|0.15|0.03|0.63|0.01|-15.99|-33.06|0.53|-41.41|-81768.00|-1147.00|6291.00|-1659.00|0.67|-0.36|0.74|0.77|0.12|0.69
47.340301275253296|0.07|45.78|10.85|12.06|6.14|-0.00|-0.00|0.03|-0.00|7.68|4.00|3.03|1.20|-0.18|0.01|5.81|-0.24|-14.54|-32.30|1.10|-41.18|-81802.00|-1146.00|7390.00|-1705.00|0.67|-0.35|0.75|0.77|0.12|0.70
47.5327844619751|0.08|-3.24|5.46|-12.36|-7.93|-0.05|0.00|-0.03|0.00|7.05|5.06|0.63|-0.34|-9.53|0.16|0.76|-0.06|-13.17|-31.32|1.23|-41.25|-83651.00|-1114.00|7537.00|-1717.00|0.66|-0.34|0.77|0.77|0.12|0.68
47.72528147697449|0.10|-3.31|-19.69|-0.92|2.52|0.02|-0.00|-0.00|0.00|6.41|1.24|0.45|0.15|-6.03|0.02|0.52|0.01|-11.93|-31.08|1.31|-41.22|-84821.00|-1111.00|7638.00|-1716.00|0.64|-0.34|0.79|0.77|0.12|0.69
47.92273950576782|0.05|-26.48|-4.34|-3.81|2.23|-0.04|-0.00|-0.00|0.00|1.30|0.40|-0.28|0.58|-13.04|-0.03|0.43|0.05|-11.68|-31.00|1.26|-41.11|-87337.00|-1116.00|7721.00|-1707.00|0.63|-0.33|0.80|0.77|0.12|0.69
48.119203090667725|0.07|-6.81|-4.57|2.90|-4.39|-0.01|0.00|-0.00|-0.00|-0.04|-0.49|0.29|-0.28|-15.11|0.04|0.00|0.00|-11.69|-31.10|1.32|-41.16|-90299.00|-1109.00|7721.00|-1707.00|0.65|-0.32|0.78|0.78|0.12|0.70
48.31564426422119|0.08|-18.52|6.30|-1.81|-1.30|0.07|0.00|-0.00|-0.00|-3.69|0.75|-0.07|-0.53|-0.69|0.06|0.04|0.02|-12.41|-30.95|1.30|-41.27|-90434.00|-1097.00|7729.00|-1703.00|0.64|-0.34|0.78|0.77|0.12|0.69
48.50818657875061|0.07|-4.43|-0.73|-1.75|8.45|0.00|0.00|-0.00|-0.00|-4.56|0.61|-0.41|1.12|0.05|0.07|0.00|0.00|-13.31|-30.83|1.22|-41.05|-90425.00|-1084.00|7729.00|-1703.00|0.63|-0.35|0.78|0.77|0.12|0.70
48.704652309417725|0.07|9.28|-24.29|2.13|-7.12|0.00|-0.00|-0.00|-0.00|-2.78|-4.06|-0.00|-0.25|0.91|0.02|0.00|0.00|-13.84|-31.61|1.22|-41.09|-90250.00|-1080.00|7729.00|-1703.00|0.64|-0.34|0.77|0.77|0.12|0.70
48.905168771743774|0.09|19.23|13.95|-3.40|-7.00|0.00|-0.00|-0.00|-0.00|0.99|-1.32|-0.67|-1.62|1.51|-0.01|-0.01|-0.04|-13.64|-31.87|1.09|-41.41|-89954.00|-1082.00|7728.00|-1711.00|0.65|-0.34|0.77|0.77|0.11|0.70
49.0935640335083|0.07|-4.36|3.12|2.73|5.24|0.01|0.00|0.01|0.00|0.13|-0.70|-0.13|-0.58|2.97|-0.01|1.24|0.07|-13.62|-32.01|1.06|-41.52|-89365.00|-1083.00|7973.00|-1697.00|0.65|-0.35|0.77|0.78|0.11|0.69
49.28609275817871|0.07|0.80|11.75|1.37|1.04|0.05|-0.00|0.01|-0.00|0.28|1.53|0.13|-0.38|13.38|-0.11|3.26|-0.01|-13.56|-31.72|1.09|-41.60|-86822.00|-1104.00|8592.00|-1698.00|0.64|-0.35|0.77|0.78|0.11|0.70
49.482563972473145|0.08|-3.08|-6.37|-2.89|-3.47|-0.06|0.00|0.01|-0.00|-0.31|0.31|-0.42|-1.05|0.91|-0.01|4.26|-0.02|-13.62|-31.66|1.01|-41.80|-86648.00|-1106.00|9410.00|-1702.00|0.65|-0.35|0.77|0.78|0.11|0.69
49.67905068397522|0.10|-6.65|2.31|-8.06|1.97|0.00|0.00|-0.01|-0.00|-1.62|0.76|-2.01|-0.66|1.05|-0.01|1.74|-0.12|-13.94|-31.51|0.61|-41.93|-86441.00|-1108.00|9752.00|-1726.00|0.65|-0.35|0.77|0.78|0.11|0.68
49.87153911590576|0.08|-0.33|4.82|9.04|1.18|0.01|0.00|-0.01|0.00|-1.68|1.70|-0.26|-0.43|2.39|0.00|-0.03|-0.01|-14.27|-31.18|0.56|-42.01|-85978.00|-1108.00|9747.00|-1728.00|0.64|-0.37|0.77|0.78|0.11|0.70
50.0600380897522|0.09|10.82|-4.22|1.22|4.09|0.03|0.00|0.00|0.00|0.41|0.88|-0.02|0.36|8.94|-0.03|0.06|-0.01|-14.19|-31.01|0.56|-41.94|-84253.00|-1113.00|9758.00|-1729.00|0.64|-0.36|0.76|0.78|0.11|0.68
50.25250959396362|0.07|-10.24|1.79|3.50|0.47|-0.02|0.00|-0.00|0.00|-1.54|1.22|0.64|0.45|4.57|-0.02|-0.03|0.01|-14.48|-30.78|0.68|-41.86|-83384.00|-1116.00|9752.00|-1728.00|0.64|-0.36|0.77|0.78|0.10|0.68
50.4449942111969|0.09|-2.24|19.99|0.82|0.80|-0.02|0.00|0.00|-0.00|-1.97|5.08|0.80|0.60|0.23|0.00|0.00|0.00|-14.86|-29.80|0.83|-41.74|-83339.00|-1116.00|9752.00|-1728.00|0.64|-0.37|0.78|0.78|0.10|0.70
50.63848161697388|0.09|9.13|-1.27|-1.39|-3.20|0.06|0.00|0.00|-0.00|-0.24|4.84|0.54|-0.01|11.36|-0.11|-3.47|0.03|-14.91|-28.88|0.94|-41.74|-81180.00|-1136.00|9092.00|-1723.00|0.63|-0.37|0.79|0.77|0.10|0.69
50.83492708206177|0.07|-1.75|-13.96|-1.02|1.49|-0.00|0.00|0.02|-0.00|-0.58|2.12|0.34|0.28|10.63|-0.02|-0.08|-0.07|-15.02|-28.46|1.00|-41.69|-79108.00|-1139.00|9077.00|-1737.00|0.62|-0.37|0.78|0.77|0.10|0.69
51.031429052352905|0.08|-10.37|-14.24|2.83|-1.43|-0.03|-0.00|0.00|0.00|-2.62|-0.69|0.90|0.00|4.19|-0.02|0.59|-0.05|-15.54|-28.60|1.18|-41.69|-78283.00|-1143.00|9193.00|-1747.00|0.63|-0.38|0.78|0.77|0.11|0.70
51.22794222831726|0.08|-2.75|2.31|-3.95|-3.35|0.01|0.00|0.00|-0.00|-3.16|-0.23|0.12|-0.65|7.11|-0.01|0.86|-0.06|-16.16|-28.64|1.20|-41.82|-76889.00|-1144.00|9361.00|-1759.00|0.61|-0.39|0.77|0.78|0.11|0.70
51.42040157318115|0.09|28.07|-0.40|5.91|-2.04|-0.02|0.00|0.02|-0.00|2.29|-0.31|1.27|-1.05|3.69|0.04|4.13|-0.12|-15.71|-28.70|1.45|-42.02|-76173.00|-1137.00|10162.00|-1783.00|0.62|-0.38|0.77|0.78|0.10|0.69
51.62091398239136|0.08|-14.73|-5.27|4.86|3.04|-0.01|-0.00|0.01|-0.00|-0.57|-1.33|2.21|-0.46|1.53|0.02|6.46|-0.31|-15.82|-28.96|1.88|-42.11|-75876.00|-1134.00|11416.00|-1843.00|0.63|-0.38|0.77|0.79|0.11|0.69
51.813398122787476|0.08|-11.56|2.72|-4.50|8.79|-0.01|0.00|-0.00|0.00|-2.85|-0.80|1.33|1.27|0.30|0.06|5.94|-0.29|-16.38|-29.12|2.14|-41.86|-75817.00|-1122.00|12587.00|-1900.00|0.63|-0.37|0.78|0.78|0.11|0.70
52.00983476638794|0.09|56.58|-4.04|0.37|-7.00|-0.00|-0.00|-0.02|0.00|8.13|-1.58|1.40|-0.09|0.02|-0.06|2.53|-0.18|-14.81|-29.43|2.41|-41.87|-75813.00|-1133.00|13077.00|-1934.00|0.63|-0.38|0.79|0.78|0.12|0.69
52.20628547668457|0.08|27.21|22.20|1.78|-3.88|-0.00|-0.00|0.00|0.00|13.49|2.79|1.75|-0.85|-0.48|-0.13|2.93|-0.16|-12.15|-28.88|2.76|-42.04|-75908.00|-1159.00|13655.00|-1965.00|0.62|-0.36|0.80|0.78|0.12|0.70
52.40775918960571|0.10|-17.02|-24.81|-7.17|7.41|-0.00|-0.00|-0.01|0.00|10.13|-2.09|0.34|0.61|-0.94|-0.21|0.36|-0.03|-10.16|-29.29|2.82|-41.92|-76093.00|-1201.00|13726.00|-1971.00|0.62|-0.31|0.82|0.77|0.12|0.70
52.604228496551514|0.10|43.35|29.83|1.40|-7.10|-0.01|0.00|-0.02|0.00|18.76|3.84|0.61|-0.80|-3.22|-0.13|-2.66|0.20|-6.42|-28.52|2.94|-42.08|-76734.00|-1226.00|13196.00|-1932.00|0.62|-0.28|0.83|0.78|0.12|0.69
52.80071687698364|0.08|-45.74|-17.70|10.00|-1.74|0.02|-0.00|0.01|-0.00|9.79|0.37|2.57|-1.15|0.20|-0.47|0.21|0.01|-4.50|-28.45|3.45|-42.31|-76695.00|-1318.00|13238.00|-1930.00|0.58|-0.22|0.87|0.78|0.13|0.69
52.993205547332764|0.10|-46.34|-16.29|-9.12|-5.97|0.05|0.00|0.02|0.00|0.76|-2.80|0.80|-2.31|9.76|-0.05|4.68|0.18|-4.36|-29.00|3.60|-42.76|-74792.00|-1328.00|14151.00|-1895.00|0.60|-0.22|0.87|0.79|0.13|0.68
53.18963432312012|0.08|2.99|24.12|-17.48|5.61|0.02|-0.00|0.02|-0.00|1.34|1.90|-2.61|-1.22|13.52|-0.20|9.04|0.06|-4.09|-28.63|3.09|-42.99|-72156.00|-1367.00|15914.00|-1884.00|0.61|-0.22|0.85|0.78|0.13|0.68
53.386205196380615|0.08|16.49|6.08|-80.47|-19.98|-0.07|0.00|-0.06|-0.00|4.56|3.09|-18.30|-5.11|0.12|0.00|-2.86|-0.06|-3.21|-28.03|-0.47|-43.99|-72132.00|-1367.00|15356.00|-1896.00|0.59|-0.21|0.87|0.77|0.10|0.70
