0.07783794403076172||-52.29|2.75|-49.33|2.00|-1.00|-18.00|-13.00|0.85|0.03|0.63|0.84|0.07|0.61
0.25347304344177246|0.07|0.26|1.00|-1.48|-1.56|0.00|0.00|0.00|0.00|0.17|0.20|-0.07|-0.34|0.00|0.00|0.00|0.00|1.35|-52.26|2.73|-49.39|2.00|-1.00|-18.00|-13.00|0.84|0.03|0.63|0.84|0.07|0.61
0.42989683151245117|0.05|-1.95|-0.22|0.78|2.22|0.00|0.00|0.00|0.00|-0.17|0.17|0.07|0.05|0.00|0.00|0.00|0.00|1.32|-52.23|2.75|-49.38|2.00|-1.00|-18.00|-13.00|0.85|0.03|0.62|0.84|0.06|0.61
0.6054337024688721|0.07|1.38|-1.97|-0.03|-0.74|0.00|0.00|0.00|0.00|0.06|-0.18|0.06|-0.08|0.00|0.00|0.00|0.00|1.33|-52.26|2.76|-49.39|2.00|-1.00|-18.00|-13.00|0.85|0.03|0.62|0.84|0.06|0.62
0.781909704208374|0.08|-1.38|0.83|-0.73|0.03|0.00|0.00|0.00|0.00|-0.18|-0.03|-0.06|-0.07|0.00|0.00|0.00|0.00|1.30|-52.27|2.75|-49.40|2.00|-1.00|-18.00|-13.00|0.86|0.03|0.63|0.84|0.06|0.61
0.9584829807281494|0.08|0.73|-0.45|-0.97|-1.19|0.00|0.00|0.00|0.00|-0.05|-0.11|-0.24|-0.28|0.00|0.00|0.00|0.00|1.29|-52.28|2.70|-49.45|2.00|-1.00|-18.00|-13.00|0.85|0.03|0.62|0.85|0.06|0.62
1.1341221332550049|0.07|1.36|-0.03|0.10|0.63|0.00|0.00|0.00|0.00|0.19|-0.12|-0.22|-0.17|0.00|0.00|0.00|0.00|1.32|-52.31|2.66|-49.48|2.00|-1.00|-18.00|-13.00|0.85|0.04|0.63|0.84|0.07|0.61
1.3105459213256836|0.07|-1.24|1.17|1.09|0.64|0.00|0.00|0.00|0.00|-0.03|0.09|-0.03|-0.06|0.00|0.00|0.00|0.00|1.32|-52.29|2.66|-49.49|2.00|-1.00|-18.00|-13.00|0.85|0.04|0.62|0.84|0.06|0.61
1.4820892810821533|0.07|-0.09|0.00|-0.91|0.53|0.00|0.00|0.00|0.00|-0.04|0.09|-0.19|0.03|0.00|0.00|0.00|0.00|1.31|-52.27|2.63|-49.49|2.00|-1.00|-18.00|-13.00|0.84|0.03|0.62|0.84|0.06|0.62
1.6626291275024414|0.07|-0.28|-1.09|1.65|-0.54|0.00|0.00|0.00|0.00|-0.09|-0.10|0.10|-0.06|0.00|0.00|0.00|0.00|1.29|-52.29|2.64|-49.50|2.00|-1.00|-18.00|-13.00|0.85|0.03|0.63|0.84|0.07|0.62
1.8391287326812744|0.07|-0.01|0.43|-0.08|-0.84|0.00|0.00|0.00|0.00|-0.09|-0.02|0.09|-0.21|0.00|0.00|0.00|0.00|1.28|-52.29|2.66|-49.54|2.00|-1.00|-18.00|-13.00|0.85|0.03|0.63|0.84|0.06|0.61
2.014768362045288|0.08|0.36|-1.04|-0.84|0.59|0.00|0.00|0.00|0.00|-0.03|-0.21|-0.06|-0.10|0.00|0.00|0.00|0.00|1.27|-52.33|2.65|-49.55|2.00|-1.00|-18.00|-13.00|0.84|0.04|0.62|0.84|0.06|0.61
2.187211513519287|0.07|0.76|2.05|0.38|-1.86|0.00|0.00|0.00|0.00|0.11|0.16|0.00|-0.43|0.00|0.00|0.00|0.00|1.29|-52.30|2.65|-49.63|2.00|-1.00|-18.00|-13.00|0.85|0.03|0.62|0.84|0.06|0.61
2.362740993499756|0.07|-1.88|-2.17|0.55|2.56|0.00|0.00|0.00|0.00|-0.22|-0.22|0.10|0.01|0.00|0.00|0.00|0.00|1.25|-52.34|2.67|-49.63|2.00|-1.00|-18.00|-13.00|0.85|0.03|0.62|0.84|0.06|0.62
2.539259672164917|0.07|0.76|2.30|-2.45|-0.22|0.00|0.00|0.00|0.00|-0.09|0.18|-0.33|-0.02|0.00|0.00|0.00|0.00|1.24|-52.31|2.61|-49.63|2.00|-1.00|-18.00|-13.00|0.85|0.04|0.63|0.84|0.06|0.61
2.7108266353607178|0.07|1.10|0.42|1.28|-1.89|0.00|0.00|0.00|0.00|0.11|0.26|-0.10|-0.36|0.00|0.00|0.00|0.00|1.26|-52.26|2.59|-49.70|2.00|-1.00|-18.00|-13.00|0.85|0.02|0.63|0.84|0.06|0.61
2.8873307704925537|0.07|-1.18|-1.18|0.42|0.52|0.00|0.00|0.00|0.00|-0.10|0.05|-0.03|-0.27|0.00|0.00|0.00|0.00|1.24|-52.26|2.59|-49.74|2.00|-1.00|-18.00|-13.00|0.85|0.03|0.62|0.84|0.06|0.62
3.063819646835327|0.07|0.28|0.05|15.50|15.11|0.00|0.00|0.00|0.00|-0.05|0.06|2.70|2.39|0.00|0.00|0.00|0.00|1.23|-52.25|3.06|-49.32|2.00|-1.00|-18.00|-13.00|0.86|0.03|0.61|0.84|0.09|0.62
3.243391513824463|0.07|-0.83|-1.67|-32.00|62.25|0.00|0.00|0.00|0.00|-0.19|-0.23|-2.87|13.22|0.00|0.00|43.64|0.03|1.20|-52.29|2.56|-47.02|2.00|-1.00|7576.00|-8.00|0.85|0.02|0.62|0.81|0.16|0.53
3.427978754043579|0.08|-0.57|1.51|206.19|74.59|0.00|0.00|0.45|-0.01|-0.30|0.04|34.45|26.72|0.00|0.00|124.56|-1.35|1.14|-52.28|8.80|-42.18|2.00|-1.00|30122.00|-252.00|0.85|0.03|0.61|0.69|0.12|0.77
3.6163418292999268|0.08|2.25|-2.29|42.72|13.37|0.00|0.00|-0.09|0.00|0.12|-0.38|42.31|29.18|0.00|0.00|107.17|-0.83|1.17|-52.35|16.58|-36.81|2.00|-1.00|49841.00|-405.00|0.86|0.03|0.64|0.73|0.23|0.65
3.8008995056152344|0.08|-1.44|3.27|-157.76|44.00|0.00|0.00|0.04|-0.00|-0.15|0.23|12.97|37.37|0.00|0.00|114.65|-1.12|1.14|-52.30|18.99|-29.86|2.00|-1.00|71165.00|-614.00|0.86|0.04|0.63|0.65|0.22|0.83
3.9843597412109375|0.09|0.95|-0.87|34.97|31.78|0.00|0.00|-0.48|0.01|0.02|0.07|19.51|43.31|0.00|0.00|24.58|0.83|1.14|-52.29|22.64|-21.76|2.00|-1.00|75761.00|-459.00|0.84|0.03|0.62|0.50|0.33|0.91
4.16889762878418|0.08|-1.19|-0.29|-66.73|-71.98|0.00|0.00|0.04|-0.00|-0.19|0.01|7.36|30.21|0.00|0.00|32.20|0.55|1.11|-52.29|23.98|-16.27|2.00|-1.00|81622.00|-359.00|0.85|0.03|0.63|0.44|0.32|0.90
4.353420734405518|0.08|0.59|-0.78|-28.43|-158.04|0.00|0.00|-0.15|-0.00|-0.08|-0.13|2.07|0.81|0.00|0.00|3.63|0.41|1.09|-52.31|24.37|-16.11|2.00|-1.00|82297.00|-282.00|0.85|0.03|0.62|0.37|0.35|0.92
4.533935308456421|0.08|1.12|1.28|-5.69|8.16|0.00|0.00|-0.04|-0.00|0.12|0.11|1.03|2.31|0.00|0.00|-2.83|-0.19|1.11|-52.29|24.56|-15.69|2.00|-1.00|81776.00|-317.00|0.85|0.03|0.62|0.40|0.35|0.90
4.726420879364014|0.08|-0.07|-1.65|-16.84|-100.95|0.00|0.00|-0.26|-0.00|0.11|-0.19|-2.00|-15.86|0.00|0.00|-48.78|-0.38|1.13|-52.33|24.20|-18.54|2.00|-1.00|72996.00|-386.00|0.84|0.02|0.62|0.40|0.35|0.86
4.914926767349243|0.08|-0.59|0.79|7.78|-25.58|0.00|0.00|0.09|-0.00|-0.00|-0.04|-0.51|-20.77|0.00|0.00|-30.73|-0.60|1.13|-52.34|24.10|-22.53|2.00|-1.00|67096.00|-502.00|0.85|0.03|0.62|0.45|0.36|0.88
5.099421262741089|0.08|0.07|-0.05|29.73|89.39|0.00|0.00|0.03|0.00|0.01|-0.05|5.05|-4.05|0.00|0.00|-25.37|-0.50|1.14|-52.35|25.04|-23.29|2.00|-1.00|62352.00|-595.00|0.84|0.03|0.63|0.37|0.33|0.89
5.27895450592041|0.08|0.76|0.52|-38.12|2.95|0.00|0.00|0.11|0.00|0.15|0.05|-1.93|-3.51|0.00|0.00|-6.00|-0.09|1.16|-52.34|24.69|-23.93|2.00|-1.00|61254.00|-611.00|0.85|0.03|0.63|0.54|0.38|0.82
5.463468313217163|0.07|-0.16|0.34|-13.71|-48.67|0.00|0.00|-0.00|0.00|0.12|0.11|-4.40|-12.27|0.00|0.00|-6.50|0.20|1.18|-52.32|23.90|-26.14|2.00|-1.00|60084.00|-575.00|0.85|0.03|0.62|0.56|0.39|0.79
5.651951551437378|0.07|-1.18|-1.50|22.54|62.82|0.00|0.00|-0.09|0.00|-0.10|-0.17|-0.20|-0.59|0.00|0.00|-22.81|0.38|1.17|-52.35|23.86|-26.25|2.00|-1.00|55842.00|-505.00|0.85|0.04|0.62|0.58|0.39|0.78
5.832492113113403|0.08|0.68|1.65|-47.08|26.95|0.00|0.00|0.02|-0.01|0.03|0.14|-8.96|4.42|0.00|0.00|-18.91|-0.83|1.17|-52.32|22.20|-25.43|2.00|-1.00|52325.00|-660.00|0.85|0.03|0.62|0.59|0.36|0.76
6.0169641971588135|0.07|0.08|-1.08|102.27|37.54|0.00|0.00|0.09|0.01|0.04|-0.06|9.76|11.29|0.00|0.00|-3.05|0.31|1.18|-52.34|23.98|-23.36|2.00|-1.00|51766.00|-604.00|0.86|0.03|0.64|0.53|0.41|0.81
6.196502685546875|0.07|-0.83|1.87|17.98|-13.83|0.00|0.00|0.00|0.00|-0.11|0.28|13.03|8.78|0.00|0.00|-2.41|0.85|1.16|-52.28|26.35|-21.76|2.00|-1.00|51328.00|-450.00|0.85|0.04|0.62|0.52|0.44|0.79
6.385098218917847|0.08|0.72|-1.78|-81.34|-41.20|0.00|0.00|-0.00|-0.00|0.02|-0.05|-1.78|1.28|0.00|0.00|-3.14|0.62|1.16|-52.29|26.03|-21.53|2.00|-1.00|50757.00|-337.00|0.85|0.03|0.63|0.52|0.47|0.79
6.573593616485596|0.08|-1.41|-0.68|-174.26|-68.74|0.00|0.00|0.02|-0.01|-0.24|-0.17|-34.01|-11.44|0.00|0.00|0.40|-0.56|1.12|-52.32|19.74|-23.65|2.00|-1.00|50831.00|-441.00|0.84|0.03|0.63|0.48|0.43|0.82
6.754020929336548|0.08|0.65|1.46|192.94|76.53|0.00|0.00|0.04|-0.00|-0.12|0.11|2.84|3.18|0.00|0.00|8.89|-0.68|1.10|-52.30|20.28|-23.04|2.00|-1.00|52529.00|-570.00|0.85|0.04|0.62|0.49|0.40|0.83
6.937514066696167|0.05|1.35|0.06|-21.54|-13.21|0.00|0.00|-0.05|0.01|0.13|0.12|-1.04|0.80|0.00|0.00|0.33|0.48|1.12|-52.28|20.09|-22.90|2.00|-1.00|52588.00|-483.00|0.84|0.03|0.63|0.51|0.41|0.81
7.122036695480347|0.08|0.11|-1.12|-6.09|-31.92|0.00|0.00|-0.00|-0.00|0.15|-0.08|-2.14|-4.98|0.00|0.00|0.00|-0.03|1.15|-52.30|19.70|-23.80|2.00|-1.00|52588.00|-488.00|0.84|0.04|0.62|0.51|0.42|0.82
7.30649471282959|0.08|-0.47|0.70|-5.51|14.77|0.00|0.00|-0.00|0.00|0.06|0.05|-3.17|-2.23|0.00|0.00|-0.03|-0.02|1.16|-52.29|19.11|-24.21|2.00|-1.00|52583.00|-491.00|0.85|0.03|0.62|0.53|0.40|0.81
7.487061262130737|0.07|-0.19|-1.19|-23.20|26.10|0.00|0.00|0.00|0.00|0.02|-0.17|-7.41|2.55|0.00|0.00|0.00|0.00|1.16|-52.32|17.76|-23.75|2.00|-1.00|52583.00|-491.00|0.85|0.03|0.62|0.53|0.39|0.82
7.671586275100708|0.07|-0.62|0.86|4.79|-28.21|0.00|0.00|0.00|0.00|-0.09|-0.02|-6.54|-2.56|0.00|0.00|0.00|0.00|1.14|-52.32|16.57|-24.21|2.00|-1.00|52583.00|-491.00|0.85|0.02|0.63|0.51|0.38|0.85
7.851138591766357|0.08|0.23|-0.96|28.92|1.14|0.00|0.00|0.00|0.00|-0.05|-0.19|-1.28|-2.35|0.00|0.00|-1.17|-0.20|1.13|-52.36|16.34|-24.64|2.00|-1.00|52370.00|-528.00|0.85|0.03|0.61|0.61|0.41|0.78
8.035594701766968|0.07|-0.64|0.23|-13.00|16.65|0.00|0.00|0.00|0.00|-0.17|-0.15|-3.67|0.71|0.00|0.00|-0.60|0.09|1.10|-52.39|15.66|-24.51|2.00|-1.00|52259.00|-511.00|0.85|0.03|0.62|0.53|0.37|0.82
8.216135501861572|0.07|-0.06|0.93|-7.30|47.68|0.00|0.00|0.00|-0.00|-0.18|0.02|-5.01|9.44|0.00|0.00|0.00|-0.02|1.07|-52.38|14.75|-22.78|2.00|-1.00|52259.00|-515.00|0.85|0.03|0.63|0.52|0.34|0.84
8.39664101600647|0.08|1.29|1.21|5.63|-71.43|0.00|0.00|0.00|0.00|0.05|0.24|-3.99|-3.49|0.00|0.00|-1.28|0.04|1.08|-52.34|14.03|-23.41|2.00|-1.00|52028.00|-508.00|0.85|0.04|0.62|0.51|0.32|0.85
8.580172538757324|0.05|0.05|-1.17|5.98|8.86|0.00|0.00|-0.06|-0.00|0.06|0.03|-2.91|-1.89|0.00|0.00|-12.73|-0.51|1.09|-52.33|13.50|-23.75|2.00|-1.00|49724.00|-601.00|0.84|0.03|0.63|0.53|0.32|0.85
8.76065969467163|0.07|0.11|-0.03|9.93|29.87|0.00|0.00|0.02|0.00|0.08|0.03|-1.09|3.58|0.00|0.00|-8.35|-0.02|1.11|-52.33|13.30|-23.10|2.00|-1.00|48196.00|-604.00|0.85|0.03|0.63|0.52|0.32|0.84
8.945268392562866|0.07|-1.48|-0.36|14.85|-4.54|0.00|0.00|0.02|-0.00|-0.18|-0.04|1.58|2.76|0.00|0.00|-4.32|-0.06|1.08|-52.33|13.59|-22.60|2.00|-1.00|47419.00|-615.00|0.85|0.03|0.62|0.51|0.31|0.88
9.129653215408325|0.05|1.14|-0.25|-4.18|-23.84|0.00|0.00|-0.03|0.00|0.03|-0.09|0.82|-1.60|0.00|0.00|-9.64|0.42|1.08|-52.35|13.73|-22.89|2.00|-1.00|45654.00|-538.00|0.85|0.04|0.62|0.51|0.31|0.85
9.310144662857056|0.08|-0.08|1.33|12.85|34.15|0.00|0.00|-0.01|-0.00|0.01|0.16|3.18|4.68|0.00|0.00|-12.28|0.08|1.08|-52.32|14.32|-22.03|2.00|-1.00|43394.00|-524.00|0.85|0.03|0.62|0.51|0.32|0.85
9.493692874908447|0.05|0.10|-0.70|-26.50|-10.38|0.00|0.00|0.04|-0.00|0.03|0.03|-1.64|2.79|0.00|0.00|-4.13|-0.01|1.09|-52.32|14.02|-21.52|2.00|-1.00|42642.00|-525.00|0.85|0.03|0.63|0.50|0.32|0.86
9.68219256401062|0.08|-0.44|-0.85|4.04|-5.07|0.00|0.00|-0.05|-0.00|-0.05|-0.12|-0.90|1.86|0.00|0.00|-13.64|-0.10|1.08|-52.34|13.86|-21.18|2.00|-1.00|40133.00|-544.00|0.84|0.04|0.63|0.49|0.31|0.88
9.866707563400269|0.07|1.32|1.56|3.97|-15.02|0.00|0.00|-0.02|0.00|0.19|0.17|-0.16|-0.93|0.00|0.00|-17.27|-0.02|1.11|-52.31|13.83|-21.35|2.00|-1.00|36920.00|-547.00|0.85|0.03|0.62|0.49|0.32|0.86
10.051209688186646|0.05|-2.14|-1.01|-11.13|13.45|0.00|0.00|0.02|-0.00|-0.20|-0.02|-2.20|1.53|0.00|0.00|-13.75|-0.57|1.08|-52.31|13.42|-21.07|2.00|-1.00|34403.00|-652.00|0.85|0.03|0.63|0.48|0.31|0.87
10.235672950744629|0.08|0.62|0.07|0.64|-36.22|0.00|0.00|0.02|0.00|-0.08|-0.00|-2.08|-5.25|0.00|0.00|-9.42|-0.05|1.06|-52.31|13.04|-22.06|2.00|-1.00|32641.00|-662.00|0.85|0.03|0.63|0.49|0.31|0.87
10.415716886520386|0.05|-0.94|0.25|14.28|18.98|0.00|0.00|0.03|0.00|-0.26|0.04|0.55|-1.76|0.00|0.00|-3.27|0.01|1.01|-52.30|13.14|-22.38|2.00|-1.00|32039.00|-661.00|0.85|0.03|0.63|0.50|0.31|0.85
10.595757722854614|0.08|1.50|0.07|-0.62|-3.16|0.00|0.00|0.00|0.00|0.01|0.05|0.44|-2.32|0.00|0.00|-2.75|0.06|1.02|-52.29|13.22|-22.80|2.00|-1.00|31544.00|-650.00|0.85|0.03|0.62|0.50|0.31|0.87
10.780292510986328|0.08|-0.15|0.56|-4.33|13.98|0.00|0.00|0.01|-0.00|-0.01|0.15|-0.33|0.18|0.00|0.00|-0.16|0.04|1.01|-52.27|13.16|-22.77|2.00|-1.00|31515.00|-642.00|0.85|0.03|0.62|0.50|0.31|0.85
10.959739208221436|0.05|1.37|-0.12|-3.55|-8.99|0.00|0.00|0.00|-0.00|0.24|0.13|-0.98|-1.46|0.00|0.00|-0.05|0.00|1.06|-52.24|12.98|-23.03|2.00|-1.00|31505.00|-642.00|0.86|0.03|0.62|0.50|0.31|0.86
11.14429783821106|0.08|-2.11|-0.91|2.70|15.71|0.00|0.00|0.00|-0.00|-0.15|-0.03|-0.49|1.39|0.00|0.00|-0.02|0.04|1.03|-52.25|12.89|-22.78|2.00|-1.00|31501.00|-635.00|0.86|0.04|0.63|0.50|0.31|0.87
11.328796148300171|0.07|1.41|0.00|-24.48|-18.87|0.00|0.00|-0.00|-0.00|0.11|-0.03|-5.00|-2.09|0.00|0.00|-0.11|0.03|1.05|-52.25|11.97|-23.16|2.00|-1.00|31480.00|-629.00|0.85|0.04|0.63|0.51|0.30|0.87
11.509303569793701|0.08|-0.58|1.77|5.04|5.51|0.00|0.00|0.00|-0.00|0.01|0.30|-4.06|-1.07|0.00|0.00|-0.01|-0.03|1.05|-52.20|11.22|-23.36|2.00|-1.00|31479.00|-635.00|0.85|0.03|0.62|0.50|0.29|0.87
11.693778038024902|0.05|-0.04|-2.50|-6.18|4.72|0.00|0.00|-0.00|0.00|0.00|-0.16|-5.18|-0.21|0.00|0.00|-0.01|0.00|1.05|-52.23|10.28|-23.40|2.00|-1.00|31477.00|-635.00|0.85|0.03|0.63|0.50|0.28|0.86
11.877339124679565|0.08|-0.07|1.83|13.24|-10.64|0.00|0.00|-0.01|0.00|-0.01|0.18|-2.76|-2.16|0.00|0.00|-2.19|0.00|1.05|-52.19|9.78|-23.80|2.00|-1.00|31076.00|-635.00|0.85|0.03|0.62|0.51|0.27|0.88
12.057837009429932|0.08|0.30|-1.11|21.74|10.96|0.00|0.00|-0.00|0.00|0.04|-0.02|1.22|-0.16|0.00|0.00|-2.35|0.00|1.06|-52.20|10.00|-23.82|2.00|-1.00|30646.00|-635.00|0.85|0.03|0.62|0.51|0.28|0.87
12.24234390258789|0.05|0.41|0.30|-27.38|77.89|0.00|0.00|0.00|0.00|0.12|0.03|-3.76|14.02|0.00|0.00|-2.15|-0.02|1.08|-52.19|9.32|-21.27|2.00|-1.00|30254.00|-639.00|0.85|0.03|0.63|0.49|0.29|0.86
12.426860809326172|0.08|-1.02|0.64|43.63|-91.77|0.00|0.00|-0.09|0.00|-0.07|0.15|4.13|-2.59|0.00|0.00|-18.51|0.05|1.07|-52.17|10.06|-21.74|2.00|-1.00|26903.00|-630.00|0.85|0.04|0.62|0.51|0.27|0.89
12.60240626335144|0.08|0.92|-1.08|5.49|27.94|0.00|0.00|0.06|0.00|0.10|-0.05|5.15|2.55|0.00|0.00|-7.44|0.13|1.09|-52.18|11.01|-21.27|2.00|-1.00|25534.00|-606.00|0.85|0.04|0.62|0.51|0.28|0.86
12.790897846221924|0.09|-1.36|3.62|-52.09|-39.74|0.00|0.00|-0.00|-0.00|-0.14|0.60|-4.18|-4.56|0.00|0.00|-8.15|-0.19|1.06|-52.07|10.26|-22.09|2.00|-1.00|24076.00|-640.00|0.85|0.04|0.63|0.50|0.30|0.89
12.975434064865112|0.14|1.93|-5.21|12.79|-5.92|0.00|0.00|0.01|0.00|0.22|-0.38|-1.79|-5.67|0.00|0.00|-5.99|-0.17|1.10|-52.14|9.93|-23.15|2.00|-1.00|22955.00|-671.00|0.86|0.04|0.62|0.53|0.29|0.84
13.15592885017395|0.08|-0.58|1.31|6.39|23.05|0.00|0.00|0.01|-0.00|0.11|-0.14|-0.62|-1.45|0.00|0.00|-4.91|-0.45|1.12|-52.17|9.82|-23.41|2.00|-1.00|22056.00|-753.00|0.85|0.04|0.63|0.55|0.25|0.85
13.331451654434204|0.08|0.49|0.81|-5.22|26.11|0.00|0.00|0.06|0.00|0.20|0.01|-1.56|3.28|0.00|0.00|5.28|0.06|1.16|-52.17|9.53|-22.82|2.00|-1.00|23012.00|-743.00|0.85|0.03|0.63|0.54|0.29|0.83
13.515967607498169|0.05|-0.14|-0.36|4.43|-25.23|0.00|0.00|0.02|-0.00|0.18|-0.06|-0.78|-1.19|0.00|0.00|9.45|-0.02|1.19|-52.18|9.40|-23.03|2.00|-1.00|24685.00|-747.00|0.85|0.03|0.63|0.54|0.27|0.84
13.69643235206604|0.07|-1.16|1.44|16.09|12.16|0.00|0.00|0.08|0.00|-0.04|0.21|2.17|1.03|0.00|0.00|24.39|0.22|1.18|-52.14|9.79|-22.84|2.00|-1.00|29149.00|-706.00|0.85|0.04|0.63|0.53|0.28|0.86
13.877001762390137|0.08|0.27|-1.10|15.10|43.80|0.00|0.00|-0.07|-0.00|0.01|0.01|4.89|8.92|0.00|0.00|11.25|0.19|1.19|-52.14|10.67|-21.24|2.00|-1.00|31174.00|-671.00|0.86|0.03|0.63|0.51|0.28|0.88
14.05651569366455|0.08|0.59|-1.35|-13.65|5.66|0.00|0.00|0.09|-0.00|0.12|-0.23|2.43|9.94|0.00|0.00|28.08|0.12|1.21|-52.18|11.11|-19.45|2.00|-1.00|36229.00|-649.00|0.85|0.03|0.62|0.47|0.30|0.92
14.244999170303345|0.09|-0.46|0.68|-32.92|-61.82|0.00|0.00|-0.07|-0.00|0.04|-0.11|-3.53|-1.25|0.00|0.00|15.69|-0.13|1.21|-52.20|10.47|-19.67|2.00|-1.00|39068.00|-672.00|0.85|0.03|0.62|0.47|0.30|0.90
14.42952036857605|0.07|0.15|0.60|8.25|-11.94|0.00|0.00|-0.08|0.00|0.06|-0.00|-1.99|-3.48|0.00|0.00|-0.10|-0.02|1.23|-52.20|10.10|-20.33|2.00|-1.00|39050.00|-676.00|0.86|0.03|0.63|0.46|0.29|0.89
14.610045671463013|0.07|-0.99|0.87|4.56|-2.56|0.00|0.00|-0.05|-0.00|-0.12|0.16|-1.15|-3.96|0.00|0.00|-8.61|-0.38|1.20|-52.17|9.89|-21.05|2.00|-1.00|37466.00|-746.00|0.85|0.03|0.62|0.49|0.29|0.88
14.793555736541748|0.09|1.23|-1.93|6.79|-3.59|0.00|0.00|-0.00|0.00|0.10|-0.19|0.09|-4.61|0.00|0.00|-9.39|-0.27|1.22|-52.20|9.90|-21.89|2.00|-1.00|35757.00|-795.00|0.85|0.03|0.62|0.50|0.28|0.87
14.974168062210083|0.09|-0.29|1.02|-0.25|12.01|0.00|0.00|-0.01|0.00|0.05|-0.01|0.04|-2.44|0.00|0.00|-10.99|-0.17|1.23|-52.21|9.91|-22.33|2.00|-1.00|33767.00|-826.00|0.85|0.04|0.62|0.50|0.28|0.88
15.158580303192139|0.07|-0.38|0.99|-2.62|4.45|0.00|0.00|-0.01|0.00|-0.02|0.17|-0.44|-1.62|0.00|0.00|-13.51|-0.11|1.23|-52.17|9.83|-22.63|2.00|-1.00|31294.00|-847.00|0.85|0.03|0.63|0.50|0.29|0.86
15.339093446731567|0.07|0.10|-0.76|1.45|5.32|0.00|0.00|0.01|0.00|0.00|0.03|-0.17|-0.65|0.00|0.00|-12.46|-0.03|1.23|-52.17|9.80|-22.75|2.00|-1.00|29014.00|-853.00|0.85|0.04|0.63|0.51|0.28|0.87
15.518714189529419|0.08|0.73|-0.95|5.09|4.86|0.00|0.00|-0.00|-0.00|0.13|-0.14|0.75|0.23|0.00|0.00|-12.93|-0.23|1.25|-52.19|9.93|-22.71|2.00|-1.00|26686.00|-895.00|0.84|0.03|0.62|0.51|0.29|0.90
15.703132152557373|0.12|0.09|-2.78|-8.80|-4.70|0.00|0.00|0.03|0.00|0.15|-0.64|-0.85|-0.62|0.00|0.00|-7.58|-0.17|1.28|-52.31|9.78|-22.82|2.00|-1.00|25314.00|-925.00|0.85|0.06|0.63|0.51|0.28|0.85
15.879654169082642|0.12|-0.38|5.45|8.73|1.82|0.00|0.00|0.03|0.00|0.08|0.36|0.75|-0.29|0.00|0.00|-1.51|-0.08|1.29|-52.24|9.92|-22.87|2.00|-1.00|25038.00|-939.00|0.86|0.04|0.62|0.50|0.28|0.88
16.063261032104492|0.14|-0.56|-2.26|-3.40|2.13|0.00|0.00|-0.00|-0.00|-0.02|-0.04|0.15|0.09|0.00|0.00|-2.31|-0.14|1.29|-52.25|9.95|-22.86|2.00|-1.00|24629.00|-963.00|0.86|0.03|0.63|0.51|0.29|0.88
16.24765920639038|0.16|0.54|-0.51|-4.14|-0.53|0.00|0.00|0.01|0.00|0.08|-0.13|-0.61|-0.01|0.00|0.00|-0.11|-0.03|1.31|-52.28|9.83|-22.86|2.00|-1.00|24608.00|-968.00|0.86|0.04|0.62|0.50|0.28|0.88
16.428189754486084|0.18|-0.33|0.17|-2.89|-10.85|0.00|0.00|-0.01|0.00|0.02|-0.10|-1.13|-1.99|0.00|0.00|-1.14|0.08|1.31|-52.29|9.63|-23.22|2.00|-1.00|24400.00|-953.00|0.85|0.03|0.63|0.52|0.27|0.89
16.60866355895996|0.09|-0.17|1.09|8.03|-5.82|0.00|0.00|0.00|-0.00|-0.01|0.10|0.35|-3.06|0.00|0.00|-0.61|0.04|1.31|-52.28|9.69|-23.78|2.00|-1.00|24288.00|-946.00|0.85|0.04|0.63|0.51|0.28|0.87
16.79317021369934|0.04|-1.37|0.05|-21.63|29.77|0.00|0.00|0.07|0.00|-0.26|0.10|-3.53|2.27|0.00|0.00|11.73|0.15|1.26|-52.26|9.06|-23.38|2.00|-1.00|26387.00|-920.00|0.85|0.04|0.62|0.53|0.30|0.86
16.968729734420776|0.07|2.15|0.24|7.59|-17.43|0.00|0.00|0.11|0.00|0.13|0.15|-2.15|-0.88|0.00|0.00|31.99|0.28|1.28|-52.23|8.67|-23.54|2.00|-1.00|32177.00|-869.00|0.85|0.03|0.63|0.52|0.27|0.87
17.14925765991211|0.07|-0.57|-1.69|42.09|4.07|0.00|0.00|0.05|0.00|0.03|-0.16|5.38|-0.15|0.00|0.00|41.69|0.42|1.29|-52.26|9.63|-23.56|2.00|-1.00|39640.00|-793.00|0.85|0.03|0.62|0.51|0.28|0.85
17.329782009124756|0.07|0.01|0.80|-22.76|13.61|0.00|0.00|-0.00|-0.00|0.03|-0.01|1.31|2.28|0.00|0.00|40.89|0.28|1.29|-52.26|9.87|-23.16|2.00|-1.00|46959.00|-742.00|0.85|0.03|0.62|0.51|0.30|0.85
17.513299465179443|0.07|-0.97|0.06|12.42|14.98|0.00|0.00|-0.10|-0.00|-0.15|0.00|3.57|5.01|0.00|0.00|23.53|0.27|1.27|-52.26|10.52|-22.24|2.00|-1.00|51241.00|-693.00|0.85|0.04|0.62|0.51|0.32|0.88
17.697804927825928|0.07|0.14|-1.07|-10.82|-41.76|0.00|0.00|-0.14|-0.00|-0.12|-0.20|1.60|-2.59|0.00|0.00|-2.63|0.11|1.24|-52.30|10.81|-22.72|2.00|-1.00|50762.00|-673.00|0.85|0.03|0.61|0.30|0.25|0.86
17.8823082447052|0.07|1.07|0.66|-9.17|21.43|0.00|0.00|-0.12|-0.00|0.08|-0.07|-0.11|1.40|0.00|0.00|-24.19|-0.39|1.26|-52.31|10.79|-22.46|2.00|-1.00|46262.00|-746.00|0.85|0.04|0.62|0.51|0.29|0.88
18.062815189361572|0.07|-0.22|0.07|9.30|3.30|0.00|0.00|-0.00|0.00|0.04|-0.06|1.60|2.00|0.00|0.00|-24.63|0.18|1.26|-52.32|11.08|-22.09|2.00|-1.00|41730.00|-713.00|0.85|0.03|0.63|0.50|0.27|0.86
18.250311613082886|0.08|-0.55|1.79|-13.31|-6.88|0.00|0.00|0.03|-0.00|-0.06|0.26|-0.79|0.76|0.00|0.00|-19.27|-0.25|1.25|-52.27|10.94|-21.95|2.00|-1.00|38261.00|-758.00|0.84|0.03|0.62|0.48|0.28|0.89
18.43084168434143|0.08|2.04|-1.22|-1.66|-1.90|0.00|0.00|0.03|0.00|0.31|0.04|-1.10|0.41|0.00|0.00|-12.86|-0.22|1.31|-52.27|10.74|-21.87|2.00|-1.00|35882.00|-798.00|0.85|0.03|0.63|0.49|0.29|0.89
18.615339040756226|0.08|-2.13|0.54|10.00|-2.50|0.00|0.00|-0.01|-0.00|-0.07|0.14|0.72|-0.04|0.00|0.00|-14.02|-0.52|1.30|-52.24|10.87|-21.88|2.00|-1.00|33330.00|-892.00|0.85|0.03|0.62|0.49|0.29|0.90
18.803849458694458|0.09|0.11|-1.67|-19.34|-7.13|0.00|0.00|0.02|0.00|-0.05|-0.17|-2.86|-1.36|0.00|0.00|-10.25|-0.06|1.29|-52.27|10.34|-22.13|2.00|-1.00|31433.00|-904.00|0.84|0.03|0.63|0.48|0.28|0.88
18.988354682922363|0.08|-0.47|1.82|6.80|-32.09|0.00|0.00|0.01|-0.00|-0.14|0.17|-1.59|-7.33|0.00|0.00|-9.30|-0.08|1.26|-52.24|10.05|-23.50|2.00|-1.00|29704.00|-919.00|0.85|0.03|0.62|0.49|0.26|0.88
19.168866634368896|0.09|1.07|-1.36|16.24|36.94|0.00|0.00|0.00|0.00|0.06|-0.08|1.40|-0.54|0.00|0.00|-9.05|-0.05|1.27|-52.26|10.30|-23.60|2.00|-1.00|28038.00|-929.00|0.84|0.03|0.63|0.51|0.28|0.88
19.348401308059692|0.07|0.79|1.61|-8.25|-3.71|0.00|0.00|0.03|0.00|0.20|0.21|-0.11|-1.22|0.00|0.00|-4.05|0.13|1.31|-52.22|10.28|-23.82|2.00|-1.00|27296.00|-906.00|0.87|0.02|0.63|0.50|0.28|0.85
19.53697419166565|0.07|-0.30|-2.78|-9.22|-16.80|0.00|0.00|-0.07|-0.00|0.15|-0.29|-1.76|-4.22|0.00|0.00|-16.47|-0.18|1.33|-52.27|9.97|-24.57|2.00|-1.00|24347.00|-939.00|0.85|0.04|0.63|0.48|0.25|0.88
19.721354007720947|0.07|-1.21|2.00|7.09|17.62|0.00|0.00|0.04|-0.00|-0.08|0.09|-0.44|-0.93|0.00|0.00|-8.75|-0.32|1.32|-52.25|9.88|-24.75|2.00|-1.00|22711.00|-998.00|0.85|0.04|0.62|0.56|0.26|0.84
19.90190577507019|0.07|-0.77|-0.22|-2.88|-14.69|0.00|0.00|0.01|0.00|-0.22|0.05|-0.96|-3.62|0.00|0.00|-6.87|0.06|1.28|-52.25|9.71|-25.41|2.00|-1.00|21453.00|-987.00|0.85|0.04|0.63|0.55|0.25|0.87
20.08540964126587|0.02|-0.57|0.57|19.22|28.64|0.00|0.00|0.05|-0.00|-0.32|0.15|2.55|1.62|0.00|0.00|2.63|-0.04|1.22|-52.22|10.18|-25.11|2.00|-1.00|21934.00|-995.00|0.84|0.05|0.63|0.60|0.26|0.83
20.265947103500366|0.01|1.63|-0.04|-13.79|1.79|0.00|0.00|0.10|-0.00|-0.03|0.14|0.07|1.95|0.00|0.00|20.57|-0.06|1.21|-52.19|10.19|-24.76|2.00|-1.00|25637.00|-1005.00|0.85|0.03|0.63|0.55|0.26|0.86
20.450401544570923|0.00|0.34|-0.75|-2.91|-17.91|0.00|0.00|-0.11|0.00|0.03|0.01|-0.46|-1.33|0.00|0.00|0.90|-0.03|1.22|-52.19|10.10|-25.01|2.00|-1.00|25801.00|-1010.00|0.84|0.03|0.63|0.54|0.25|0.86
20.63495898246765|0.00|1.16|1.55|6.02|-3.45|0.00|0.00|0.06|-0.00|0.24|0.29|0.65|-1.97|0.00|0.00|12.63|-0.31|1.26|-52.14|10.22|-25.37|2.00|-1.00|28137.00|-1067.00|0.83|0.03|0.61|0.55|0.32|0.81
20.81852126121521|0.11|-2.16|0.80|-94.38|-46.33|0.00|0.00|0.20|0.00|-0.15|0.44|-16.43|-10.35|0.00|0.00|48.07|-0.29|1.24|-52.06|7.25|-27.24|2.00|-1.00|36837.00|-1120.00|0.83|0.03|0.65|0.47|0.14|0.93
21.00296974182129|0.09|0.66|-2.05|97.00|95.49|0.00|0.00|-0.16|0.00|-0.02|0.06|1.61|7.41|0.00|0.00|17.45|0.00|1.23|-52.05|7.55|-25.87|2.00|-1.00|40083.00|-1120.00|0.85|0.04|0.62|0.51|0.21|0.89
21.18344473838806|0.10|0.36|-0.30|-13.65|47.19|0.00|0.00|-0.05|0.00|0.04|0.00|-0.87|16.00|0.00|0.00|9.06|0.20|1.24|-52.05|7.39|-22.95|2.00|-1.00|41732.00|-1083.00|0.86|0.04|0.63|0.51|0.21|0.91
21.367987871170044|0.10|-0.21|-0.58|1.15|-72.87|0.00|0.00|-0.01|-0.00|0.01|-0.10|-0.67|2.74|0.00|0.00|6.65|-0.01|1.24|-52.06|7.27|-22.46|2.00|-1.00|42943.00|-1084.00|0.84|0.03|0.62|0.46|0.21|0.92
21.552467584609985|0.10|-0.09|0.47|6.64|-4.90|0.00|0.00|-0.12|0.00|-0.01|-0.02|0.56|1.83|0.00|0.00|-15.10|0.22|1.24|-52.07|7.37|-22.12|2.00|-1.00|40164.00|-1044.00|0.84|0.03|0.62|0.47|0.21|0.92
21.736013174057007|0.10|-1.09|-0.85|7.13|-0.03|0.00|0.00|-0.02|-0.00|-0.21|-0.17|1.85|1.83|0.00|0.00|-19.27|0.12|1.20|-52.10|7.71|-21.79|2.00|-1.00|36676.00|-1022.00|0.84|0.03|0.63|0.46|0.23|0.91
21.916491508483887|0.10|-0.02|0.84|6.56|-4.56|0.00|0.00|0.02|-0.00|-0.21|-0.01|3.06|0.98|0.00|0.00|-14.91|-0.25|1.16|-52.10|8.27|-21.61|2.00|-1.00|33917.00|-1069.00|0.86|0.03|0.62|0.46|0.22|0.91
22.10503649711609|0.10|1.01|-1.83|-13.38|-13.48|0.00|0.00|-0.02|0.00|-0.03|-0.35|0.61|-1.48|0.00|0.00|-19.46|-0.06|1.16|-52.16|8.39|-21.88|2.00|-1.00|30356.00|-1080.00|0.85|0.03|0.61|0.45|0.22|0.92
22.289504289627075|0.15|-0.45|2.74|21.79|-38.02|0.00|0.00|0.01|-0.00|-0.11|0.16|4.69|-8.59|0.00|0.00|-18.47|-0.13|1.14|-52.13|9.26|-23.48|2.00|-1.00|26902.00|-1104.00|0.85|0.03|0.63|0.44|0.20|0.92
22.478039026260376|0.10|-0.51|-2.05|-24.48|10.38|0.00|0.00|0.05|0.00|-0.21|-0.22|0.14|-6.66|0.00|0.00|-8.55|-0.06|1.10|-52.17|9.29|-24.72|2.00|-1.00|25311.00|-1115.00|0.86|0.03|0.63|0.47|0.25|0.88
22.653664588928223|0.13|1.56|3.12|1.63|22.49|0.00|0.00|0.02|0.00|0.08|0.36|0.44|-2.52|0.00|0.00|-4.12|0.01|1.12|-52.11|9.37|-25.19|2.00|-1.00|24553.00|-1113.00|0.84|0.03|0.63|0.47|0.25|0.90
22.838072061538696|0.12|-0.55|-1.84|9.98|-14.59|0.00|0.00|-0.01|-0.00|-0.02|0.03|2.21|-5.12|0.00|0.00|-6.30|-0.21|1.11|-52.10|9.76|-26.10|2.00|-1.00|23431.00|-1151.00|0.85|0.04|0.62|0.49|0.26|0.88
23.022664785385132|0.14|0.17|0.39|-16.59|18.86|0.00|0.00|0.02|0.00|0.01|0.10|-0.87|-1.61|0.00|0.00|-1.74|-0.06|1.11|-52.08|9.60|-26.40|2.00|-1.00|23107.00|-1162.00|0.85|0.03|0.62|0.51|0.24|0.89
23.20704197883606|0.15|1.21|-1.21|8.98|-3.16|0.00|0.00|-0.03|-0.00|0.23|-0.12|0.75|-2.18|0.00|0.00|-6.76|-0.24|1.16|-52.10|9.74|-26.79|2.00|-1.00|21883.00|-1206.00|0.86|0.03|0.62|0.52|0.26|0.89
23.386613368988037|0.19|-1.70|1.17|8.51|27.78|0.00|0.00|0.03|0.00|-0.08|0.10|2.31|2.90|0.00|0.00|-1.12|-0.05|1.14|-52.09|10.16|-26.26|2.00|-1.00|21678.00|-1216.00|0.85|0.03|0.63|0.52|0.25|0.88
23.567133903503418|0.16|-0.50|-0.90|23.11|2.56|0.00|0.00|0.01|0.00|-0.17|-0.07|6.49|3.36|0.00|0.00|0.27|0.15|1.11|-52.10|11.33|-25.65|2.00|-1.00|21727.00|-1189.00|0.85|0.03|0.63|0.49|0.14|0.92
23.747652530670166|0.03|2.29|0.98|-14.15|12.10|0.00|0.00|0.09|0.00|0.25|0.11|3.92|5.57|0.00|0.00|17.53|0.53|1.16|-52.08|12.05|-24.64|2.00|-1.00|24917.00|-1093.00|0.84|0.07|0.62|0.49|0.28|0.89
23.936240673065186|0.07|-4.73|-5.93|25.49|49.65|0.00|0.00|-0.01|-0.00|-0.60|-0.95|8.48|14.45|0.00|0.00|16.29|-0.32|1.05|-52.25|13.56|-22.05|2.00|-1.00|27833.00|-1150.00|0.87|0.04|0.63|0.39|0.33|0.88
24.12064790725708|0.07|2.84|3.69|-45.70|-93.96|0.00|0.00|0.03|0.00|-0.07|-0.26|-0.06|-3.12|0.00|0.00|21.91|-0.11|1.04|-52.30|13.55|-22.63|2.00|-1.00|31931.00|-1170.00|0.85|0.04|0.62|0.47|0.32|0.88
24.304203271865845|0.07|0.05|1.42|24.24|9.21|0.00|0.00|0.03|-0.00|-0.06|0.01|4.47|-1.39|0.00|0.00|28.39|-0.30|1.03|-52.30|14.39|-22.90|2.00|-1.00|37240.00|-1227.00|0.85|0.04|0.63|0.46|0.31|0.89
24.48865294456482|0.07|-1.22|-0.31|-35.92|9.81|0.00|0.00|-0.02|-0.00|-0.28|-0.05|-2.07|0.39|0.00|0.00|24.63|-0.50|0.98|-52.30|14.01|-22.82|2.00|-1.00|41723.00|-1318.00|0.85|0.04|0.62|0.47|0.32|0.89
24.673181533813477|0.07|0.74|-1.34|46.94|26.55|0.00|0.00|-0.10|0.00|-0.14|-0.30|6.71|5.36|0.00|0.00|6.55|-0.28|0.95|-52.36|15.27|-21.82|2.00|-1.00|42948.00|-1370.00|0.84|0.03|0.62|0.44|0.33|0.90
24.861628770828247|0.07|0.36|3.09|-99.43|-128.60|0.00|0.00|-0.04|0.00|-0.07|0.26|-11.49|-18.18|0.00|0.00|-0.57|0.02|0.93|-52.31|13.16|-25.15|2.00|-1.00|42843.00|-1366.00|0.85|0.03|0.62|0.46|0.34|0.89
25.046168088912964|0.07|1.15|-1.46|68.23|73.38|0.00|0.00|0.00|0.00|0.14|-0.01|1.34|-4.38|0.00|0.00|-0.20|0.05|0.96|-52.31|13.42|-25.97|2.00|-1.00|42806.00|-1356.00|0.84|0.03|0.63|0.49|0.33|0.87
25.225707530975342|0.07|0.80|-0.81|10.27|13.80|0.00|0.00|0.00|-0.00|0.29|-0.16|3.21|-1.87|0.00|0.00|0.03|0.04|1.01|-52.34|14.00|-26.31|2.00|-1.00|42812.00|-1349.00|0.85|0.03|0.62|0.50|0.33|0.86
25.407214164733887|0.07|-0.57|1.86|8.57|33.25|0.00|0.00|-0.00|-0.00|0.18|0.18|4.77|4.18|0.00|0.00|0.02|-0.01|1.05|-52.31|14.87|-25.55|2.00|-1.00|42816.00|-1350.00|0.86|0.03|0.62|0.48|0.35|0.86
25.594786167144775|0.05|-0.97|-0.83|-38.42|-38.36|0.00|0.00|-0.00|-0.00|0.01|0.03|-2.19|-2.76|0.00|0.00|0.01|-0.01|1.05|-52.31|14.47|-26.05|2.00|-1.00|42817.00|-1352.00|0.85|0.04|0.63|0.49|0.34|0.86
25.779316663742065|0.04|-0.04|0.64|26.11|13.83|0.00|0.00|-0.00|0.00|-0.00|0.15|2.70|-0.17|0.00|0.00|0.00|0.00|1.05|-52.28|14.98|-26.08|2.00|-1.00|42817.00|-1352.00|0.85|0.03|0.62|0.49|0.35|0.85
25.95975971221924|0.07|0.42|-0.81|-9.73|-1.63|0.00|0.00|-0.00|0.00|0.08|0.00|0.93|-0.47|0.00|0.00|0.00|-0.04|1.06|-52.28|15.15|-26.17|2.00|-1.00|42817.00|-1360.00|0.85|0.04|0.63|0.49|0.35|0.85
26.1433367729187|0.04|-0.14|1.02|-10.49|-8.77|0.00|0.00|-0.00|0.00|0.05|0.19|-0.99|-2.08|0.00|0.00|-0.04|0.01|1.07|-52.24|14.96|-26.55|2.00|-1.00|42809.00|-1359.00|0.85|0.04|0.64|0.50|0.36|0.86
26.33187174797058|0.05|-0.06|-0.65|-17.55|6.73|0.00|0.00|-0.00|-0.00|0.04|0.07|-4.21|-0.84|0.00|0.00|-0.06|-0.08|1.08|-52.23|14.19|-26.70|2.00|-1.00|42798.00|-1373.00|0.85|0.03|0.62|0.51|0.35|0.85
26.516316413879395|0.05|-0.04|-0.04|16.59|-0.77|0.00|0.00|0.00|-0.00|0.03|0.06|-1.12|-0.99|0.00|0.00|-0.06|-0.12|1.08|-52.22|13.99|-26.89|2.00|-1.00|42787.00|-1395.00|0.84|0.03|0.63|0.51|0.35|0.86
26.700810194015503|0.05|-0.59|-0.12|6.79|-4.93|0.00|0.00|0.00|0.00|-0.08|0.04|0.14|-1.90|0.00|0.00|-0.02|-0.08|1.07|-52.21|14.01|-27.24|2.00|-1.00|42783.00|-1409.00|0.85|0.04|0.63|0.50|0.34|0.86
26.881335735321045|0.04|0.45|-0.83|-6.80|11.66|0.00|0.00|0.00|0.00|0.00|-0.11|-1.10|0.23|0.00|0.00|0.01|-0.04|1.07|-52.23|13.81|-27.20|2.00|-1.00|42785.00|-1416.00|0.85|0.03|0.62|0.51|0.34|0.85
27.060869693756104|0.05|0.00|1.38|8.22|4.18|0.00|0.00|-0.00|0.00|0.00|0.14|0.39|0.99|0.00|0.00|-0.39|0.04|1.07|-52.21|13.88|-27.02|2.00|-1.00|42715.00|-1409.00|0.85|0.04|0.63|0.52|0.34|0.85
27.24138379096985|0.07|-0.02|-0.32|-4.21|3.05|0.00|0.00|0.00|-0.00|0.00|0.08|-0.36|1.53|0.00|0.00|-0.11|-0.06|1.07|-52.19|13.82|-26.75|2.00|-1.00|42696.00|-1419.00|0.86|0.03|0.62|0.51|0.33|0.85
27.429893970489502|0.05|-0.28|-1.05|-13.25|17.15|0.00|0.00|0.00|0.00|-0.05|-0.11|-2.80|4.69|0.00|0.00|-0.02|0.00|1.06|-52.22|13.30|-25.89|2.00|-1.00|42692.00|-1419.00|0.85|0.03|0.62|0.48|0.33|0.87
27.61024045944214|0.05|0.65|1.15|13.16|-24.36|0.00|0.00|-0.01|0.00|0.07|0.10|-0.37|0.18|0.00|0.00|-1.95|-0.11|1.07|-52.20|13.23|-25.85|2.00|-1.00|42332.00|-1440.00|0.85|0.03|0.62|0.49|0.35|0.86
27.798667192459106|0.04|0.70|-1.28|-44.88|29.87|0.00|0.00|0.00|-0.00|0.19|-0.13|-8.54|5.62|0.00|0.00|-1.04|-0.31|1.11|-52.22|11.68|-24.83|2.00|-1.00|42142.00|-1497.00|0.85|0.03|0.63|0.50|0.32|0.86
27.97813105583191|0.05|-0.18|0.97|56.31|40.31|0.00|0.00|-0.04|0.00|0.16|0.05|1.94|13.11|0.00|0.00|-9.02|-0.19|1.14|-52.21|12.04|-22.39|2.00|-1.00|40464.00|-1533.00|0.86|0.03|0.62|0.46|0.32|0.92
28.16665506362915|0.08|0.62|1.01|-49.68|-108.86|0.00|0.00|-0.14|-0.00|0.27|0.23|-7.15|-6.81|0.00|0.00|-34.54|-0.83|1.19|-52.17|10.73|-23.64|2.00|-1.00|34143.00|-1684.00|0.85|0.03|0.63|0.41|0.34|0.89
28.351183652877808|0.07|-2.15|-1.10|46.12|37.37|0.00|0.00|0.08|0.00|-0.13|0.03|1.52|0.22|0.00|0.00|-19.88|-0.19|1.16|-52.16|11.02|-23.60|2.00|-1.00|30405.00|-1720.00|0.86|0.04|0.63|0.45|0.30|0.92
28.53564453125|0.07|0.58|0.85|-2.94|-27.78|0.00|0.00|0.05|0.00|-0.02|0.18|0.98|-4.89|0.00|0.00|-11.16|-0.11|1.16|-52.13|11.20|-24.50|2.00|-1.00|28351.00|-1740.00|0.84|0.03|0.62|0.47|0.31|0.90
28.72416925430298|0.05|-0.21|-2.43|27.69|16.03|0.00|0.00|0.03|-0.00|-0.06|-0.26|6.07|-1.95|0.00|0.00|-5.76|-0.16|1.15|-52.18|12.31|-24.86|2.00|-1.00|27291.00|-1769.00|0.85|0.03|0.62|0.47|0.33|0.88
28.912638425827026|0.04|-0.29|0.75|-33.41|-42.08|0.00|0.00|0.00|0.00|-0.12|-0.12|-0.14|-9.77|0.00|0.00|-4.96|-0.04|1.12|-52.20|12.29|-26.67|2.00|-1.00|26369.00|-1776.00|0.85|0.03|0.63|0.49|0.33|0.86
29.097179412841797|0.05|0.63|-0.27|-43.43|5.83|0.00|0.00|0.02|-0.00|0.00|-0.18|-8.31|-8.68|0.00|0.00|-0.45|-0.11|1.12|-52.24|10.73|-28.30|2.00|-1.00|26284.00|-1796.00|0.84|0.03|0.62|0.52|0.32|0.85
29.280696868896484|0.07|0.12|1.29|52.32|34.40|0.00|0.00|-0.04|-0.00|0.02|0.06|1.37|-2.31|0.00|0.00|-7.05|-0.33|1.13|-52.22|10.98|-28.73|2.00|-1.00|24979.00|-1857.00|0.85|0.03|0.63|0.53|0.30|0.86
29.46520972251892|0.07|-0.46|-0.63|-2.30|5.80|0.00|0.00|0.02|0.00|-0.06|-0.05|0.95|-1.25|0.00|0.00|-3.91|-0.05|1.12|-52.23|11.15|-28.96|2.00|-1.00|24268.00|-1867.00|0.85|0.03|0.63|0.54|0.30|0.85
29.64572310447693|0.04|-0.86|-0.04|22.10|23.67|0.00|0.00|0.02|0.00|-0.22|-0.06|5.04|3.12|0.00|0.00|-0.04|0.08|1.08|-52.24|12.09|-28.38|2.00|-1.00|24260.00|-1853.00|0.85|0.03|0.62|0.53|0.31|0.84
29.830219268798828|0.05|0.93|0.34|-20.64|64.95|0.00|0.00|0.01|-0.00|-0.05|0.01|1.27|15.01|0.00|0.00|1.18|-0.09|1.07|-52.24|12.32|-25.64|2.00|-1.00|24476.00|-1870.00|0.85|0.02|0.63|0.55|0.32|0.85
30.013840198516846|0.07|0.20|0.46|-11.55|-46.75|0.00|0.00|0.05|0.00|-0.01|0.09|-0.85|6.45|0.00|0.00|10.03|0.30|1.07|-52.23|12.16|-24.45|2.00|-1.00|26311.00|-1816.00|0.85|0.03|0.62|0.47|0.30|0.89
30.198251008987427|0.05|0.75|-0.10|11.34|-24.36|0.00|0.00|-0.06|-0.00|0.12|0.07|1.22|2.02|0.00|0.00|0.02|-0.03|1.09|-52.21|12.39|-24.09|2.00|-1.00|26314.00|-1821.00|0.85|0.04|0.63|0.49|0.31|0.88
30.38281798362732|0.05|-0.59|-0.47|-15.77|2.37|0.00|0.00|-0.00|-0.00|0.01|-0.02|-1.68|2.46|0.00|0.00|0.01|-0.05|1.09|-52.22|12.08|-23.63|2.00|-1.00|26316.00|-1830.00|0.86|0.03|0.63|0.49|0.31|0.89
30.567253828048706|0.07|1.29|0.05|15.29|-27.41|0.00|0.00|-0.00|0.00|0.25|-0.01|1.14|-2.61|0.00|0.00|-0.50|0.04|1.14|-52.22|12.29|-24.12|2.00|-1.00|26223.00|-1822.00|0.85|0.03|0.63|0.47|0.31|0.90
30.74374771118164|0.05|-1.25|0.06|6.74|20.66|0.00|0.00|0.00|0.00|0.02|0.01|2.38|1.17|0.00|0.00|-0.28|0.05|1.14|-52.22|12.72|-23.90|2.00|-1.00|26172.00|-1812.00|0.85|0.03|0.62|0.47|0.33|0.88
30.927307844161987|0.07|-0.32|-0.11|2.41|-14.72|0.00|0.00|0.00|-0.00|-0.04|-0.01|2.81|-1.47|0.00|0.00|0.00|0.04|1.13|-52.22|13.22|-24.17|2.00|-1.00|26172.00|-1804.00|0.85|0.03|0.62|0.47|0.33|0.88
31.115803003311157|0.05|0.55|0.03|-33.89|-42.13|0.00|0.00|0.00|-0.00|0.07|-0.01|-3.43|-9.22|0.00|0.00|-0.02|0.00|1.15|-52.22|12.59|-25.86|2.00|-1.00|26169.00|-1804.00|0.84|0.04|0.62|0.50|0.32|0.87
31.296276092529297|0.07|-0.89|0.31|13.57|36.71|0.00|0.00|0.00|-0.00|-0.10|0.05|-0.92|-2.43|0.00|0.00|0.41|0.00|1.13|-52.21|12.42|-26.31|2.00|-1.00|26244.00|-1804.00|0.85|0.03|0.62|0.52|0.31|0.87
31.480823516845703|0.05|0.45|0.27|4.19|15.36|0.00|0.00|0.04|-0.00|-0.02|0.10|-0.15|0.40|0.00|0.00|7.79|-0.05|1.12|-52.19|12.40|-26.24|2.00|-1.00|27677.00|-1813.00|0.85|0.04|0.63|0.53|0.30|0.86
31.65635633468628|0.05|0.86|0.02|-3.38|5.73|0.00|0.00|-0.03|0.00|0.14|0.10|-0.75|1.43|0.00|0.00|1.63|0.09|1.15|-52.17|12.26|-25.98|2.00|-1.00|27971.00|-1796.00|0.85|0.03|0.62|0.53|0.31|0.86
31.840857982635498|0.07|-0.91|0.14|-2.25|-4.80|0.00|0.00|-0.01|-0.00|-0.02|0.13|-1.16|0.57|0.00|0.00|0.25|-0.02|1.15|-52.15|12.05|-25.88|2.00|-1.00|28015.00|-1799.00|0.84|0.03|0.63|0.52|0.31|0.87
32.02537560462952|0.05|-0.43|-0.47|-2.03|2.25|0.00|0.00|0.00|0.00|-0.10|0.04|-1.53|0.98|0.00|0.00|1.11|0.00|1.13|-52.15|11.77|-25.70|2.00|-1.00|28220.00|-1799.00|0.85|0.03|0.62|0.52|0.30|0.86
32.20588660240173|0.07|-0.17|-0.08|-8.70|0.25|0.00|0.00|0.02|0.00|-0.13|0.02|-3.11|1.03|0.00|0.00|5.19|-0.16|1.10|-52.14|11.21|-25.51|2.00|-1.00|29164.00|-1829.00|0.84|0.03|0.62|0.52|0.28|0.84
32.38551092147827|0.07|0.82|-1.11|9.01|12.49|0.00|0.00|0.03|0.00|0.01|-0.18|-1.48|3.29|0.00|0.00|10.20|0.02|1.10|-52.17|10.94|-24.92|2.00|-1.00|31010.00|-1825.00|0.85|0.03|0.62|0.51|0.29|0.87
32.56988000869751|0.05|-0.14|0.74|9.60|-13.71|0.00|0.00|-0.06|-0.00|-0.01|-0.04|0.25|0.81|0.00|0.00|0.20|0.01|1.10|-52.18|10.98|-24.77|2.00|-1.00|31047.00|-1824.00|0.85|0.03|0.63|0.52|0.28|0.87
32.754433393478394|0.05|-0.35|0.23|-1.71|-2.20|0.00|0.00|-0.00|-0.00|-0.07|-0.00|-0.06|0.40|0.00|0.00|0.01|0.00|1.09|-52.18|10.97|-24.70|2.00|-1.00|31048.00|-1824.00|0.85|0.03|0.62|0.51|0.28|0.88
32.93891668319702|0.05|1.84|0.00|5.49|-5.47|0.00|0.00|-0.00|-0.00|0.27|-0.00|0.96|-0.61|0.00|0.00|0.00|-0.02|1.14|-52.18|11.15|-24.81|2.00|-1.00|31048.00|-1828.00|0.84|0.04|0.63|0.51|0.28|0.88
33.118457078933716|0.05|-1.85|1.15|-7.51|1.90|0.00|0.00|-0.00|0.00|-0.07|0.21|-0.40|-0.27|0.00|0.00|0.00|0.00|1.13|-52.14|11.08|-24.86|2.00|-1.00|31048.00|-1828.00|0.85|0.03|0.62|0.52|0.28|0.88
33.29892611503601|0.05|1.15|-1.17|7.33|-3.19|0.00|0.00|-0.00|0.00|0.14|-0.01|0.93|-0.85|0.00|0.00|0.00|0.00|1.15|-52.14|11.25|-25.01|2.00|-1.00|31048.00|-1828.00|0.85|0.03|0.63|0.52|0.29|0.87
33.48347735404968|0.07|-1.39|-0.14|-0.66|1.45|0.00|0.00|-0.00|0.00|-0.11|-0.03|0.81|-0.58|0.00|0.00|-0.39|0.01|1.13|-52.15|11.39|-25.12|2.00|-1.00|30977.00|-1826.00|0.85|0.04|0.62|0.52|0.28|0.87
33.66797685623169|0.05|-0.10|-0.66|-4.39|2.83|0.00|0.00|-0.03|-0.00|-0.13|-0.15|0.00|-0.06|0.00|0.00|-5.82|0.00|1.11|-52.18|11.39|-25.13|2.00|-1.00|29906.00|-1826.00|0.85|0.04|0.62|0.53|0.29|0.85
33.85251569747925|0.05|1.24|0.44|-23.05|24.66|0.00|0.00|0.03|-0.00|0.10|-0.07|-4.26|4.50|0.00|0.00|-0.90|-0.06|1.13|-52.19|10.60|-24.30|2.00|-1.00|29740.00|-1838.00|0.85|0.03|0.62|0.52|0.29|0.87
34.03201961517334|0.07|0.56|0.72|-4.88|-11.30|0.00|0.00|0.01|0.00|0.20|0.06|-5.16|2.42|0.00|0.00|0.05|-0.03|1.16|-52.18|9.65|-23.85|2.00|-1.00|29749.00|-1843.00|0.85|0.03|0.63|0.51|0.26|0.88
34.21653151512146|0.07|-0.94|0.03|39.84|-14.83|0.00|0.00|-0.00|0.00|0.03|0.07|2.05|-0.26|0.00|0.00|0.01|-0.01|1.17|-52.17|10.03|-23.90|2.00|-1.00|29751.00|-1845.00|0.85|0.03|0.62|0.51|0.26|0.88
34.40099024772644|0.05|-1.03|-0.42|-18.37|3.04|0.00|0.00|-0.00|0.00|-0.16|-0.01|-1.29|0.29|0.00|0.00|0.00|0.00|1.14|-52.17|9.79|-23.85|2.00|-1.00|29751.00|-1845.00|0.85|0.03|0.63|0.50|0.26|0.88
34.58153319358826|0.05|1.00|0.96|4.87|-3.40|0.00|0.00|-0.00|0.00|0.03|0.17|-0.40|-0.33|0.00|0.00|0.00|0.00|1.15|-52.14|9.72|-23.91|2.00|-1.00|29751.00|-1845.00|0.85|0.03|0.63|0.51|0.26|0.88
34.76107335090637|0.05|-0.57|-1.15|1.86|-0.38|0.00|0.00|-0.00|0.00|-0.08|-0.04|-0.07|-0.40|0.00|0.00|0.00|0.00|1.13|-52.14|9.70|-23.98|2.00|-1.00|29751.00|-1845.00|0.84|0.03|0.62|0.49|0.26|0.88
34.94567584991455|0.07|1.40|0.32|10.00|-21.95|0.00|0.00|-0.00|0.00|0.18|0.02|1.77|-4.44|0.00|0.00|-3.83|-0.15|1.16|-52.14|10.03|-24.80|2.00|-1.00|29046.00|-1872.00|0.84|0.04|0.63|0.50|0.27|0.88
35.13006806373596|0.07|-1.16|-0.37|2.11|25.50|0.00|0.00|-0.00|0.00|-0.03|-0.05|2.15|0.20|0.00|0.00|-4.04|-0.07|1.16|-52.15|10.42|-24.76|2.00|-1.00|28310.00|-1884.00|0.85|0.04|0.63|0.51|0.29|0.86
35.318583488464355|0.04|-0.51|-0.34|-5.66|-2.20|0.00|0.00|-0.01|-0.00|-0.13|-0.11|1.11|-0.20|0.00|0.00|-5.20|-0.37|1.14|-52.17|10.63|-24.80|2.00|-1.00|27354.00|-1952.00|0.85|0.03|0.62|0.51|0.28|0.89
35.49808859825134|0.04|0.36|1.59|6.15|-18.77|0.00|0.00|-0.02|0.00|-0.06|0.19|2.27|-3.73|0.00|0.00|-8.70|0.13|1.13|-52.13|11.05|-25.50|2.00|-1.00|25719.00|-1927.00|0.85|0.03|0.63|0.51|0.28|0.87
35.682600259780884|0.07|1.69|-0.94|17.08|30.29|0.00|0.00|0.02|-0.00|0.25|0.02|5.38|1.78|0.00|0.00|-5.59|-0.06|1.17|-52.13|12.03|-25.17|2.00|-1.00|24701.00|-1938.00|0.85|0.04|0.63|0.51|0.31|0.86
35.86711931228638|0.07|-2.37|-0.01|-38.89|5.52|0.00|0.00|-0.02|-0.00|-0.18|0.02|-1.66|2.78|0.00|0.00|-9.27|-0.08|1.14|-52.13|11.73|-24.67|2.00|-1.00|23024.00|-1953.00|0.84|0.03|0.62|0.51|0.31|0.85
36.051634073257446|0.08|1.52|1.51|6.24|-6.18|0.00|0.00|0.03|-0.00|0.10|0.30|-0.49|1.63|0.00|0.00|-3.60|-0.21|1.16|-52.07|11.64|-24.37|2.00|-1.00|22350.00|-1993.00|0.85|0.03|0.62|0.52|0.31|0.87
36.23613715171814|0.10|-0.82|-2.45|-4.22|-30.16|0.00|0.00|-0.02|0.00|-0.05|-0.14|-1.26|-3.83|0.00|0.00|-6.83|0.02|1.15|-52.10|11.41|-25.06|2.00|-1.00|21114.00|-1989.00|0.86|0.03|0.63|0.51|0.32|0.85
36.420592308044434|0.13|1.45|-2.17|-37.71|22.52|0.00|0.00|-0.01|0.00|0.22|-0.55|-8.31|0.38|0.00|0.00|-8.32|0.07|1.19|-52.20|9.86|-24.99|2.00|-1.00|19559.00|-1976.00|0.87|0.03|0.61|0.50|0.31|0.88
36.60515093803406|0.14|-2.73|2.30|-10.03|46.60|0.00|0.00|0.09|-0.00|-0.28|-0.13|-10.15|8.91|0.00|0.00|8.16|-0.07|1.14|-52.22|8.00|-23.36|2.00|-1.00|21053.00|-1988.00|0.86|0.05|0.63|0.54|0.27|0.84
36.784621477127075|0.13|2.69|2.30|26.57|-47.16|0.00|0.00|0.05|0.00|0.22|0.30|-5.23|0.18|0.00|0.00|17.45|0.00|1.18|-52.17|7.03|-23.32|2.00|-1.00|24282.00|-1988.00|0.85|0.04|0.63|0.48|0.26|0.90
36.969153881073|0.13|-0.87|-2.55|21.84|-8.27|0.00|0.00|-0.10|0.00|0.07|-0.16|-1.30|-1.31|0.00|0.00|0.34|0.09|1.19|-52.20|6.80|-23.56|2.00|-1.00|24343.00|-1972.00|0.85|0.03|0.62|0.48|0.26|0.90
37.1496479511261|0.12|0.74|-0.75|-46.79|34.74|0.00|0.00|0.02|0.00|0.20|-0.30|-9.86|5.05|0.00|0.00|4.72|0.24|1.23|-52.25|4.99|-22.63|2.00|-1.00|25206.00|-1928.00|0.84|0.04|0.62|0.54|0.21|0.91
37.33320236206055|0.09|-0.03|1.21|14.15|3.26|0.00|0.00|0.03|-0.00|0.20|-0.08|-7.30|5.64|0.00|0.00|10.99|0.14|1.27|-52.27|3.67|-21.61|2.00|-1.00|27196.00|-1903.00|0.85|0.03|0.63|0.47|0.21|0.90
37.517712116241455|0.12|-0.42|1.22|21.26|-49.14|0.00|0.00|-0.05|-0.00|0.12|0.14|-3.45|-3.25|0.00|0.00|2.38|-0.06|1.29|-52.24|3.05|-22.20|2.00|-1.00|27626.00|-1914.00|0.85|0.04|0.62|0.46|0.21|0.92
37.70222592353821|0.10|-1.09|-2.42|21.95|15.53|0.00|0.00|-0.01|0.00|-0.08|-0.31|0.58|-0.40|0.00|0.00|-0.16|0.01|1.27|-52.30|3.16|-22.28|2.00|-1.00|27596.00|-1913.00|0.85|0.04|0.63|0.53|0.20|0.88
37.87870240211487|0.18|0.53|1.96|2.52|8.50|0.00|0.00|-0.00|-0.00|0.02|0.06|1.05|1.17|0.00|0.00|-0.79|0.00|1.28|-52.29|3.35|-22.06|2.00|-1.00|27451.00|-1913.00|0.85|0.03|0.62|0.48|0.19|0.91
38.062209129333496|0.16|0.25|0.09|11.36|-13.66|0.00|0.00|-0.00|-0.00|0.06|0.07|3.07|-1.26|0.00|0.00|-1.19|-0.10|1.29|-52.27|3.90|-22.28|2.00|-1.00|27240.00|-1931.00|0.84|0.04|0.62|0.47|0.20|0.91
38.25071406364441|0.15|-1.29|-0.40|20.86|-39.34|0.00|0.00|-0.03|-0.00|-0.17|-0.00|6.89|-8.46|0.00|0.00|-6.72|-0.16|1.25|-52.27|5.16|-23.83|2.00|-1.00|26011.00|-1961.00|0.84|0.04|0.63|0.46|0.21|0.91
38.435266733169556|0.10|0.61|-0.42|24.09|23.80|0.00|0.00|0.01|-0.00|-0.06|-0.08|11.39|-4.01|0.00|0.00|-5.14|-0.22|1.24|-52.29|7.29|-24.58|2.00|-1.00|25049.00|-2003.00|0.85|0.03|0.63|0.50|0.23|0.88
38.6157751083374|0.12|0.36|-0.36|-32.21|21.20|0.00|0.00|0.03|0.00|0.01|-0.15|5.40|-0.07|0.00|0.00|0.82|0.11|1.24|-52.32|8.29|-24.60|2.00|-1.00|25201.00|-1983.00|0.85|0.04|0.63|0.50|0.23|0.90
38.800288915634155|0.05|-0.13|-0.06|40.09|29.62|0.00|0.00|0.02|0.00|-0.02|-0.16|12.62|5.26|0.00|0.00|4.44|0.12|1.24|-52.34|10.56|-23.65|2.00|-1.00|26001.00|-1962.00|0.85|0.04|0.62|0.49|0.27|0.88
38.98380374908447|0.05|0.10|0.33|-56.90|-30.25|0.00|0.00|-0.02|-0.00|0.00|-0.10|2.21|-0.27|0.00|0.00|0.05|0.03|1.24|-52.36|10.97|-23.70|2.00|-1.00|26010.00|-1957.00|0.85|0.03|0.62|0.49|0.29|0.88
39.168299436569214|0.05|-0.14|0.55|-10.04|2.32|0.00|0.00|-0.00|-0.00|-0.02|0.00|0.36|0.16|0.00|0.00|0.02|-0.05|1.24|-52.36|11.03|-23.67|2.00|-1.00|26014.00|-1966.00|0.86|0.03|0.62|0.49|0.30|0.87
39.348862171173096|0.05|0.24|-0.43|-6.35|-0.44|0.00|0.00|0.00|-0.00|0.02|-0.08|-0.81|0.08|0.00|0.00|0.03|-0.07|1.24|-52.38|10.88|-23.65|2.00|-1.00|26019.00|-1978.00|0.85|0.02|0.62|0.48|0.30|0.88
39.53735947608948|0.05|-1.20|-0.13|13.22|-6.01|0.00|0.00|-0.02|-0.00|-0.20|-0.10|1.61|-1.02|0.00|0.00|-3.98|-0.07|1.20|-52.39|11.18|-23.84|2.00|-1.00|25291.00|-1990.00|0.85|0.04|0.63|0.49|0.29|0.88
39.721779108047485|0.05|0.49|1.56|-13.09|-20.44|0.00|0.00|0.00|0.00|-0.11|0.19|-0.82|-4.83|0.00|0.00|-3.96|-0.04|1.18|-52.36|11.03|-24.74|2.00|-1.00|24554.00|-1998.00|0.85|0.04|0.63|0.49|0.29|0.88
39.90531539916992|0.07|0.19|-1.46|-15.86|16.75|0.00|0.00|0.04|0.00|-0.07|-0.08|-3.77|-1.71|0.00|0.00|4.22|0.02|1.17|-52.37|10.32|-25.06|2.00|-1.00|25338.00|-1994.00|0.85|0.04|0.62|0.51|0.29|0.88
40.085845708847046|0.04|1.84|1.21|-2.50|14.81|0.00|0.00|0.01|0.00|0.27|0.14|-4.23|1.01|0.00|0.00|6.94|0.03|1.22|-52.35|9.55|-24.87|2.00|-1.00|26615.00|-1989.00|0.85|0.04|0.62|0.48|0.28|0.88
40.266377449035645|0.04|-1.53|-1.16|23.63|-9.46|0.00|0.00|0.00|0.00|-0.01|-0.07|-0.03|-0.67|0.00|0.00|7.51|0.06|1.22|-52.36|9.54|-24.99|2.00|-1.00|27951.00|-1979.00|0.85|0.03|0.63|0.51|0.27|0.90
40.44684886932373|0.05|0.09|0.88|-1.64|1.94|0.00|0.00|-0.04|-0.00|0.01|0.10|-0.33|-0.32|0.00|0.00|0.15|0.00|1.22|-52.34|9.48|-25.05|2.00|-1.00|27979.00|-1979.00|0.85|0.03|0.62|0.50|0.27|0.88
40.63043236732483|0.04|-0.49|-0.22|-9.01|2.02|0.00|0.00|-0.02|-0.00|-0.08|0.06|-1.95|0.05|0.00|0.00|-2.92|-0.13|1.21|-52.33|9.13|-25.04|2.00|-1.00|27454.00|-2003.00|0.84|0.03|0.62|0.53|0.28|0.83
40.81500768661499|0.12|0.75|1.02|-18.63|0.70|0.00|0.00|-0.08|-0.00|0.06|0.24|-5.38|0.18|0.00|0.00|-16.97|-0.60|1.22|-52.29|8.14|-25.01|2.00|-1.00|24332.00|-2114.00|0.83|0.04|0.63|0.59|0.37|0.77
40.999420404434204|0.09|-0.66|-1.05|44.18|-32.04|0.00|0.00|0.06|0.00|-0.06|0.05|2.71|-5.69|0.00|0.00|-5.74|-0.21|1.21|-52.28|8.64|-26.05|2.00|-1.00|23282.00|-2152.00|0.84|0.04|0.62|0.50|0.23|0.90
41.18402051925659|0.10|0.60|-0.01|-10.87|27.03|0.00|0.00|-0.01|0.00|0.05|0.05|0.71|-0.71|0.00|0.00|-8.07|-0.17|1.21|-52.27|8.77|-26.18|2.00|-1.00|21798.00|-2184.00|0.85|0.04|0.62|0.54|0.25|0.86
41.363433599472046|0.09|-0.39|0.25|7.55|-16.60|0.00|0.00|0.04|0.00|-0.02|0.10|2.09|-3.75|0.00|0.00|-0.43|0.07|1.21|-52.25|9.15|-26.87|2.00|-1.00|21719.00|-2172.00|0.85|0.03|0.62|0.53|0.25|0.86
41.547953844070435|0.08|0.29|-0.69|-9.21|21.81|0.00|0.00|-0.01|-0.00|0.03|-0.03|0.42|0.20|0.00|0.00|-1.85|-0.07|1.22|-52.25|9.22|-26.83|2.00|-1.00|21385.00|-2184.00|0.85|0.03|0.62|0.54|0.25|0.86
41.72843146324158|0.10|-0.68|-0.96|13.43|19.88|0.00|0.00|0.01|0.00|-0.09|-0.20|2.87|3.82|0.00|0.00|0.03|-0.01|1.20|-52.29|9.75|-26.13|2.00|-1.00|21391.00|-2185.00|0.85|0.04|0.62|0.53|0.26|0.88
41.912988901138306|0.07|-0.43|2.14|1.62|-28.70|0.00|0.00|0.00|0.00|-0.17|0.19|3.16|-1.44|0.00|0.00|0.48|0.16|1.17|-52.26|10.32|-26.40|2.00|-1.00|21479.00|-2155.00|0.85|0.04|0.62|0.56|0.25|0.89
42.09260106086731|0.10|1.11|-0.82|-24.65|35.20|0.00|0.00|0.05|0.00|0.03|0.04|-1.30|4.94|0.00|0.00|10.04|0.25|1.17|-52.25|10.09|-25.50|2.00|-1.00|23296.00|-2110.00|0.85|0.03|0.63|0.55|0.27|0.87
42.27701377868652|0.04|-0.35|-0.81|5.30|-10.14|0.00|0.00|0.02|0.00|-0.03|-0.10|-0.33|3.09|0.00|0.00|13.69|0.37|1.17|-52.27|10.03|-24.94|2.00|-1.00|25787.00|-2042.00|0.85|0.04|0.62|0.53|0.26|0.87
42.46149945259094|0.04|0.04|0.52|-1.91|11.09|0.00|0.00|-0.05|-0.00|-0.03|-0.01|-0.69|5.13|0.00|0.00|5.40|0.07|1.16|-52.27|9.90|-24.00|2.00|-1.00|26781.00|-2030.00|0.85|0.03|0.63|0.52|0.26|0.88
42.64202570915222|0.08|2.17|-3.86|51.16|-0.77|0.00|0.00|0.04|0.00|0.37|-0.71|8.62|4.99|0.00|0.00|12.65|0.26|1.23|-52.40|11.47|-23.09|2.00|-1.00|29084.00|-1982.00|0.86|0.04|0.61|0.62|0.23|0.88
42.82649230957031|0.04|-1.15|2.49|-39.69|-52.23|0.00|0.00|0.00|-0.00|0.16|-0.26|1.44|-4.46|0.00|0.00|13.31|-0.05|1.26|-52.45|11.73|-23.90|2.00|-1.00|31494.00|-1991.00|0.85|0.03|0.63|0.48|0.31|0.89
43.01005434989929|0.07|-1.57|1.88|1.71|25.40|0.00|0.00|0.01|0.00|-0.13|0.09|1.76|0.26|0.00|0.00|15.05|-0.03|1.23|-52.43|12.06|-23.85|2.00|-1.00|34294.00|-1996.00|0.85|0.02|0.63|0.49|0.31|0.88
43.19052195549011|0.07|0.73|-0.22|-7.72|-5.89|0.00|0.00|0.01|0.00|-0.00|0.05|0.36|-0.81|0.00|0.00|16.24|0.37|1.23|-52.42|12.12|-24.00|2.00|-1.00|37233.00|-1929.00|0.85|0.03|0.63|0.49|0.31|0.89
43.37516522407532|0.05|-0.44|-0.36|0.63|3.01|0.00|0.00|-0.09|-0.00|-0.08|-0.02|0.48|-0.26|0.00|0.00|0.49|-0.02|1.22|-52.42|12.21|-24.04|2.00|-1.00|37323.00|-1933.00|0.85|0.04|0.63|0.49|0.30|0.88
43.559593200683594|0.07|0.04|1.82|1.94|-17.23|0.00|0.00|-0.04|-0.00|-0.08|0.32|0.83|-3.43|0.00|0.00|-7.32|-0.48|1.20|-52.37|12.36|-24.67|2.00|-1.00|35976.00|-2021.00|0.85|0.03|0.63|0.51|0.32|0.86
43.74304389953613|0.05|0.76|-1.69|-42.62|-10.23|0.00|0.00|0.02|0.00|0.06|0.01|-7.05|-5.32|0.00|0.00|-3.64|0.04|1.21|-52.36|11.06|-25.66|2.00|-1.00|35303.00|-2014.00|0.85|0.03|0.63|0.51|0.31|0.86
43.92758369445801|0.05|0.19|-0.61|46.83|33.51|0.00|0.00|0.02|-0.00|0.10|-0.11|1.52|0.81|0.00|0.00|-0.50|-0.26|1.23|-52.38|11.34|-25.51|2.00|-1.00|35211.00|-2062.00|0.85|0.04|0.62|0.51|0.30|0.86
44.10811924934387|0.07|-0.78|1.05|-8.09|-0.95|0.00|0.00|0.00|0.00|-0.04|0.08|0.04|0.64|0.00|0.00|-0.11|0.01|1.22|-52.37|11.34|-25.39|2.00|-1.00|35190.00|-2060.00|0.85|0.03|0.63|0.52|0.29|0.86
44.28859281539917|0.05|1.03|-0.06|7.34|-2.15|0.00|0.00|-0.01|0.00|0.14|0.07|1.37|0.25|0.00|0.00|-2.45|0.09|1.25|-52.36|11.59|-25.35|2.00|-1.00|34747.00|-2044.00|0.84|0.03|0.63|0.52|0.30|0.86
44.47216033935547|0.05|-1.03|1.97|-34.47|7.10|0.00|0.00|-0.01|0.00|-0.04|0.43|-4.87|1.53|0.00|0.00|-4.15|0.09|1.24|-52.28|10.71|-25.07|2.00|-1.00|33995.00|-2027.00|0.86|0.04|0.63|0.51|0.30|0.89
44.656604528427124|0.07|0.10|-2.12|78.05|46.74|0.00|0.00|-0.01|-0.00|-0.03|0.04|9.33|10.04|0.00|0.00|-6.52|-0.18|1.24|-52.27|12.41|-23.24|2.00|-1.00|32808.00|-2059.00|0.85|0.03|0.62|0.50|0.30|0.86
44.84116816520691|0.05|0.36|-0.06|-39.69|-80.62|0.00|0.00|-0.03|0.00|0.04|0.03|1.99|-4.87|0.00|0.00|-11.34|0.61|1.24|-52.26|12.78|-24.15|2.00|-1.00|30711.00|-1946.00|0.85|0.03|0.63|0.47|0.33|0.88
45.03365659713745|0.05|-0.12|-0.50|-37.94|-29.16|0.00|0.00|-0.04|-0.01|0.02|-0.06|-5.07|-10.30|0.00|0.00|-19.11|-0.33|1.25|-52.27|11.84|-26.06|2.00|-1.00|27156.00|-2007.00|0.85|0.03|0.62|0.50|0.35|0.87
45.21818661689758|0.05|0.26|-0.36|27.21|3.75|0.00|0.00|0.01|0.00|0.07|-0.13|0.13|-9.58|0.00|0.00|-16.83|-0.08|1.26|-52.30|11.86|-27.89|2.00|-1.00|23941.00|-2023.00|0.86|0.03|0.62|0.47|0.33|0.87
45.40665793418884|0.04|-1.74|0.37|270.63|17.99|0.00|0.00|-0.08|-0.00|-0.25|-0.06|49.66|-6.29|0.00|0.00|-30.85|-0.13|1.21|-52.31|20.95|-29.04|2.00|-1.00|18295.00|-2047.00|0.86|0.03|0.62|0.60|0.38|0.79
45.59510278701782|0.07|-0.79|-0.30|-173.11|113.58|0.00|0.00|0.20|0.00|-0.40|-0.12|16.94|15.17|0.00|0.00|7.31|-0.09|1.14|-52.33|24.15|-26.17|2.00|-1.00|19677.00|-2064.00|0.85|0.02|0.62|0.62|0.34|0.78
45.78764009475708|0.05|1.95|-0.42|-182.28|-136.19|0.00|0.00|-0.06|-0.00|-0.04|-0.20|-17.33|-10.43|0.00|0.00|-4.12|-0.69|1.13|-52.37|20.89|-28.14|2.00|-1.00|18903.00|-2194.00|0.85|0.02|0.62|0.58|0.38|0.81
45.97212100028992|0.04|0.56|2.21|97.33|66.49|0.00|0.00|-0.14|0.00|0.07|0.23|1.55|2.47|0.00|0.00|-30.64|-0.56|1.15|-52.33|21.19|-27.66|2.00|-1.00|12958.00|-2302.00|0.84|0.03|0.63|0.55|0.29|0.78
46.155606269836426|0.07|-0.36|-1.92|-6.85|-4.89|0.00|0.00|0.00|0.00|0.01|-0.12|0.31|1.58|0.00|0.00|-30.14|-0.30|1.15|-52.35|21.25|-27.37|2.00|-1.00|7473.00|-2357.00|0.85|0.03|0.62|0.62|0.28|0.83
46.336268186569214|0.18|2.67|0.28|-17.13|69.31|0.00|0.00|0.24|0.00|0.50|-0.07|-2.83|14.26|0.00|0.00|13.61|0.02|1.24|-52.36|20.73|-24.76|2.00|-1.00|9964.00|-2354.00|0.84|0.05|0.62|0.58|0.26|0.83
46.52466797828674|0.15|-1.00|-3.75|-18.45|16.71|0.00|0.00|0.11|0.00|0.32|-0.75|-6.18|17.31|0.00|0.00|33.89|0.13|1.30|-52.50|19.61|-21.61|2.00|-1.00|16132.00|-2331.00|0.87|-0.00|0.60|0.55|0.19|0.78
46.709198236465454|0.14|-3.33|1.52|9.22|-62.63|0.00|0.00|-0.08|0.00|-0.30|-0.47|-4.47|5.66|0.00|0.00|18.32|0.54|1.24|-52.58|18.78|-20.56|2.00|-1.00|19540.00|-2230.00|0.86|0.04|0.63|0.52|0.26|0.92
46.88964343070984|0.14|0.80|3.75|13.51|-23.13|0.00|0.00|-0.09|-0.00|-0.16|0.22|-1.98|1.40|0.00|0.00|2.01|0.02|1.21|-52.54|18.41|-20.30|2.00|-1.00|19909.00|-2227.00|0.85|0.03|0.63|0.52|0.25|0.87
47.069167375564575|0.05|-1.72|2.80|29.91|-1.74|0.00|0.00|0.00|0.00|-0.47|0.74|3.52|1.08|0.00|0.00|2.92|0.03|1.12|-52.41|19.06|-20.10|2.00|-1.00|20446.00|-2221.00|0.83|0.01|0.65|0.50|0.19|0.86
47.257697343826294|0.16|4.27|-3.68|-27.39|-7.71|0.00|0.00|-0.01|-0.00|0.29|0.08|-1.38|-0.30|0.00|0.00|1.24|-0.02|1.18|-52.39|18.81|-20.15|2.00|-1.00|20668.00|-2224.00|0.85|0.04|0.62|0.51|0.25|0.88
47.43823027610779|0.07|-0.98|-0.20|-1.56|8.94|0.00|0.00|0.02|0.00|0.11|0.04|-1.67|1.35|0.00|0.00|4.40|0.04|1.20|-52.38|18.50|-19.90|2.00|-1.00|21482.00|-2216.00|0.86|0.04|0.64|0.55|0.25|0.92
47.62274932861328|0.03|10.61|-7.49|15.70|78.63|0.00|0.00|0.09|-0.00|2.02|-1.30|1.16|15.51|0.00|0.00|20.78|-0.26|1.56|-52.62|18.71|-17.11|2.00|-1.00|25222.00|-2262.00|0.91|0.07|0.62|0.54|0.53|0.73
47.806246757507324|0.04|-5.83|2.50|1.64|-29.52|0.00|0.00|0.03|-0.00|0.94|-0.84|1.46|10.02|0.00|0.00|26.55|-0.31|1.73|-52.77|18.98|-15.25|2.00|-1.00|30161.00|-2319.00|0.87|0.04|0.60|0.43|0.29|0.87
47.99077224731445|0.05|-6.74|3.98|10.08|-58.14|0.00|0.00|-0.13|0.00|-0.30|-0.11|3.30|-0.62|0.00|0.00|3.05|-0.07|1.68|-52.80|19.59|-15.36|2.00|-1.00|30719.00|-2331.00|0.85|0.03|0.63|0.42|0.29|0.92
48.17531728744507|0.03|0.68|0.62|-17.52|-16.29|0.00|0.00|0.08|-0.00|-0.17|0.00|0.06|-3.64|0.00|0.00|18.34|-0.32|1.65|-52.79|19.60|-16.04|2.00|-1.00|34111.00|-2390.00|0.84|0.03|0.63|0.44|0.30|0.94
48.359774351119995|0.02|-0.51|2.06|14.83|9.52|0.00|0.00|0.05|0.00|-0.27|0.39|2.82|-1.86|0.00|0.00|27.09|0.26|1.60|-52.72|20.12|-16.38|2.00|-1.00|39149.00|-2341.00|0.85|0.03|0.63|0.42|0.28|0.84
48.5443377494812|0.02|0.43|-3.01|-33.46|-6.61|0.00|0.00|-0.09|0.00|-0.19|-0.16|-3.24|-3.06|0.00|0.00|10.38|0.33|1.56|-52.75|19.54|-16.94|2.00|-1.00|41027.00|-2281.00|0.85|0.04|0.63|0.43|0.30|0.92
48.73275303840637|0.04|-0.12|9.14|170.91|-16.76|0.00|0.00|-0.09|-0.00|-0.21|1.53|28.38|-6.16|0.00|0.00|-5.40|-0.28|1.52|-52.47|24.79|-18.08|2.00|-1.00|40028.00|-2333.00|0.84|0.02|0.63|0.50|0.34|0.84
48.921225786209106|0.05|3.14|-8.33|-195.45|-35.10|0.00|0.00|0.02|0.00|0.38|-0.04|-8.56|-12.80|0.00|0.00|-1.15|0.02|1.60|-52.47|23.17|-20.49|2.00|-1.00|39810.00|-2329.00|0.84|0.04|0.62|0.48|0.31|0.88
49.10078573226929|0.05|-1.44|0.45|84.93|44.33|0.00|0.00|0.01|-0.00|0.11|0.04|7.32|-4.51|0.00|0.00|0.08|0.01|1.62|-52.47|24.54|-21.34|2.00|-1.00|39825.00|-2328.00|0.84|0.04|0.63|0.50|0.33|0.87
49.28130745887756|0.04|0.25|0.39|0.83|13.13|0.00|0.00|-0.00|0.00|0.16|0.11|7.47|-2.13|0.00|0.00|-0.47|0.13|1.65|-52.45|25.89|-21.72|2.00|-1.00|39740.00|-2305.00|0.85|0.04|0.62|0.51|0.34|0.86
49.46980571746826|0.05|-1.40|-0.75|-41.05|3.78|0.00|0.00|-0.05|-0.00|-0.09|-0.02|0.04|-1.44|0.00|0.00|-8.64|0.01|1.63|-52.45|25.90|-21.98|2.00|-1.00|38176.00|-2303.00|0.85|0.03|0.62|0.52|0.36|0.85
49.65032339096069|0.07|-0.77|0.92|5.38|-9.19|0.00|0.00|0.03|-0.00|-0.24|0.15|1.04|-3.14|0.00|0.00|-2.79|-0.06|1.59|-52.42|26.09|-22.57|2.00|-1.00|37659.00|-2314.00|0.85|0.04|0.62|0.52|0.36|0.83
49.83782124519348|0.04|-0.32|-0.49|-16.92|20.82|0.00|0.00|0.02|-0.00|-0.29|0.06|-2.06|0.67|0.00|0.00|0.51|-0.09|1.53|-52.41|25.72|-22.44|2.00|-1.00|37753.00|-2331.00|0.85|0.03|0.63|0.52|0.36|0.84
50.01837682723999|0.05|1.11|0.57|29.89|19.02|0.00|0.00|-0.00|0.00|-0.09|0.16|3.50|4.21|0.00|0.00|-0.08|0.02|1.52|-52.38|26.37|-21.66|2.00|-1.00|37738.00|-2327.00|0.85|0.03|0.64|0.51|0.35|0.84
50.20284914970398|0.07|-0.37|1.07|-47.75|-30.75|0.00|0.00|0.00|0.00|-0.16|0.36|-5.14|-1.36|0.00|0.00|-0.06|0.03|1.49|-52.32|25.44|-21.91|2.00|-1.00|37728.00|-2322.00|0.84|0.03|0.63|0.51|0.37|0.84
50.38742256164551|0.07|1.12|-0.95|-45.73|10.36|0.00|0.00|0.00|0.00|0.05|0.18|-13.55|0.55|0.00|0.00|0.24|0.05|1.50|-52.28|22.94|-21.81|2.00|-1.00|37772.00|-2313.00|0.85|0.03|0.62|0.52|0.35|0.85
50.57084822654724|0.04|-0.64|-1.36|55.19|-3.27|0.00|0.00|0.00|0.00|-0.07|-0.06|-3.51|-0.05|0.00|0.00|1.04|0.07|1.48|-52.29|22.30|-21.82|2.00|-1.00|37961.00|-2300.00|0.84|0.04|0.63|0.52|0.33|0.86
50.74739599227905|0.05|0.44|0.41|-8.51|12.91|0.00|0.00|0.05|-0.00|0.02|0.01|-5.08|2.34|0.00|0.00|9.51|0.02|1.49|-52.29|21.36|-21.38|2.00|-1.00|39721.00|-2296.00|0.85|0.04|0.63|0.51|0.32|0.86
50.93192219734192|0.05|-0.82|1.12|7.41|-17.55|0.00|0.00|-0.05|-0.00|-0.13|0.21|-3.75|-0.82|0.00|0.00|0.14|0.00|1.46|-52.25|20.69|-21.53|2.00|-1.00|39746.00|-2296.00|0.85|0.03|0.62|0.50|0.31|0.87
51.12040424346924|0.03|0.40|-1.68|14.68|0.14|0.00|0.00|-0.00|-0.00|-0.06|-0.10|-1.06|-0.79|0.00|0.00|0.03|-0.05|1.45|-52.27|20.49|-21.68|2.00|-1.00|39752.00|-2306.00|0.85|0.03|0.63|0.50|0.30|0.87
51.29989528656006|0.04|-0.34|0.62|6.03|-2.30|0.00|0.00|-0.00|0.00|-0.12|0.02|0.06|-1.22|0.00|0.00|-0.54|0.02|1.43|-52.27|20.50|-21.90|2.00|-1.00|39652.00|-2303.00|0.85|0.03|0.62|0.51|0.31|0.86
51.48442006111145|0.04|1.39|-0.51|-7.77|2.25|0.00|0.00|0.00|-0.00|0.13|-0.07|-1.36|-0.81|0.00|0.00|-0.42|-0.04|1.45|-52.28|20.26|-22.05|2.00|-1.00|39575.00|-2311.00|0.85|0.04|0.62|0.51|0.31|0.87
51.6648964881897|0.04|-1.64|1.45|3.59|0.53|0.00|0.00|0.00|0.00|-0.17|0.19|-0.70|-0.71|0.00|0.00|-0.04|0.02|1.42|-52.25|20.13|-22.18|2.00|-1.00|39567.00|-2308.00|0.86|0.03|0.63|0.50|0.31|0.87
51.84943604469299|0.05|1.36|-1.90|1.93|1.92|0.00|0.00|-0.01|-0.00|0.07|-0.15|-0.35|-0.37|0.00|0.00|-2.09|-0.01|1.44|-52.27|20.07|-22.25|2.00|-1.00|39190.00|-2310.00|0.84|0.03|0.63|0.51|0.31|0.87
52.033950328826904|0.07|-1.15|0.73|6.29|-4.04|0.00|0.00|-0.01|0.00|-0.14|-0.01|0.81|-1.12|0.00|0.00|-3.88|-0.01|1.41|-52.28|20.22|-22.45|2.00|-1.00|38472.00|-2311.00|0.85|0.04|0.62|0.51|0.31|0.87
52.217453956604004|0.04|0.51|-0.04|-5.99|7.90|0.00|0.00|0.00|-0.00|-0.04|-0.02|-0.29|0.34|0.00|0.00|-3.71|-0.14|1.40|-52.28|20.16|-22.39|2.00|-1.00|37790.00|-2336.00|0.85|0.03|0.63|0.51|0.31|0.86
52.401968002319336|0.05|0.57|0.45|-2.47|-2.17|0.00|0.00|0.00|-0.00|0.06|0.06|-0.74|-0.06|0.00|0.00|-3.60|-0.24|1.41|-52.27|20.03|-22.40|2.00|-1.00|37127.00|-2380.00|0.84|0.03|0.62|0.50|0.32|0.87
52.58648610115051|0.05|-0.92|-0.00|10.47|1.66|0.00|0.00|-0.02|0.00|-0.11|0.06|1.17|0.24|0.00|0.00|-7.95|-0.21|1.39|-52.26|20.24|-22.36|2.00|-1.00|35672.00|-2418.00|0.85|0.04|0.63|0.51|0.31|0.86
52.77096652984619|0.04|0.43|-0.11|-18.28|3.18|0.00|0.00|0.01|0.00|-0.03|0.04|-2.17|0.82|0.00|0.00|-5.46|-0.02|1.39|-52.25|19.84|-22.21|2.00|-1.00|34672.00|-2422.00|0.85|0.03|0.63|0.51|0.31|0.85
52.9554877281189|0.04|-0.91|-0.72|6.89|0.91|0.00|0.00|-0.02|-0.00|-0.19|-0.09|-0.91|0.99|0.00|0.00|-9.39|-0.28|1.35|-52.27|19.68|-22.03|2.00|-1.00|32953.00|-2474.00|0.85|0.03|0.62|0.50|0.33|0.87
53.13510537147522|0.05|1.54|0.96|-9.55|10.78|0.00|0.00|0.04|0.00|0.09|0.09|-2.69|3.00|0.00|0.00|-1.83|-0.10|1.37|-52.25|19.18|-21.47|2.00|-1.00|32613.00|-2492.00|0.86|0.03|0.63|0.53|0.33|0.88
53.31952261924744|0.07|-1.23|-0.23|5.25|-13.01|0.00|0.00|0.00|0.00|-0.13|0.05|-1.74|0.65|0.00|0.00|-1.11|0.01|1.35|-52.24|18.86|-21.35|2.00|-1.00|32413.00|-2491.00|0.85|0.03|0.62|0.48|0.32|0.87
53.50408601760864|0.04|0.99|-1.39|2.54|-11.50|0.00|0.00|-0.01|0.00|0.05|-0.21|-1.28|-1.45|0.00|0.00|-2.48|0.12|1.36|-52.28|18.63|-21.62|2.00|-1.00|31960.00|-2469.00|0.85|0.04|0.62|0.49|0.32|0.87
53.6885244846344|0.04|-0.81|1.08|-24.71|-14.49|0.00|0.00|0.00|0.00|-0.10|-0.01|-5.82|-4.12|0.00|0.00|-1.64|0.14|1.34|-52.28|17.56|-22.37|2.00|-1.00|31658.00|-2443.00|0.85|0.03|0.62|0.49|0.32|0.87
53.87303638458252|0.07|0.79|-1.18|25.65|11.32|0.00|0.00|0.01|-0.00|0.05|-0.23|-1.03|-2.00|0.00|0.00|0.04|0.00|1.35|-52.33|17.37|-22.75|2.00|-1.00|31666.00|-2443.00|0.85|0.03|0.63|0.50|0.32|0.87
54.060532569885254|0.05|-0.35|0.57|-6.20|-1.66|0.00|0.00|-0.00|-0.00|-0.01|-0.13|-2.16|-2.30|0.00|0.00|-0.63|0.05|1.35|-52.35|16.97|-23.17|2.00|-1.00|31551.00|-2434.00|0.85|0.03|0.63|0.50|0.31|0.87
54.24504208564758|0.07|-0.32|0.82|-4.80|6.11|0.00|0.00|-0.05|0.00|-0.07|0.02|-3.05|-1.17|0.00|0.00|-10.59|0.13|1.33|-52.34|16.41|-23.38|2.00|-1.00|29581.00|-2409.00|0.84|0.03|0.63|0.51|0.29|0.87
54.42153811454773|0.05|0.73|0.16|13.18|9.12|0.00|0.00|0.00|0.00|0.06|0.05|-0.61|0.52|0.00|0.00|-9.84|0.14|1.34|-52.33|16.29|-23.29|2.00|-1.00|27760.00|-2384.00|0.85|0.04|0.62|0.51|0.30|0.87
54.606098651885986|0.04|-0.12|-0.11|6.21|-0.28|0.00|0.00|0.02|-0.00|0.04|0.03|0.50|0.47|0.00|0.00|-5.75|0.12|1.35|-52.33|16.38|-23.20|2.00|-1.00|26731.00|-2363.00|0.85|0.03|0.63|0.51|0.31|0.87
54.790595054626465|0.04|-0.25|-0.22|-5.15|-2.87|0.00|0.00|0.03|-0.00|-0.00|-0.01|-0.42|-0.04|0.00|0.00|0.00|-0.02|1.35|-52.33|16.31|-23.21|2.00|-1.00|26731.00|-2367.00|0.85|0.04|0.63|0.51|0.30|0.87
54.97420859336853|0.04|-0.95|0.09|-5.46|19.21|0.00|0.00|0.03|0.00|-0.18|0.01|-1.45|3.55|0.00|0.00|0.00|-0.01|1.32|-52.33|16.04|-22.55|2.00|-1.00|26731.00|-2368.00|0.85|0.03|0.62|0.50|0.29|0.86
55.15462112426758|0.03|0.38|-0.36|11.75|-32.48|0.00|0.00|0.03|0.00|-0.11|-0.05|0.69|-2.36|0.00|0.00|0.00|0.00|1.30|-52.34|16.16|-22.98|2.00|-1.00|26731.00|-2368.00|0.85|0.03|0.63|0.51|0.29|0.88
55.33911895751953|0.05|1.08|0.28|-15.00|35.74|0.00|0.00|0.03|0.00|0.09|-0.00|-2.05|4.18|0.00|0.00|-0.45|0.09|1.31|-52.34|15.79|-22.21|2.00|-1.00|26648.00|-2352.00|0.85|0.03|0.63|0.50|0.27|0.88
55.52364754676819|0.10|-1.91|1.97|7.91|-22.62|0.00|0.00|-0.04|-0.00|-0.26|0.35|-0.62|0.08|0.00|0.00|-8.34|0.08|1.27|-52.27|15.68|-22.20|2.00|-1.00|25139.00|-2337.00|0.85|0.03|0.63|0.51|0.29|0.87
55.70715880393982|0.12|0.97|-0.93|-2.25|-1.76|0.00|0.00|0.05|-0.00|-0.08|0.18|-1.04|-0.24|0.00|0.00|0.00|-0.01|1.25|-52.24|15.48|-22.24|2.00|-1.00|25139.00|-2338.00|0.84|0.04|0.63|0.50|0.28|0.88
55.89165425300598|0.09|0.66|-1.18|-4.70|-0.68|0.00|0.00|0.05|-0.00|0.04|-0.04|-1.90|-0.37|0.00|0.00|0.03|-0.05|1.26|-52.25|15.13|-22.31|2.00|-1.00|25144.00|-2347.00|0.85|0.03|0.62|0.51|0.28|0.88
56.07217860221863|0.07|-0.19|-0.35|2.11|9.96|0.00|0.00|0.01|-0.00|0.01|-0.10|-1.51|1.47|0.00|0.00|1.85|-0.07|1.26|-52.26|14.86|-22.04|2.00|-1.00|25484.00|-2360.00|0.86|0.04|0.62|0.50|0.27|0.88
56.25663709640503|0.04|0.28|0.64|-14.74|-10.39|0.00|0.00|0.00|0.00|0.06|0.02|-4.19|-0.43|0.00|0.00|2.30|-0.02|1.27|-52.26|14.09|-22.12|2.00|-1.00|25903.00|-2363.00|0.84|0.03|0.62|0.51|0.27|0.88
56.44114875793457|0.07|-0.73|1.85|-13.64|-3.01|0.00|0.00|0.03|0.00|-0.07|0.36|-6.69|-0.98|0.00|0.00|7.99|0.05|1.26|-52.20|12.87|-22.30|2.00|-1.00|27366.00|-2354.00|0.84|0.02|0.62|0.51|0.25|0.88
56.62872314453125|0.08|-1.47|-3.29|33.69|-17.46|0.00|0.00|-0.04|-0.00|-0.34|-0.25|-0.53|-4.17|0.00|0.00|-0.02|-0.03|1.20|-52.24|12.77|-23.06|2.00|-1.00|27362.00|-2360.00|0.85|0.03|0.63|0.50|0.25|0.88
56.81319522857666|0.08|1.14|1.63|-7.30|47.06|0.00|0.00|0.06|-0.00|-0.13|0.06|-1.91|4.77|0.00|0.00|10.59|-0.07|1.17|-52.23|12.41|-22.16|2.00|-1.00|29374.00|-2373.00|0.85|0.03|0.63|0.51|0.24|0.90
57.00169849395752|0.07|0.01|-1.25|-1.35|-27.41|0.00|0.00|-0.00|-0.00|-0.12|-0.17|-2.16|-0.25|0.00|0.00|9.80|-0.20|1.15|-52.26|12.01|-22.20|2.00|-1.00|31167.00|-2409.00|0.85|0.03|0.62|0.50|0.23|0.90
57.17821669578552|0.05|2.07|1.21|23.56|6.19|0.00|0.00|-0.03|0.00|0.26|0.06|2.22|0.90|0.00|0.00|4.92|-0.15|1.20|-52.25|12.43|-22.03|2.00|-1.00|32083.00|-2436.00|0.85|0.04|0.63|0.51|0.24|0.89
57.36670994758606|0.05|-2.08|-1.04|-24.75|-5.28|0.00|0.00|-0.05|0.00|-0.11|-0.13|-2.21|-0.04|0.00|0.00|-3.14|-0.03|1.18|-52.27|12.03|-22.04|2.00|-1.00|31521.00|-2441.00|0.85|0.03|0.62|0.50|0.24|0.89
57.55121469497681|0.07|0.28|-0.25|5.88|43.84|0.00|0.00|0.04|-0.00|-0.06|-0.17|-1.10|8.24|0.00|0.00|4.01|-0.14|1.17|-52.30|11.82|-20.48|2.00|-1.00|32278.00|-2467.00|0.84|0.03|0.63|0.48|0.24|0.90
57.734742879867554|0.08|-0.79|0.97|9.48|-52.06|0.00|0.00|-0.03|0.00|-0.20|0.01|0.64|-1.28|0.00|0.00|-1.84|0.05|1.13|-52.30|11.94|-20.72|2.00|-1.00|31941.00|-2457.00|0.85|0.03|0.63|0.48|0.24|0.92
57.91925001144409|0.08|1.60|-0.45|-3.17|5.82|0.00|0.00|-0.02|-0.00|0.09|-0.08|0.06|-0.22|0.00|0.00|-5.70|-0.09|1.15|-52.32|11.95|-20.76|2.00|-1.00|30903.00|-2473.00|0.85|0.03|0.63|0.48|0.24|0.91
58.09977078437805|0.08|-0.72|0.68|2.65|-0.62|0.00|0.00|0.02|0.00|-0.05|0.05|0.55|-0.34|0.00|0.00|-2.10|0.02|1.14|-52.31|12.05|-20.82|2.00|-1.00|30514.00|-2470.00|0.85|0.04|0.63|0.47|0.25|0.90
58.28826427459717|0.08|1.47|-0.57|-17.02|-11.75|0.00|0.00|-0.01|0.00|0.22|-0.06|-2.53|-2.46|0.00|0.00|-3.90|0.23|1.18|-52.32|11.60|-21.27|2.00|-1.00|29809.00|-2428.00|0.85|0.03|0.63|0.47|0.24|0.90
58.471779108047485|0.08|-1.98|1.27|21.52|-8.34|0.00|0.00|-0.03|-0.00|-0.15|0.18|1.47|-4.02|0.00|0.00|-10.04|0.00|1.15|-52.28|11.87|-22.01|2.00|-1.00|27941.00|-2428.00|0.85|0.04|0.62|0.50|0.24|0.89
58.65635824203491|0.07|2.43|-1.06|-5.66|16.54|0.00|0.00|0.05|-0.00|0.30|-0.02|0.43|-0.95|0.00|0.00|-0.10|0.00|1.21|-52.29|11.95|-22.19|2.00|-1.00|27922.00|-2428.00|0.85|0.04|0.62|0.50|0.24|0.89
58.84079027175903|0.08|-1.90|0.20|-3.59|3.17|0.00|0.00|-0.03|-0.00|-0.05|0.02|-0.23|-0.38|0.00|0.00|-5.40|-0.04|1.20|-52.28|11.91|-22.26|2.00|-1.00|26934.00|-2436.00|0.85|0.03|0.61|0.50|0.26|0.87
59.025245904922485|0.13|-0.88|-0.59|3.75|1.19|0.00|0.00|-0.00|0.00|-0.21|-0.09|0.46|-0.15|0.00|0.00|-5.49|0.04|1.16|-52.30|11.99|-22.29|2.00|-1.00|25919.00|-2428.00|0.84|0.03|0.63|0.49|0.22|0.92
59.20579934120178|0.11|1.11|0.39|-0.58|2.09|0.00|0.00|0.02|-0.00|-0.01|-0.02|0.36|0.23|0.00|0.00|-1.38|-0.03|1.16|-52.30|12.06|-22.24|2.00|-1.00|25666.00|-2434.00|0.85|0.04|0.63|0.50|0.24|0.89
59.38533544540405|0.10|0.45|0.93|10.79|0.10|0.00|0.00|0.01|0.00|0.08|0.15|2.31|0.25|0.00|0.00|-0.07|0.00|1.17|-52.28|12.48|-22.20|2.00|-1.00|25653.00|-2434.00|0.85|0.04|0.63|0.50|0.24|0.89
59.56585359573364|0.10|-0.20|-1.08|-4.62|-1.84|0.00|0.00|0.00|0.00|0.04|-0.04|1.49|-0.08|0.00|0.00|-0.07|0.06|1.18|-52.28|12.74|-22.21|2.00|-1.00|25641.00|-2424.00|0.85|0.03|0.62|0.50|0.25|0.89
59.7464165687561|0.11|-0.90|0.25|-7.42|2.90|0.00|0.00|0.00|-0.00|-0.12|0.01|0.13|0.45|0.00|0.00|0.00|0.00|1.16|-52.28|12.77|-22.13|2.00|-1.00|25641.00|-2424.00|0.85|0.04|0.63|0.51|0.26|0.89
59.9308295249939|0.12|1.38|0.66|-3.84|-1.40|0.00|0.00|0.00|-0.00|0.13|0.13|-0.57|0.20|0.00|0.00|-0.02|-0.04|1.18|-52.26|12.66|-22.10|2.00|-1.00|25638.00|-2432.00|0.85|0.03|0.62|0.49|0.26|0.88
60.110352993011475|0.11|-0.09|-0.83|-0.26|-9.04|0.00|0.00|0.00|0.00|0.11|-0.02|-0.61|-1.44|0.00|0.00|0.00|0.00|1.20|-52.26|12.55|-22.36|2.00|-1.00|25638.00|-2432.00|0.85|0.04|0.63|0.50|0.25|0.90
60.29091215133667|0.10|-0.61|0.28|4.53|1.07|0.00|0.00|0.00|0.00|-0.00|0.03|0.22|-1.24|0.00|0.00|0.01|-0.05|1.20|-52.26|12.59|-22.58|2.00|-1.00|25639.00|-2442.00|0.85|0.03|0.62|0.50|0.25|0.89
60.479413986206055|0.07|-0.61|-0.71|5.39|2.95|0.00|0.00|-0.00|-0.00|-0.11|-0.10|1.19|-0.71|0.00|0.00|-0.30|-0.12|1.18|-52.28|12.81|-22.71|2.00|-1.00|25585.00|-2464.00|0.85|0.03|0.63|0.49|0.28|0.89
60.65898895263672|0.07|-0.58|1.26|-9.21|23.13|0.00|0.00|0.06|0.00|-0.22|0.13|-0.52|3.59|0.00|0.00|9.93|0.30|1.14|-52.25|12.71|-22.04|2.00|-1.00|27432.00|-2409.00|0.85|0.03|0.62|0.51|0.26|0.87
60.83945322036743|0.05|1.65|-0.71|10.19|-5.62|0.00|0.00|0.06|-0.00|0.08|0.01|1.31|2.58|0.00|0.00|19.87|-0.19|1.15|-52.25|12.94|-21.58|2.00|-1.00|31009.00|-2444.00|0.85|0.03|0.63|0.51|0.27|0.89
61.024036169052124|0.07|-0.89|0.31|13.96|-56.98|0.00|0.00|-0.06|0.00|-0.08|0.06|3.85|-7.79|0.00|0.00|8.93|0.00|1.14|-52.24|13.64|-23.00|2.00|-1.00|32634.00|-2444.00|0.85|0.03|0.62|0.48|0.28|0.91
61.204466819763184|0.05|0.60|0.36|-19.15|53.58|0.00|0.00|-0.04|0.00|0.02|0.13|0.35|2.01|0.00|0.00|1.07|-0.02|1.14|-52.21|13.71|-22.63|2.00|-1.00|32830.00|-2447.00|0.85|0.03|0.63|0.50|0.29|0.88
61.38895273208618|0.07|0.36|-0.67|5.39|-17.38|0.00|0.00|-0.03|0.00|0.09|0.01|1.32|-1.13|0.00|0.00|-3.69|0.04|1.16|-52.21|13.95|-22.84|2.00|-1.00|32162.00|-2439.00|0.85|0.04|0.63|0.50|0.29|0.87
61.57248902320862|0.07|-1.72|-0.07|-3.46|5.75|0.00|0.00|-0.05|0.00|-0.22|-0.01|0.69|-0.09|0.00|0.00|-13.04|0.42|1.12|-52.21|14.07|-22.85|2.00|-1.00|29788.00|-2362.00|0.85|0.03|0.62|0.50|0.29|0.89
61.76094841957092|0.08|1.11|-0.44|-4.93|-1.58|0.00|0.00|0.01|-0.00|-0.02|-0.09|-0.22|-0.38|0.00|0.00|-10.54|0.02|1.11|-52.23|14.03|-22.92|2.00|-1.00|27838.00|-2359.00|0.85|0.03|0.63|0.50|0.29|0.87
61.93757367134094|0.08|0.29|1.02|-1.55|5.97|0.00|0.00|0.03|0.00|0.04|0.10|-0.51|0.74|0.00|0.00|-4.29|0.22|1.12|-52.21|13.94|-22.78|2.00|-1.00|27035.00|-2317.00|0.85|0.03|0.63|0.50|0.29|0.88
62.12201547622681|0.08|0.00|-0.84|-10.52|3.95|0.00|0.00|0.03|-0.00|0.04|-0.04|-2.38|1.44|0.00|0.00|0.53|-0.05|1.13|-52.22|13.51|-22.53|2.00|-1.00|27129.00|-2326.00|0.85|0.04|0.62|0.50|0.30|0.87
62.30153036117554|0.07|0.30|0.04|1.63|-4.49|0.00|0.00|0.03|0.00|0.09|-0.04|-2.08|0.62|0.00|0.00|6.50|0.00|1.14|-52.23|13.13|-22.42|2.00|-1.00|28318.00|-2326.00|0.85|0.03|0.63|0.49|0.29|0.88
62.48604488372803|0.05|-0.75|-1.17|4.88|-54.35|0.00|0.00|-0.04|0.00|-0.04|-0.25|-1.21|-9.11|0.00|0.00|0.06|0.34|1.14|-52.27|12.92|-24.05|2.00|-1.00|28329.00|-2265.00|0.86|0.04|0.62|0.48|0.31|0.89
62.666552782058716|0.02|0.86|2.24|-24.38|74.89|0.00|0.00|0.01|-0.00|0.12|0.17|-5.74|4.82|0.00|0.00|2.23|0.24|1.16|-52.24|11.85|-23.15|2.00|-1.00|28743.00|-2221.00|0.85|0.02|0.62|0.51|0.30|0.84
62.85506796836853|0.08|-0.80|-0.40|9.51|-29.83|0.00|0.00|-0.01|-0.00|-0.03|0.10|-4.03|-0.55|0.00|0.00|0.41|0.05|1.15|-52.22|11.12|-23.25|2.00|-1.00|28817.00|-2212.00|0.84|0.04|0.64|0.49|0.24|0.92
63.039573669433594|0.09|-0.81|0.20|21.01|-7.23|0.00|0.00|-0.02|-0.00|-0.18|0.14|-0.15|-1.89|0.00|0.00|-3.57|-0.05|1.12|-52.20|11.09|-23.60|2.00|-1.00|28157.00|-2221.00|0.84|0.03|0.62|0.49|0.26|0.89
63.22707772254944|0.05|1.37|-0.04|-2.88|-22.47|0.00|0.00|-0.03|-0.00|0.08|0.13|-0.68|-6.09|0.00|0.00|-9.56|-0.24|1.14|-52.17|10.97|-24.74|2.00|-1.00|26369.00|-2265.00|0.85|0.03|0.63|0.50|0.26|0.89
63.41158080101013|0.10|-0.35|-1.92|9.47|31.91|0.00|0.00|-0.02|0.00|0.02|-0.23|1.08|-0.15|0.00|0.00|-13.14|0.03|1.14|-52.22|11.17|-24.77|2.00|-1.00|23925.00|-2260.00|0.84|0.02|0.62|0.48|0.27|0.89
63.596044063568115|0.10|-0.29|1.17|-6.43|24.90|0.00|0.00|0.07|-0.00|-0.04|-0.01|-0.11|4.43|0.00|0.00|-1.05|-0.10|1.13|-52.22|11.15|-23.95|2.00|-1.00|23731.00|-2279.00|0.84|0.03|0.63|0.51|0.27|0.86
63.77659344673157|0.10|1.61|0.25|3.64|10.19|0.00|0.00|-0.01|0.00|0.26|0.03|0.57|6.31|0.00|0.00|-2.97|0.05|1.18|-52.21|11.25|-22.78|2.00|-1.00|23181.00|-2270.00|0.85|0.03|0.62|0.52|0.26|0.89
63.957133054733276|0.11|-0.72|0.03|9.78|-72.07|0.00|0.00|0.01|-0.00|0.13|0.04|2.32|-6.59|0.00|0.00|-0.74|-0.01|1.21|-52.21|11.67|-23.96|2.00|-1.00|23048.00|-2272.00|0.85|0.03|0.62|0.51|0.24|0.88
64.14062786102295|0.09|-2.69|0.29|9.22|6.85|0.00|0.00|-0.05|0.00|-0.36|0.09|4.01|-5.34|0.00|0.00|-10.01|0.08|1.14|-52.19|12.40|-24.94|2.00|-1.00|21216.00|-2257.00|0.86|0.03|0.62|0.53|0.28|0.87
64.32512998580933|0.08|0.53|-0.75|-16.26|11.76|0.00|0.00|0.05|0.00|-0.26|-0.05|1.05|-3.20|0.00|0.00|-0.19|0.14|1.09|-52.20|12.59|-25.52|2.00|-1.00|21181.00|-2231.00|0.85|0.03|0.63|0.54|0.26|0.86
64.50965237617493|0.02|-2.85|4.81|-29.01|7.08|0.00|0.00|0.07|-0.00|-0.79|0.84|-4.29|-1.89|0.00|0.00|12.77|-0.10|0.95|-52.04|11.80|-25.87|2.00|-1.00|23531.00|-2250.00|0.85|0.04|0.65|0.64|0.35|0.83
64.69415712356567|0.04|4.36|-2.59|9.91|25.80|0.00|0.00|0.06|-0.00|0.02|0.36|-2.46|2.88|0.00|0.00|24.28|-0.58|0.95|-51.98|11.35|-25.34|2.00|-1.00|28022.00|-2357.00|0.84|0.04|0.63|0.55|0.27|0.87
64.87862300872803|0.05|1.83|-19.20|136.43|107.87|0.00|0.00|-0.03|0.00|0.35|-3.13|22.37|22.51|0.00|0.00|19.24|0.00|1.01|-52.55|15.42|-21.24|2.00|-1.00|31524.00|-2357.00|0.86|0.00|0.56|0.62|0.07|0.66
65.0661370754242|0.07|-3.32|15.59|-105.76|-94.94|0.00|0.00|0.09|0.00|-0.27|-0.20|2.49|4.66|0.00|0.00|35.34|0.86|0.96|-52.58|15.88|-20.36|2.00|-1.00|38168.00|-2195.00|0.85|0.04|0.62|0.48|0.32|0.85
65.25067925453186|0.07|0.76|2.61|-77.89|1.78|0.00|0.00|-0.21|-0.00|-0.13|0.28|-11.92|4.99|0.00|0.00|-3.82|-0.03|0.94|-52.53|13.68|-19.44|2.00|-1.00|37461.00|-2201.00|0.85|0.04|0.62|0.49|0.32|0.87
65.43917274475098|0.07|-0.09|-1.94|73.67|10.16|0.00|0.00|-0.02|-0.00|-0.15|-0.08|1.71|6.87|0.00|0.00|-7.48|-0.37|0.91|-52.55|14.00|-18.17|2.00|-1.00|36077.00|-2270.00|0.85|0.03|0.63|0.48|0.31|0.87
65.62368822097778|0.07|1.06|0.30|-46.55|-29.63|0.00|0.00|0.02|0.00|0.05|-0.02|-7.00|1.33|0.00|0.00|-2.93|-0.32|0.92|-52.55|12.69|-17.92|2.00|-1.00|35530.00|-2330.00|0.85|0.03|0.62|0.46|0.30|0.91
65.80819034576416|0.08|-0.46|1.07|16.60|-8.01|0.00|0.00|-0.01|-0.00|-0.03|0.17|-3.94|-0.14|0.00|0.00|-3.88|-0.33|0.91|-52.52|11.96|-17.94|2.00|-1.00|34816.00|-2391.00|0.85|0.03|0.63|0.44|0.29|0.90
65.99267148971558|0.05|0.45|-0.51|51.20|-19.12|0.00|0.00|-0.10|0.00|0.05|0.08|5.58|-3.70|0.00|0.00|-23.36|0.21|0.92|-52.51|13.00|-18.63|2.00|-1.00|30471.00|-2352.00|0.85|0.03|0.62|0.45|0.28|0.87
66.18518805503845|0.22|-0.35|-2.26|-61.02|-75.20|0.00|0.00|-0.04|-0.00|-0.02|-0.34|-5.65|-17.54|0.00|0.00|-31.30|-0.02|0.92|-52.57|11.96|-21.86|2.00|-1.00|24711.00|-2355.00|0.85|0.03|0.60|0.48|0.32|0.83
66.36968874931335|0.12|-0.20|4.44|29.89|72.98|0.00|0.00|0.01|0.00|-0.05|0.52|0.09|-3.52|0.00|0.00|-29.44|-0.01|0.91|-52.47|11.98|-22.53|2.00|-1.00|19059.00|-2357.00|0.85|0.05|0.65|0.68|0.30|0.87
66.55718874931335|0.08|0.58|0.11|-9.61|-70.59|0.00|0.00|0.10|-0.00|0.05|0.54|-1.68|-16.58|0.00|0.00|-10.65|-0.19|0.92|-52.37|11.67|-25.60|2.00|-1.00|17089.00|-2392.00|0.84|0.03|0.63|0.49|0.29|0.87
66.74171233177185|0.07|1.39|-4.26|20.80|83.56|0.00|0.00|-0.00|0.00|0.31|-0.26|2.19|-1.04|0.00|0.00|-11.24|-0.14|0.98|-52.42|12.07|-25.80|2.00|-1.00|14998.00|-2418.00|0.84|0.03|0.62|0.59|0.30|0.82
66.92221570014954|0.08|-0.92|1.81|-8.69|26.61|0.00|0.00|0.06|0.00|0.14|0.08|0.58|3.88|0.00|0.00|-1.06|0.31|1.00|-52.40|12.18|-25.08|2.00|-1.00|14802.00|-2361.00|0.85|0.04|0.62|0.57|0.28|0.84
67.10667204856873|0.08|-0.01|1.48|-4.18|-9.03|0.00|0.00|0.01|-0.00|0.14|0.34|-0.17|2.27|0.00|0.00|-0.02|-0.02|1.03|-52.34|12.15|-24.67|2.00|-1.00|14799.00|-2365.00|0.85|0.03|0.62|0.55|0.27|0.85
67.2862241268158|0.04|-0.58|-2.70|-10.78|9.20|0.00|0.00|0.02|0.00|0.03|-0.15|-2.15|3.96|0.00|0.00|4.11|0.18|1.03|-52.37|11.75|-23.94|2.00|-1.00|15555.00|-2332.00|0.85|0.04|0.62|0.53|0.28|0.85
67.47531151771545|0.02|-0.27|-2.36|1.17|-11.04|0.00|0.00|0.10|-0.00|-0.02|-0.58|-1.94|1.95|0.00|0.00|22.45|-0.01|1.03|-52.48|11.40|-23.59|2.00|-1.00|19640.00|-2333.00|0.86|0.02|0.61|0.54|0.25|0.88
67.65881299972534|0.02|0.09|2.92|-30.40|81.45|0.00|0.00|0.03|-0.00|0.00|-0.04|-7.60|17.10|0.00|0.00|27.98|-0.02|1.03|-52.48|9.99|-20.41|2.00|-1.00|24845.00|-2336.00|0.85|0.05|0.62|0.56|0.28|0.88
67.84333062171936|0.07|0.89|-1.13|45.02|-35.31|0.00|0.00|0.08|-0.00|0.16|-0.25|0.69|10.60|0.00|0.00|42.72|-0.59|1.06|-52.53|10.11|-18.46|2.00|-1.00|32706.00|-2444.00|0.85|0.03|0.63|0.48|0.25|0.90
68.02784538269043|0.07|-1.29|1.46|0.76|-61.32|0.00|0.00|-0.26|0.00|-0.07|0.02|0.83|-0.74|0.00|0.00|-5.40|-0.20|1.05|-52.52|10.27|-18.59|2.00|-1.00|31707.00|-2481.00|0.84|0.04|0.62|0.47|0.24|0.90
68.20831203460693|0.07|1.37|0.75|-2.24|2.82|0.00|0.00|-0.03|0.00|0.18|0.16|0.42|-0.22|0.00|0.00|-11.41|0.21|1.08|-52.49|10.34|-18.63|2.00|-1.00|29607.00|-2443.00|0.85|0.03|0.62|0.48|0.25|0.91
68.39686512947083|0.07|-1.21|0.01|-23.52|-34.34|0.00|0.00|-0.03|-0.00|-0.04|0.16|-3.86|-6.47|0.00|0.00|-17.51|-0.04|1.07|-52.46|9.64|-19.81|2.00|-1.00|26421.00|-2451.00|0.84|0.03|0.64|0.48|0.25|0.91
68.58534526824951|0.10|0.49|-2.11|-9.18|22.06|0.00|0.00|-0.02|-0.00|0.05|-0.23|-5.58|-2.34|0.00|0.00|-20.73|-0.39|1.08|-52.51|8.60|-20.25|2.00|-1.00|22545.00|-2524.00|0.86|0.02|0.62|0.49|0.26|0.93
68.76482892036438|0.12|-1.37|1.88|32.30|4.87|0.00|0.00|0.08|0.00|-0.21|0.12|0.43|-1.44|0.00|0.00|-6.16|-0.04|1.04|-52.49|8.68|-20.52|2.00|-1.00|21399.00|-2532.00|0.85|0.03|0.62|0.51|0.24|0.89
68.94941115379333|0.11|1.93|-1.07|-6.48|-19.16|0.00|0.00|0.01|-0.00|0.14|-0.08|-0.75|-4.93|0.00|0.00|-4.18|-0.23|1.07|-52.50|8.54|-21.41|2.00|-1.00|20638.00|-2573.00|0.86|0.04|0.62|0.53|0.25|0.88
69.1339476108551|0.10|0.32|-0.88|-13.58|3.92|0.00|0.00|-0.03|0.00|0.20|-0.24|-3.26|-4.20|0.00|0.00|-9.14|-0.06|1.11|-52.54|7.94|-22.19|2.00|-1.00|18947.00|-2585.00|0.85|0.03|0.62|0.54|0.22|0.87
69.32238483428955|0.09|-1.13|1.24|10.23|9.59|0.00|0.00|-0.03|-0.00|-0.00|-0.01|-1.39|-2.44|0.00|0.00|-14.17|-0.15|1.11|-52.55|7.68|-22.64|2.00|-1.00|16354.00|-2613.00|0.85|0.04|0.63|0.56|0.23|0.87
69.50288510322571|0.10|0.27|-0.03|5.69|-6.88|0.00|0.00|0.07|0.00|0.05|-0.02|-0.33|-3.73|0.00|0.00|-0.40|-0.03|1.11|-52.55|7.62|-23.34|2.00|-1.00|16279.00|-2618.00|0.85|0.03|0.62|0.55|0.22|0.87
69.68240714073181|0.10|-1.16|0.60|43.02|93.08|0.00|0.00|0.14|0.00|-0.16|0.09|7.50|13.21|0.00|0.00|24.90|0.17|1.08|-52.53|8.98|-20.93|2.00|-1.00|20810.00|-2587.00|0.87|0.02|0.63|0.53|0.22|0.91
69.86693143844604|0.07|1.80|-1.49|-59.47|-65.56|0.00|0.00|0.01|0.00|0.16|-0.18|-3.26|1.34|0.00|0.00|26.72|0.17|1.11|-52.56|8.39|-20.69|2.00|-1.00|25646.00|-2556.00|0.85|0.03|0.62|0.52|0.21|0.88
70.04745030403137|0.07|-0.50|1.66|13.89|2.99|0.00|0.00|-0.03|0.00|0.07|0.12|-0.73|1.89|0.00|0.00|22.08|0.18|1.13|-52.54|8.26|-20.35|2.00|-1.00|29665.00|-2524.00|0.85|0.03|0.62|0.53|0.21|0.87
70.2358992099762|0.05|0.70|-0.77|74.70|-11.67|0.00|0.00|-0.08|-0.00|0.20|-0.02|12.79|-0.23|0.00|0.00|8.01|-0.16|1.16|-52.55|10.57|-20.39|2.00|-1.00|31114.00|-2553.00|0.85|0.03|0.63|0.48|0.21|0.90
70.41544842720032|0.05|-0.19|0.73|-73.24|19.40|0.00|0.00|-0.04|0.00|0.16|0.12|-0.84|3.38|0.00|0.00|-0.15|0.02|1.19|-52.52|10.42|-19.76|2.00|-1.00|31086.00|-2550.00|0.85|0.03|0.63|0.50|0.23|0.90
70.60395765304565|0.04|-2.05|-0.69|-12.49|-26.83|0.00|0.00|-0.09|0.00|-0.21|-0.01|-3.12|-1.53|0.00|0.00|-16.44|0.40|1.15|-52.52|9.85|-20.04|2.00|-1.00|28077.00|-2477.00|0.85|0.03|0.62|0.49|0.24|0.90
70.78845620155334|0.09|-2.36|3.45|18.99|5.14|0.00|0.00|-0.02|-0.00|-0.66|0.65|0.47|-0.56|0.00|0.00|-20.33|-0.28|1.03|-52.40|9.94|-20.14|2.00|-1.00|24235.00|-2530.00|0.85|0.08|0.69|0.40|0.24|0.97
70.97307586669922|0.14|3.72|0.82|34.13|-3.81|0.00|0.00|0.08|0.00|0.02|0.79|6.71|-1.25|0.00|0.00|-5.81|-0.14|1.03|-52.26|11.16|-20.37|2.00|-1.00|23172.00|-2555.00|0.85|0.03|0.63|0.50|0.21|0.90
71.15348386764526|0.26|0.65|-5.10|-31.91|16.70|0.00|0.00|0.03|0.00|0.14|-0.13|0.94|1.77|0.00|0.00|-0.55|0.06|1.06|-52.28|11.33|-20.05|2.00|-1.00|23073.00|-2545.00|0.85|0.03|0.62|0.50|0.24|0.89
71.333012342453|0.33|-1.48|1.66|5.04|-14.91|0.00|0.00|0.00|0.00|-0.13|0.17|1.86|-0.96|0.00|0.00|-0.13|0.07|1.03|-52.25|11.68|-20.23|2.00|-1.00|23049.00|-2533.00|0.85|0.02|0.62|0.50|0.24|0.88
71.51752543449402|0.30|0.47|-1.79|-10.02|8.15|0.00|0.00|0.00|-0.00|-0.05|-0.15|0.05|0.52|0.00|0.00|-0.02|-0.02|1.02|-52.28|11.68|-20.13|2.00|-1.00|23046.00|-2537.00|0.85|0.02|0.64|0.50|0.24|0.90
71.6980938911438|0.19|0.45|1.19|1.41|-12.13|0.00|0.00|0.00|0.00|0.04|0.07|0.31|-1.72|0.00|0.00|0.00|0.00|1.03|-52.26|11.74|-20.45|2.00|-1.00|23046.00|-2537.00|0.85|0.03|0.62|0.50|0.25|0.90
71.88254523277283|0.04|-0.92|-0.18|-9.37|8.19|0.00|0.00|0.00|0.00|-0.13|0.04|-1.37|-0.25|0.00|0.00|5.28|0.03|1.01|-52.26|11.50|-20.49|2.00|-1.00|23991.00|-2531.00|0.85|0.03|0.63|0.50|0.24|0.89
72.05806636810303|0.08|0.82|-0.00|11.97|20.36|0.00|0.00|0.02|0.00|0.02|0.04|0.82|3.47|0.00|0.00|8.36|0.04|1.01|-52.25|11.65|-19.86|2.00|-1.00|25520.00|-2524.00|0.85|0.03|0.63|0.49|0.25|0.91
72.24257707595825|0.07|-0.42|1.25|2.55|-21.06|0.00|0.00|-0.06|-0.00|-0.05|0.26|1.27|-0.27|0.00|0.00|-1.70|0.03|1.00|-52.20|11.87|-19.91|2.00|-1.00|25218.00|-2519.00|0.85|0.03|0.63|0.49|0.25|0.88
72.42709946632385|0.08|0.76|-1.79|-7.02|18.85|0.00|0.00|-0.01|0.00|0.09|-0.07|-0.02|3.19|0.00|0.00|-2.62|0.05|1.02|-52.22|11.87|-19.32|2.00|-1.00|24736.00|-2509.00|0.85|0.04|0.63|0.49|0.25|0.90
72.61558127403259|0.13|0.33|-1.29|-1.88|-15.84|0.00|0.00|-0.01|-0.00|0.15|-0.31|-0.36|0.29|0.00|0.00|-4.49|-0.08|1.05|-52.27|11.80|-19.27|2.00|-1.00|23915.00|-2523.00|0.84|0.02|0.63|0.50|0.25|0.90
72.79606580734253|0.13|-1.03|2.89|18.36|-9.55|0.00|0.00|0.02|0.00|-0.04|0.23|3.07|-1.49|0.00|0.00|-0.94|0.12|1.04|-52.23|12.38|-19.54|2.00|-1.00|23740.00|-2501.00|0.84|0.03|0.63|0.49|0.26|0.88
72.9795708656311|0.19|-0.52|-0.59|-22.10|0.65|0.00|0.00|0.00|-0.00|-0.14|0.13|-0.93|-1.37|0.00|0.00|-0.10|0.03|1.01|-52.21|12.21|-19.79|2.00|-1.00|23722.00|-2495.00|0.85|0.03|0.63|0.49|0.25|0.88
73.16412878036499|0.23|1.35|-1.17|11.01|1.68|0.00|0.00|-0.00|-0.00|0.11|-0.09|1.11|-1.06|0.00|0.00|-0.14|-0.12|1.03|-52.22|12.41|-19.99|2.00|-1.00|23696.00|-2518.00|0.85|0.04|0.63|0.50|0.25|0.89
73.34868621826172|0.21|-0.89|1.34|-2.40|-6.05|0.00|0.00|0.00|0.00|-0.05|0.16|0.66|-2.18|0.00|0.00|-0.12|0.00|1.02|-52.19|12.54|-20.39|2.00|-1.00|23673.00|-2518.00|0.85|0.03|0.63|0.48|0.25|0.90
73.52814435958862|0.18|1.13|-0.58|-9.77|15.30|0.00|0.00|0.00|0.00|0.15|0.05|-1.12|0.60|0.00|0.00|-0.03|-0.02|1.05|-52.18|12.33|-20.28|2.00|-1.00|23668.00|-2522.00|0.85|0.04|0.62|0.51|0.25|0.88
73.71764421463013|0.18|-1.18|-0.84|5.33|-4.26|0.00|0.00|-0.00|-0.00|-0.06|-0.10|-0.15|-0.17|0.00|0.00|-0.04|-0.06|1.04|-52.20|12.30|-20.31|2.00|-1.00|23660.00|-2533.00|0.84|0.04|0.63|0.51|0.25|0.89
73.90114712715149|0.15|0.02|1.14|0.27|-20.25|0.00|0.00|-0.00|0.00|-0.06|0.12|-0.10|-3.98|0.00|0.00|-0.09|-0.03|1.03|-52.18|12.29|-21.06|2.00|-1.00|23643.00|-2539.00|0.84|0.03|0.63|0.50|0.25|0.89
74.08564829826355|0.04|0.12|-1.34|4.22|-5.14|0.00|0.00|0.00|0.00|-0.03|-0.13|0.68|-4.92|0.00|0.00|-0.05|0.02|1.02|-52.20|12.41|-21.97|2.00|-1.00|23633.00|-2536.00|0.85|0.03|0.63|0.53|0.26|0.87
74.26618599891663|0.05|0.22|-0.76|36.91|21.74|0.00|0.00|0.08|0.00|0.00|-0.27|7.39|-0.97|0.00|0.00|14.67|0.24|1.02|-52.25|13.76|-22.14|2.00|-1.00|26303.00|-2493.00|0.86|0.04|0.64|0.54|0.24|0.90
74.45068788528442|-0.03|3.61|-1.12|79.58|68.49|0.00|0.00|0.18|0.00|0.66|-0.47|21.80|11.43|0.00|0.00|48.04|0.77|1.14|-52.34|17.70|-20.07|2.00|-1.00|34999.00|-2354.00|0.81|0.06|0.55|0.63|0.28|0.86
74.63914394378662|0.04|-5.21|2.36|-26.05|-37.63|0.00|0.00|-0.02|-0.01|-0.31|-0.04|16.98|4.47|0.00|0.00|44.38|-1.12|1.09|-52.35|20.84|-19.25|2.00|-1.00|43210.00|-2562.00|0.85|0.02|0.61|0.46|0.30|0.89
74.8266966342926|0.07|2.68|-1.78|-60.21|-27.68|0.00|0.00|-0.03|0.00|0.20|-0.37|5.66|-0.73|0.00|0.00|39.24|-0.24|1.12|-52.42|21.91|-19.39|2.00|-1.00|50587.00|-2608.00|0.85|0.03|0.62|0.47|0.34|0.84
75.00721192359924|0.08|0.96|2.94|16.14|-4.24|0.00|0.00|-0.04|-0.00|0.38|0.18|8.68|-1.53|0.00|0.00|31.31|-1.06|1.19|-52.38|23.53|-19.67|2.00|-1.00|56442.00|-2807.00|0.86|0.04|0.63|0.51|0.38|0.83
75.1916754245758|0.05|-0.43|0.89|-6.15|19.34|0.00|0.00|-0.06|0.01|0.30|0.34|7.55|2.01|0.00|0.00|20.52|0.13|1.25|-52.32|24.91|-19.30|2.00|-1.00|60198.00|-2783.00|0.85|0.03|0.62|0.50|0.41|0.84
75.37221503257751|0.04|-0.01|-2.17|74.94|9.28|0.00|0.00|-0.13|0.00|0.30|-0.05|21.04|3.68|0.00|0.00|-3.28|0.26|1.30|-52.33|28.70|-18.64|2.00|-1.00|59608.00|-2736.00|0.85|0.04|0.63|0.48|0.43|0.82
75.56068706512451|0.05|-2.35|-0.85|82.08|22.86|0.00|0.00|-0.15|0.00|-0.13|-0.21|36.06|7.87|0.00|0.00|-31.54|0.27|1.28|-52.37|35.30|-17.20|2.00|-1.00|53836.00|-2687.00|0.85|0.03|0.62|0.45|0.49|0.78
