0.01894831657409668|00|000|0.00|0.00|0.00|0.10|0.12|0.17|0.12|0.01|0.00|0.00|0.00|1.42|-51.90|2.27|-51.82|0.00|-1.00|-4.00|-4.00|0.84|0.04|0.625|0.64|0.00|0.00|0.00|0.00|0.10|0.12|0.17|0.12|0.01|0.00|0.00|0.00|1.42|-51.90|2.27|-51.82|0.00|-1.00|-4.00|-4.00|0.84|0.04|0.62|0.84|0.05|0.61
0.19547748565673828|0.07|-0.71|-0.54|-1.17|-0.48|0.00|0.00|0.00|0.00|-0.02|0.03|-0.03|0.04|0.01|0.00|0.00|0.00|1.41|-51.90|2.26|-51.81|0.00|-1.00|-4.00|-4.00|0.84|0.04|0.63|0.84|0.05|0.62
0.3670194149017334|0.07|-0.47|-0.27|0.23|0.43|0.00|0.00|0.00|0.00|-0.10|-0.02|0.01|0.12|0.01|0.00|0.00|0.00|1.39|-51.90|2.26|-51.79|0.00|-1.00|-4.00|-4.00|0.85|0.04|0.63|0.85|0.05|0.62
0.5395584106445312|0.07|0.02|1.03|-1.55|-1.14|0.00|0.00|0.00|0.00|-0.10|0.16|-0.26|-0.08|0.01|0.00|0.00|0.00|1.38|-51.87|2.22|-51.81|0.00|-1.00|-4.00|-4.00|0.85|0.03|0.63|0.84|0.05|0.61
0.7150871753692627|0.07|0.81|-0.85|1.40|-0.44|0.00|0.00|0.00|0.00|0.04|0.01|-0.01|-0.15|0.01|0.00|0.00|0.00|1.39|-51.87|2.22|-51.83|0.00|-1.00|-4.00|-4.00|0.85|0.03|0.63|0.84|0.05|0.61
0.887669563293457|0.07|-0.33|0.68|-0.38|1.00|0.00|0.00|0.00|0.00|-0.01|0.13|-0.08|0.02|0.01|0.00|0.00|0.00|1.38|-51.85|2.20|-51.83|0.00|-1.00|-4.00|-4.00|0.85|0.03|0.63|0.84|0.05|0.62
1.0549376010894775|0.07|0.14|-0.50|2.39|1.42|0.00|0.00|0.00|0.00|0.01|0.04|0.33|0.26|0.01|0.00|0.00|0.00|1.38|-51.84|2.26|-51.79|0.00|-1.00|-4.00|-4.00|0.85|0.04|0.64|0.84|0.05|0.61
1.2313971519470215|0.07|0.23|-0.22|-0.81|-2.54|0.00|0.00|0.00|0.00|0.05|0.00|0.20|-0.17|0.01|0.00|0.00|0.00|1.39|-51.84|2.29|-51.81|0.00|-1.00|-4.00|-4.00|0.85|0.04|0.63|0.84|0.05|0.62
1.4029722213745117|0.07|-0.09|-0.20|-4.39|0.35|0.00|0.00|0.00|0.00|0.04|-0.03|-0.56|-0.11|0.01|0.00|0.00|0.00|1.40|-51.85|2.20|-51.83|0.00|-1.00|-4.00|-4.00|0.85|0.04|0.62|0.84|0.05|0.61
1.575610637664795|0.07|-1.03|2.49|4.04|1.39|0.00|0.00|0.00|0.00|-0.14|0.40|0.15|0.13|0.01|0.00|0.00|0.00|1.37|-51.78|2.22|-51.81|0.00|-1.00|-4.00|-4.00|0.85|0.04|0.63|0.84|0.04|0.61
1.7510123252868652|0.07|0.66|-1.64|-2.58|-1.82|0.00|0.00|0.00|0.00|-0.03|0.13|-0.29|-0.17|0.01|0.00|0.00|0.00|1.37|-51.76|2.17|-51.84|0.00|-1.00|-4.00|-4.00|0.85|0.03|0.62|0.84|0.05|0.61
1.9235804080963135|0.07|0.79|-3.67|0.83|0.98|0.00|0.00|0.00|0.00|0.11|-0.52|-0.14|-0.00|0.01|0.00|0.00|0.00|1.39|-51.85|2.15|-51.84|0.00|-1.00|-4.00|-4.00|0.85|0.03|0.62|0.84|0.05|0.62
2.0950896739959717|0.07|-0.62|2.83|-0.11|0.76|0.00|0.00|0.00|0.00|-0.00|-0.03|-0.16|0.13|0.01|0.00|0.00|0.00|1.39|-51.85|2.12|-51.82|0.00|-1.00|-4.00|-4.00|0.85|0.04|0.62|0.84|0.05|0.62
2.2716569900512695|0.07|-0.41|-0.23|0.72|0.57|0.00|0.00|0.00|0.00|-0.07|-0.07|-0.04|0.23|0.01|0.00|0.00|0.00|1.37|-51.86|2.11|-51.78|0.00|-1.00|-4.00|-4.00|0.85|0.03|0.62|0.84|0.05|0.60
2.44316029548645|0.07|0.21|-1.06|0.70|-1.42|0.00|0.00|0.00|0.00|-0.04|-0.25|0.08|-0.02|0.01|0.00|0.00|0.00|1.37|-51.91|2.13|-51.78|0.00|-1.00|-4.00|-4.00|0.85|0.04|0.63|0.84|0.05|0.63
2.615697145462036|0.07|0.35|2.03|-0.55|0.15|0.00|0.00|0.00|0.00|0.03|0.10|-0.01|0.00|0.01|0.00|0.00|0.00|1.37|-51.89|2.13|-51.78|0.00|-1.00|-4.00|-4.00|0.85|0.04|0.64|0.84|0.04|0.61
2.792276382446289|0.07|-0.47|-0.71|-0.32|0.26|0.00|0.00|0.00|0.00|-0.05|-0.02|-0.07|0.05|0.01|0.00|0.00|0.00|1.36|-51.89|2.12|-51.77|0.00|-1.00|-4.00|-4.00|0.85|0.03|0.63|0.84|0.05|0.62
2.963771343231201|0.07|0.66|-0.89|1.66|-1.04|0.00|0.00|0.00|0.00|0.06|-0.17|0.22|-0.13|0.01|0.00|0.00|0.00|1.37|-51.92|2.15|-51.80|0.00|-1.00|-4.00|-4.00|0.85|0.03|0.63|0.85|0.05|0.62
3.132322311401367|0.07|0.74|1.79|-1.60|1.16|0.00|0.00|0.00|0.00|0.19|0.13|-0.05|0.06|0.01|0.00|0.00|0.00|1.41|-51.90|2.15|-51.79|0.00|-1.00|-4.00|-4.00|0.85|0.04|0.63|0.84|0.06|0.62
3.3079943656921387|0.07|-1.66|1.23|-1.46|-0.68|0.00|0.00|0.00|0.00|-0.10|0.34|-0.30|-0.05|0.01|0.00|0.00|0.00|1.39|-51.84|2.09|-51.79|0.00|-1.00|-4.00|-4.00|0.85|0.04|0.63|0.85|0.05|0.62
3.483380079269409|0.07|-0.01|-2.38|1.14|0.02|0.00|0.00|0.00|0.00|-0.10|-0.07|-0.10|-0.05|0.01|0.00|0.00|0.00|1.37|-51.85|2.08|-51.80|0.00|-1.00|-4.00|-4.00|0.85|0.04|0.63|0.83|0.05|0.60
3.6559228897094727|0.07|0.47|-1.10|1.78|-0.20|0.00|0.00|0.00|0.00|-0.01|-0.26|0.21|-0.08|0.01|0.00|0.00|0.00|1.37|-51.90|2.11|-51.82|0.00|-1.00|-4.00|-4.00|0.85|0.03|0.63|0.84|0.06|0.61
3.832493543624878|0.05|-0.29|1.45|-3.31|-0.91|0.00|0.00|0.00|0.00|-0.06|-0.01|-0.37|-0.24|0.01|0.00|0.00|0.00|1.36|-51.90|2.05|-51.86|0.00|-1.00|-4.00|-4.00|0.85|0.02|0.62|0.85|0.05|0.61
4.003993988037109|0.07|-0.02|0.33|1.76|1.39|0.00|0.00|0.00|0.00|-0.07|0.05|-0.06|0.00|0.01|0.00|0.00|0.00|1.35|-51.89|2.04|-51.86|0.00|-1.00|-4.00|-4.00|0.85|0.04|0.63|0.84|0.05|0.61
4.176533460617065|0.07|0.98|-0.82|1.45|-1.07|0.00|0.00|0.00|0.00|0.10|-0.09|0.19|-0.18|0.01|0.00|0.00|0.00|1.37|-51.91|2.07|-51.89|0.00|-1.00|-4.00|-4.00|0.84|0.04|0.64|0.84|0.05|0.60
4.352064609527588|0.07|-0.14|0.27|-1.30|2.60|0.00|0.00|0.00|0.00|0.08|-0.05|-0.03|0.27|0.01|0.00|0.00|0.00|1.38|-51.92|2.07|-51.85|0.00|-1.00|-4.00|-4.00|0.84|0.04|0.62|0.84|0.05|0.62
4.52459979057312|0.07|-1.71|0.36|-0.62|-2.18|0.00|0.00|0.00|0.00|-0.22|0.01|-0.14|-0.11|0.01|0.00|0.00|0.00|1.34|-51.91|2.04|-51.86|0.00|-1.00|-4.00|-4.00|0.85|0.04|0.62|0.84|0.05|0.61
4.696261882781982|0.07|1.41|0.79|1.24|-0.23|0.00|0.00|0.00|0.00|0.03|0.15|0.08|-0.15|0.01|0.00|0.00|0.00|1.35|-51.89|2.06|-51.89|0.00|-1.00|-4.00|-4.00|0.84|0.04|0.63|0.84|0.05|0.61
4.86869740486145|0.07|-0.23|-0.86|0.48|1.03|0.00|0.00|0.00|0.00|-0.01|0.01|0.16|0.02|0.01|0.00|0.00|0.00|1.34|-51.89|2.08|-51.89|0.00|-1.00|-4.00|-4.00|0.86|0.04|0.63|0.83|0.06|0.61
5.040223121643066|0.07|0.84|-1.05|-0.39|-0.48|0.00|0.00|0.00|0.00|0.13|-0.17|0.09|-0.06|0.01|0.00|0.00|0.00|1.37|-51.92|2.10|-51.90|0.00|-1.00|-4.00|-4.00|0.85|0.04|0.63|0.84|0.06|0.61
5.2167558670043945|0.07|-0.61|0.43|-1.47|0.15|0.00|0.00|0.00|0.00|0.03|-0.10|-0.16|-0.03|0.01|0.00|0.00|0.00|1.37|-51.93|2.07|-51.90|0.00|-1.00|-4.00|-4.00|0.85|0.04|0.63|0.84|0.05|0.61
5.388293981552124|0.07|-0.92|2.12|1.87|0.17|0.00|0.00|0.00|0.00|-0.13|0.27|0.16|-0.00|0.01|0.00|0.00|0.00|1.35|-51.89|2.10|-51.90|0.00|-1.00|-4.00|-4.00|0.84|0.04|0.63|0.84|0.05|0.62
5.560837268829346|0.07|1.09|-1.56|0.12|0.46|0.00|0.00|0.00|0.00|0.06|-0.00|0.18|0.08|0.01|0.00|0.00|0.00|1.36|-51.89|2.13|-51.89|0.00|-1.00|-4.00|-4.00|0.84|0.04|0.62|0.85|0.05|0.61
5.732423782348633|0.07|-0.17|0.33|-2.33|-0.69|0.00|0.00|0.00|0.00|0.03|0.06|-0.21|-0.04|0.01|0.00|0.00|0.00|1.36|-51.88|2.09|-51.90|0.00|-1.00|-4.00|-4.00|0.84|0.03|0.63|0.84|0.04|0.62
5.904918909072876|0.07|0.45|-0.14|0.05|0.87|0.00|0.00|0.00|0.00|0.11|0.03|-0.21|0.11|0.01|0.00|0.00|0.00|1.38|-51.87|2.06|-51.88|0.00|-1.00|-4.00|-4.00|0.85|0.04|0.63|0.84|0.05|0.61
6.076460838317871|0.07|-0.43|-0.75|1.45|-0.60|0.00|0.00|0.00|0.00|0.03|-0.10|0.04|0.01|0.01|0.00|0.00|0.00|1.39|-51.89|2.06|-51.88|0.00|-1.00|-4.00|-4.00|0.84|0.04|0.63|0.84|0.05|0.61
6.249000549316406|0.07|-0.38|0.18|0.94|-0.69|0.00|0.00|0.00|0.00|-0.03|-0.07|0.20|-0.11|0.01|0.00|0.00|0.00|1.38|-51.90|2.10|-51.90|0.00|-1.00|-4.00|-4.00|0.85|0.04|0.62|0.84|0.05|0.61
6.420542240142822|0.07|-0.20|0.58|-0.61|1.98|0.00|0.00|0.00|0.00|-0.07|0.03|0.10|0.23|0.01|0.00|0.00|0.00|1.37|-51.89|2.12|-51.86|0.00|-1.00|-4.00|-4.00|0.84|0.03|0.62|0.84|0.06|0.62
6.59715723991394|0.07|0.43|-1.51|0.45|-4.81|0.00|0.00|0.00|0.00|0.01|-0.23|0.18|-0.59|0.01|0.00|0.00|0.00|1.37|-51.93|2.15|-51.96|0.00|-1.00|-4.00|-4.00|0.85|0.04|0.62|0.84|0.05|0.61
6.76861310005188|0.07|-0.15|0.42|-2.08|2.68|0.00|0.00|0.00|0.00|-0.02|-0.15|-0.18|-0.13|0.01|0.00|0.00|0.00|1.37|-51.96|2.12|-51.98|0.00|-1.00|-4.00|-4.00|0.84|0.04|0.63|0.84|0.05|0.62
6.941148281097412|0.07|0.32|1.24|0.55|2.95|0.00|0.00|0.00|0.00|0.03|0.06|-0.09|0.38|0.01|0.00|0.00|0.00|1.37|-51.95|2.10|-51.91|0.00|-1.00|-4.00|-4.00|0.85|0.04|0.63|0.84|0.05|0.61
7.108701229095459|0.07|-0.06|0.11|1.52|-1.78|0.00|0.00|0.00|0.00|0.03|0.08|0.17|0.08|0.01|0.00|0.00|0.00|1.38|-51.94|2.13|-51.90|0.00|-1.00|-4.00|-4.00|0.85|0.04|0.63|0.84|0.05|0.61
7.281244277954102|0.07|0.25|-2.20|-0.51|0.22|0.00|0.00|0.00|0.00|0.07|-0.29|0.08|0.12|0.01|0.00|0.00|0.00|1.39|-51.99|2.14|-51.88|0.00|-1.00|-4.00|-4.00|0.85|0.04|0.62|0.85|0.05|0.62
7.456775903701782|0.07|-0.13|1.66|-1.46|-0.02|0.00|0.00|0.00|0.00|0.05|-0.01|-0.17|0.11|0.01|0.00|0.00|0.00|1.40|-51.99|2.11|-51.86|0.00|-1.00|-4.00|-4.00|0.85|0.04|0.62|0.84|0.05|0.60
7.629315614700317|0.07|-0.95|1.08|2.23|-1.87|0.00|0.00|0.00|0.00|-0.12|0.18|0.22|-0.21|0.01|0.00|0.00|0.00|1.38|-51.96|2.15|-51.90|0.00|-1.00|-4.00|-4.00|0.84|0.04|0.63|0.84|0.05|0.60
7.800857305526733|0.07|0.20|-0.06|0.68|2.55|0.00|0.00|0.00|0.00|-0.09|0.17|0.34|0.23|0.01|0.00|0.00|0.00|1.36|-51.93|2.21|-51.86|0.00|-1.00|-4.00|-4.00|0.84|0.03|0.63|0.84|0.05|0.62
7.973393440246582|0.07|1.30|-0.71|-2.22|-0.68|0.00|0.00|0.00|0.00|0.14|0.05|-0.04|0.11|0.01|0.00|0.00|0.00|1.38|-51.92|2.20|-51.84|0.00|-1.00|-4.00|-4.00|0.85|0.03|0.63|0.84|0.05|0.61
8.144938945770264|0.07|-0.50|0.04|-2.24|-2.63|0.00|0.00|0.00|0.00|0.05|0.06|-0.43|-0.34|0.01|0.00|0.00|0.00|1.39|-51.91|2.13|-51.90|0.00|-1.00|-4.00|-4.00|0.85|0.04|0.62|0.85|0.05|0.61
8.317480087280273|0.07|-0.61|1.13|2.88|3.93|0.00|0.00|0.00|0.00|-0.06|0.25|0.07|0.35|0.01|0.00|0.00|0.00|1.38|-51.86|2.14|-51.84|0.00|-1.00|-4.00|-4.00|0.86|0.04|0.63|0.84|0.05|0.61
8.493009567260742|0.07|-0.36|-3.39|0.86|-2.59|0.00|0.00|0.00|0.00|-0.12|-0.32|0.22|-0.10|0.01|0.00|0.00|0.00|1.36|-51.92|2.18|-51.85|0.00|-1.00|-4.00|-4.00|0.84|0.04|0.62|0.85|0.06|0.61
8.665549039840698|0.07|0.49|2.20|-0.98|-0.44|0.00|0.00|0.00|0.00|-0.03|0.06|0.05|-0.17|0.01|0.00|0.00|0.00|1.36|-51.91|2.19|-51.88|0.00|-1.00|-4.00|-4.00|0.85|0.03|0.63|0.84|0.05|0.61
8.837091207504272|0.07|0.82|1.08|-1.68|1.36|0.00|0.00|0.00|0.00|0.11|0.25|-0.24|0.06|0.01|0.00|0.00|0.00|1.38|-51.87|2.14|-51.87|0.00|-1.00|-4.00|-4.00|0.85|0.04|0.62|0.84|0.05|0.61
9.004639625549316|0.07|0.07|-0.27|1.27|0.54|0.00|0.00|0.00|0.00|0.12|0.20|-0.03|0.16|0.01|0.00|0.00|0.00|1.40|-51.83|2.14|-51.85|0.00|-1.00|-4.00|-4.00|0.85|0.04|0.63|0.84|0.05|0.60
9.177183151245117|0.07|-0.11|-0.96|1.33|1.43|0.00|0.00|0.00|0.00|0.10|0.04|0.20|0.40|0.01|0.00|0.00|0.00|1.42|-51.83|2.17|-51.78|0.00|-1.00|-4.00|-4.00|0.85|0.05|0.62|0.84|0.06|0.61
9.353754758834839|0.07|0.55|-0.51|-1.26|-3.30|0.00|0.00|0.00|0.00|0.20|-0.05|-0.02|-0.16|0.01|0.00|0.00|0.00|1.45|-51.83|2.17|-51.81|0.00|-1.00|-4.00|-4.00|0.84|0.03|0.63|0.84|0.06|0.61
9.529320001602173|0.07|-1.18|-0.37|-1.38|0.54|0.00|0.00|0.00|0.00|-0.01|-0.11|-0.26|-0.07|0.01|0.00|0.00|0.00|1.45|-51.85|2.12|-51.82|0.00|-1.00|-4.00|-4.00|0.85|0.04|0.62|0.84|0.05|0.61
9.701925039291382|0.07|-0.00|0.32|1.99|0.39|0.00|0.00|0.00|0.00|-0.01|-0.06|0.09|0.00|0.01|0.00|0.00|0.00|1.45|-51.86|2.14|-51.82|0.00|-1.00|-4.00|-4.00|0.84|0.04|0.63|0.84|0.05|0.61
9.873321056365967|0.07|-0.29|0.14|0.72|1.62|0.00|0.00|0.00|0.00|-0.06|-0.03|0.22|0.28|0.01|0.00|0.00|0.00|1.44|-51.87|2.18|-51.77|0.00|-1.00|-4.00|-4.00|0.85|0.03|0.63|0.83|0.05|0.62
10.045864582061768|0.07|0.24|-1.28|-1.17|-2.84|0.00|0.00|0.00|0.00|-0.02|-0.25|0.01|-0.21|0.01|0.00|0.00|0.00|1.43|-51.91|2.18|-51.80|0.00|-1.00|-4.00|-4.00|0.85|0.04|0.63|0.84|0.06|0.61
10.217406272888184|0.07|0.53|0.80|-2.12|0.30|0.00|0.00|0.00|0.00|0.07|-0.11|-0.36|-0.16|0.01|0.00|0.00|0.00|1.45|-51.93|2.12|-51.83|0.00|-1.00|-4.00|-4.00|0.85|0.04|0.62|0.84|0.05|0.61
10.393934726715088|0.05|-0.50|0.14|3.23|0.82|0.00|0.00|0.00|0.00|-0.01|-0.09|0.21|-0.01|0.01|0.00|0.00|0.00|1.44|-51.95|2.15|-51.83|0.00|-1.00|-4.00|-4.00|0.85|0.03|0.63|0.84|0.05|0.62
10.565478086471558|0.07|-0.20|1.00|-2.50|0.49|0.00|0.00|0.00|0.00|-0.05|0.08|-0.22|0.07|0.01|0.00|0.00|0.00|1.43|-51.93|2.12|-51.82|0.00|-1.00|-4.00|-4.00|0.85|0.04|0.63|0.85|0.05|0.62
10.738067626953125|0.07|0.44|-0.40|0.53|-0.42|0.00|0.00|0.00|0.00|0.03|0.02|-0.13|-0.00|0.01|0.00|0.00|0.00|1.44|-51.93|2.09|-51.82|0.00|-1.00|-4.00|-4.00|0.85|0.04|0.62|0.84|0.05|0.61
10.909558534622192|0.07|0.53|0.67|0.57|-0.88|0.00|0.00|0.00|0.00|0.12|0.13|-0.04|-0.15|0.01|0.00|0.00|0.00|1.46|-51.91|2.09|-51.85|0.00|-1.00|-4.00|-4.00|0.84|0.04|0.63|0.84|0.05|0.61
11.08209753036499|0.07|-0.71|0.33|0.47|3.93|0.00|0.00|0.00|0.00|-0.00|0.19|0.05|0.52|0.01|0.00|0.00|0.00|1.46|-51.87|2.09|-51.76|0.00|-1.00|-4.00|-4.00|0.85|0.04|0.63|0.84|0.05|0.61
11.253637313842773|0.07|0.14|-1.43|1.27|-3.52|0.00|0.00|0.00|0.00|0.02|-0.06|0.26|-0.08|0.01|0.00|0.00|0.00|1.46|-51.88|2.14|-51.77|0.00|-1.00|-4.00|-4.00|0.86|0.03|0.62|0.85|0.06|0.60
11.430169105529785|0.07|1.06|-2.47|-2.41|-6.80|0.00|0.00|0.00|0.00|0.20|-0.48|-0.15|-1.26|0.01|0.00|0.00|0.00|1.50|-51.97|2.11|-51.99|0.00|-1.00|-4.00|-4.00|0.85|0.04|0.63|0.84|0.06|0.60
11.597721576690674|0.07|-0.97|3.77|1.35|5.10|0.00|0.00|0.00|0.00|0.04|0.17|0.08|-0.37|0.01|0.00|0.00|0.00|1.50|-51.94|2.13|-52.05|0.00|-1.00|-4.00|-4.00|0.86|0.02|0.63|0.83|0.05|0.60
11.774279832839966|0.05|-0.72|-0.80|-3.81|10.09|0.00|0.00|0.00|0.00|-0.09|0.03|-0.57|1.35|0.01|0.00|0.00|0.00|1.49|-51.93|2.03|-51.82|0.00|-1.00|-4.00|-4.00|0.84|0.03|0.63|0.85|0.04|0.61
11.945792436599731|0.07|-0.06|0.71|5.99|-6.22|0.00|0.00|0.00|0.00|-0.10|0.16|0.47|0.27|0.01|0.00|0.00|0.00|1.47|-51.90|2.11|-51.78|0.00|-1.00|-4.00|-4.00|0.85|0.04|0.63|0.83|0.04|0.63
12.122316837310791|0.07|0.41|-4.19|-4.84|-3.22|0.00|0.00|0.00|0.00|-0.03|-0.56|-0.36|-0.28|0.01|0.00|0.00|0.00|1.47|-52.00|2.05|-51.82|0.00|-1.00|-4.00|-4.00|0.84|0.04|0.62|0.84|0.05|0.62
12.29388952255249|0.07|0.35|3.02|-0.74|-3.09|0.00|0.00|0.00|0.00|0.03|-0.03|-0.49|-0.83|0.01|0.00|0.00|0.00|1.47|-52.01|1.96|-51.97|0.00|-1.00|-4.00|-4.00|0.85|0.03|0.62|0.85|0.04|0.61
12.466403245925903|0.07|0.28|1.13|3.94|4.53|0.00|0.00|0.00|0.00|0.08|0.16|0.19|-0.04|0.01|0.00|0.00|0.00|1.49|-51.98|1.99|-51.98|0.00|-1.00|-4.00|-4.00|0.84|0.04|0.63|0.83|0.05|0.61
12.637944221496582|0.07|-0.77|0.67|-1.56|0.54|0.00|0.00|0.00|0.00|-0.05|0.28|-0.08|0.05|0.01|0.00|0.00|0.00|1.48|-51.93|1.98|-51.97|0.00|-1.00|-4.00|-4.00|0.84|0.02|0.62|0.84|0.05|0.62
12.810479879379272|0.07|0.07|-1.47|0.86|-1.23|0.00|0.00|0.00|0.00|-0.04|0.03|0.07|-0.16|0.01|0.00|0.00|0.00|1.47|-51.93|1.99|-52.00|0.00|-1.00|-4.00|-4.00|0.85|0.03|0.63|0.84|0.05|0.61
12.982025623321533|0.07|-1.15|0.85|-1.69|1.49|0.00|0.00|0.00|0.00|-0.23|0.17|-0.22|0.10|0.01|0.00|0.00|0.00|1.43|-51.90|1.96|-51.98|0.00|-1.00|-4.00|-4.00|0.85|0.04|0.63|0.84|0.05|0.61
13.15456509590149|0.07|1.82|-0.15|0.47|-0.10|0.00|0.00|0.00|0.00|0.08|0.15|-0.14|0.08|0.01|0.00|0.00|0.00|1.45|-51.87|1.93|-51.97|0.00|-1.00|-4.00|-4.00|0.84|0.04|0.63|0.85|0.04|0.62
13.330097436904907|0.07|-0.63|-1.00|4.67|1.11|0.00|0.00|0.00|0.00|-0.03|-0.02|0.66|0.27|0.01|0.00|0.00|0.00|1.44|-51.88|2.04|-51.92|0.00|-1.00|-4.00|-4.00|0.84|0.04|0.62|0.84|0.06|0.61
13.502635717391968|0.07|0.71|0.07|-4.80|-2.86|0.00|0.00|0.00|0.00|0.10|-0.01|-0.17|-0.23|0.01|0.00|0.00|0.00|1.46|-51.88|2.01|-51.96|0.00|-1.00|-4.00|-4.00|0.85|0.04|0.63|0.84|0.05|0.62
13.674179077148438|0.07|0.28|0.93|-0.64|0.87|0.00|0.00|0.00|0.00|0.14|0.15|-0.28|-0.08|0.01|0.00|0.00|0.00|1.48|-51.85|1.97|-51.97|0.00|-1.00|-4.00|-4.00|0.84|0.03|0.63|0.84|0.05|0.61
13.846717357635498|0.07|-0.91|0.04|2.53|2.14|0.00|0.00|0.00|0.00|-0.01|0.16|0.15|0.29|0.01|0.00|0.00|0.00|1.48|-51.83|1.99|-51.92|0.00|-1.00|-4.00|-4.00|0.84|0.04|0.63|0.84|0.05|0.60
14.018259048461914|0.07|0.34|-1.49|-0.20|-1.66|0.00|0.00|0.00|0.00|0.04|-0.10|0.12|0.01|0.01|0.00|0.00|0.00|1.49|-51.84|2.01|-51.92|0.00|-1.00|-4.00|-4.00|0.85|0.04|0.63|0.85|0.05|0.61
14.194791316986084|0.07|-1.79|2.25|-1.30|-0.90|0.00|0.00|0.00|0.00|-0.27|0.29|-0.10|-0.15|0.01|0.00|0.00|0.00|1.44|-51.79|1.99|-51.95|0.00|-1.00|-4.00|-4.00|0.86|0.04|0.63|0.84|0.05|0.61
14.36633014678955|0.07|2.30|-1.48|0.64|-0.94|0.00|0.00|0.00|0.00|0.14|0.03|0.01|-0.31|0.01|0.00|0.00|0.00|1.47|-51.79|2.00|-52.00|0.00|-1.00|-4.00|-4.00|0.85|0.04|0.63|0.84|0.05|0.61
14.538919687271118|0.07|-0.88|-0.25|-0.07|2.96|0.00|0.00|0.00|0.00|-0.01|-0.01|-0.01|0.19|0.01|0.00|0.00|0.00|1.47|-51.79|1.99|-51.97|0.00|-1.00|-4.00|-4.00|0.85|0.03|0.63|0.84|0.05|0.62
14.71041202545166|0.07|0.10|-0.56|1.08|-1.66|0.00|0.00|0.00|0.00|0.01|-0.11|0.18|-0.10|0.01|0.00|0.00|0.00|1.47|-51.81|2.03|-51.99|0.00|-1.00|-4.00|-4.00|0.85|0.03|0.63|0.84|0.05|0.62
14.886940479278564|0.07|-0.77|-0.49|-1.90|1.06|0.00|0.00|0.00|0.00|-0.13|-0.19|-0.14|0.08|0.01|0.00|0.00|0.00|1.45|-51.84|2.00|-51.97|0.00|-1.00|-4.00|-4.00|0.84|0.04|0.62|0.84|0.05|0.62
15.058483362197876|0.07|1.59|1.79|0.59|-0.08|0.00|0.00|0.00|0.00|0.15|0.12|-0.04|0.07|0.01|0.00|0.00|0.00|1.47|-51.82|2.00|-51.96|0.00|-1.00|-4.00|-4.00|0.85|0.04|0.62|0.84|0.05|0.60
15.231021881103516|0.07|-0.46|-0.34|0.54|1.62|0.00|0.00|0.00|0.00|0.07|0.06|0.05|0.35|0.01|0.00|0.00|0.00|1.48|-51.81|2.00|-51.90|0.00|-1.00|-4.00|-4.00|0.85|0.04|0.63|0.85|0.05|0.62
15.402705430984497|0.05|-0.44|-0.49|-0.22|-1.42|0.00|0.00|0.00|0.00|-0.00|-0.02|0.02|0.10|0.01|0.00|0.00|0.00|1.48|-51.81|2.01|-51.88|0.00|-1.00|-4.00|-4.00|0.84|0.04|0.63|0.85|0.05|0.62
15.579092979431152|0.07|-0.02|1.41|-0.66|-1.41|0.00|0.00|0.00|0.00|-0.01|0.23|-0.10|-0.14|0.01|0.00|0.00|0.00|1.48|-51.77|1.99|-51.91|0.00|-1.00|-4.00|-4.00|0.85|0.04|0.63|0.84|0.05|0.61
15.750634670257568|0.07|1.10|-0.97|1.06|-0.05|0.00|0.00|0.00|0.00|0.19|0.06|0.08|-0.15|0.01|0.00|0.00|0.00|1.52|-51.76|2.00|-51.93|0.00|-1.00|-4.00|-4.00|0.85|0.04|0.63|0.84|0.05|0.61
15.927195310592651|0.07|-1.67|-1.33|-1.36|1.12|0.00|0.00|0.00|0.00|-0.10|-0.17|-0.15|0.04|0.01|0.00|0.00|0.00|1.50|-51.79|1.98|-51.93|0.00|-1.00|-4.00|-4.00|0.84|0.04|0.64|0.84|0.05|0.62
16.094805479049683|0.07|0.16|1.61|0.83|0.07|0.00|0.00|0.00|0.00|-0.07|0.11|-0.00|0.05|0.01|0.00|0.00|0.00|1.48|-51.77|1.98|-51.92|0.00|-1.00|-4.00|-4.00|0.85|0.04|0.63|0.84|0.05|0.62
16.27129316329956|0.07|-0.07|-0.93|1.99|-1.05|0.00|0.00|0.00|0.00|-0.08|-0.05|0.33|-0.13|0.01|0.00|0.00|0.00|1.47|-51.78|2.04|-51.94|0.00|-1.00|-4.00|-4.00|0.84|0.04|0.63|0.84|0.05|0.60
16.443784475326538|0.07|0.48|0.58|-3.04|1.05|0.00|0.00|0.00|0.00|-0.00|0.05|-0.20|0.06|0.01|0.00|0.00|0.00|1.47|-51.77|2.00|-51.93|0.00|-1.00|-4.00|-4.00|0.85|0.04|0.62|0.84|0.05|0.61
16.615329265594482|0.07|-0.59|1.05|1.86|2.20|0.00|0.00|0.00|0.00|-0.10|0.23|0.12|0.43|0.01|0.00|0.00|0.00|1.45|-51.73|2.02|-51.86|0.00|-1.00|-4.00|-4.00|0.85|0.04|0.63|0.84|0.05|0.61
16.787862062454224|0.07|0.83|-2.11|-1.69|-1.60|0.00|0.00|0.00|0.00|0.04|-0.13|-0.17|0.16|0.01|0.00|0.00|0.00|1.46|-51.75|1.99|-51.83|0.00|-1.00|-4.00|-4.00|0.85|0.03|0.62|0.84|0.05|0.62
16.959407567977905|0.07|-0.00|0.16|1.74|-0.32|0.00|0.00|0.00|0.00|0.04|-0.10|0.14|0.10|0.01|0.00|0.00|0.00|1.47|-51.77|2.02|-51.81|0.00|-1.00|-4.00|-4.00|0.85|0.03|0.63|0.84|0.05|0.62
17.130945920944214|0.07|0.26|0.74|-0.87|-0.69|0.00|0.00|0.00|0.00|0.08|0.03|-0.01|-0.01|0.01|0.00|0.00|0.00|1.48|-51.77|2.01|-51.81|0.00|-1.00|-4.00|-4.00|0.85|0.04|0.64|0.83|0.05|0.61
17.303488969802856|0.07|0.03|0.92|-1.20|1.16|0.00|0.00|0.00|0.00|0.09|0.19|-0.22|0.19|0.01|0.00|0.00|0.00|1.50|-51.73|1.98|-51.78|0.00|-1.00|-4.00|-4.00|0.85|0.04|0.63|0.84|0.05|0.62
17.475031852722168|0.07|-1.20|-1.38|1.66|0.09|0.00|0.00|0.00|0.00|-0.11|-0.05|0.06|0.20|0.01|0.00|0.00|0.00|1.48|-51.74|1.99|-51.75|0.00|-1.00|-4.00|-4.00|0.84|0.04|0.62|0.85|0.05|0.61
17.647568702697754|0.07|-0.42|0.75|-0.34|-0.86|0.00|0.00|0.00|0.00|-0.19|0.08|0.00|0.05|0.01|0.00|0.00|0.00|1.44|-51.73|1.99|-51.74|0.00|-1.00|-4.00|-4.00|0.85|0.04|0.62|0.84|0.05|0.61
17.823102235794067|0.07|1.33|-2.33|0.57|-0.75|0.00|0.00|0.00|0.00|0.04|-0.32|0.10|-0.07|0.01|0.00|0.00|0.00|1.45|-51.78|2.00|-51.75|0.00|-1.00|-4.00|-4.00|0.85|0.03|0.63|0.84|0.05|0.61
17.995746850967407|0.07|-0.28|1.21|-0.40|2.56|0.00|0.00|0.00|0.00|-0.01|-0.11|0.03|0.37|0.01|0.00|0.00|0.00|1.45|-51.80|2.01|-51.69|0.00|-1.00|-4.00|-4.00|0.84|0.04|0.63|0.84|0.05|0.62
18.163194179534912|0.07|0.56|0.83|0.56|-1.34|0.00|0.00|0.00|0.00|0.09|0.03|0.13|0.14|0.01|0.00|0.00|0.00|1.47|-51.80|2.03|-51.66|0.00|-1.00|-4.00|-4.00|0.85|0.03|0.63|0.84|0.05|0.61
18.335733890533447|0.07|0.69|-0.26|-1.04|0.94|0.00|0.00|0.00|0.00|0.21|-0.01|-0.05|0.30|0.01|0.00|0.00|0.00|1.50|-51.80|2.02|-51.61|0.00|-1.00|-4.00|-4.00|0.85|0.04|0.63|0.84|0.05|0.61
18.51126480102539|0.07|-1.49|0.09|0.12|-4.35|0.00|0.00|0.00|0.00|-0.05|0.00|-0.03|-0.46|0.01|0.00|0.00|0.00|1.49|-51.80|2.02|-51.69|0.00|-1.00|-4.00|-4.00|0.86|0.03|0.63|0.85|0.06|0.61
18.683804273605347|0.07|-1.06|0.08|1.55|2.57|0.00|0.00|0.00|0.00|-0.23|0.02|0.24|-0.01|0.01|0.00|0.00|0.00|1.45|-51.80|2.06|-51.69|0.00|-1.00|-4.00|-4.00|0.85|0.04|0.63|0.85|0.05|0.62
18.855347156524658|0.07|2.89|0.55|-2.40|0.72|0.00|0.00|0.00|0.00|0.26|0.11|-0.17|0.11|0.01|0.00|0.00|0.00|1.50|-51.78|2.03|-51.67|0.00|-1.00|-4.00|-4.00|0.85|0.03|0.63|0.83|0.05|0.62
19.027885675430298|0.07|-1.75|-0.96|1.19|-0.79|0.00|0.00|0.00|0.00|-0.03|-0.05|0.03|-0.02|0.01|0.00|0.00|0.00|1.49|-51.79|2.04|-51.68|0.00|-1.00|-4.00|-4.00|0.85|0.04|0.62|0.84|0.05|0.61
19.199424505233765|0.07|0.33|-1.49|1.92|1.09|0.00|0.00|0.00|0.00|0.02|-0.31|0.37|0.17|0.01|0.00|0.00|0.00|1.50|-51.84|2.10|-51.65|0.00|-1.00|-4.00|-4.00|0.85|0.04|0.63|0.84|0.06|0.62
19.375956535339355|0.07|-0.23|1.53|-3.73|-0.76|0.00|0.00|0.00|0.00|-0.01|-0.05|-0.27|0.04|0.01|0.00|0.00|0.00|1.49|-51.85|2.06|-51.64|0.00|-1.00|-4.00|-4.00|0.84|0.03|0.63|0.84|0.05|0.61
19.543509244918823|0.07|0.56|0.35|2.31|-0.63|0.00|0.00|0.00|0.00|0.08|0.01|0.13|-0.07|0.01|0.00|0.00|0.00|1.51|-51.85|2.08|-51.66|0.00|-1.00|-4.00|-4.00|0.85|0.04|0.63|0.85|0.06|0.62
19.716051816940308|0.07|-0.68|0.77|-0.11|0.72|0.00|0.00|0.00|0.00|-0.03|0.14|0.11|0.05|0.01|0.00|0.00|0.00|1.50|-51.82|2.10|-51.65|0.00|-1.00|-4.00|-4.00|0.85|0.03|0.62|0.84|0.05|0.60
19.8915798664093|0.07|0.04|-1.59|-0.37|0.59|0.00|0.00|0.00|0.00|-0.03|-0.13|0.05|0.15|0.01|0.00|0.00|0.00|1.50|-51.85|2.11|-51.62|0.00|-1.00|-4.00|-4.00|0.85|0.04|0.62|0.84|0.05|0.62
20.064119338989258|0.07|-0.33|0.89|-1.02|-0.13|0.00|0.00|0.00|0.00|-0.08|0.02|-0.13|0.13|0.01|0.00|0.00|0.00|1.48|-51.84|2.08|-51.60|0.00|-1.00|-4.00|-4.00|0.85|0.04|0.63|0.83|0.05|0.61
20.235657215118408|0.07|0.15|-1.02|1.03|-0.49|0.00|0.00|0.00|0.00|-0.06|-0.16|0.05|0.04|0.01|0.00|0.00|0.00|1.47|-51.87|2.09|-51.59|0.00|-1.00|-4.00|-4.00|0.85|0.04|0.63|0.84|0.05|0.62
20.408195972442627|0.07|1.09|0.54|0.56|0.58|0.00|0.00|0.00|0.00|0.13|-0.06|0.15|0.14|0.01|0.00|0.00|0.00|1.50|-51.88|2.12|-51.57|0.00|-1.00|-4.00|-4.00|0.85|0.03|0.64|0.84|0.05|0.61
20.579739332199097|0.07|-0.68|0.62|-0.99|-1.26|0.00|0.00|0.00|0.00|0.02|0.04|-0.02|-0.07|0.01|0.00|0.00|0.00|1.50|-51.87|2.12|-51.58|0.00|-1.00|-4.00|-4.00|0.84|0.04|0.63|0.84|0.05|0.61
20.75626850128174|0.05|-0.06|-0.26|0.11|-0.70|0.00|0.00|0.00|0.00|0.01|-0.00|-0.00|-0.19|0.01|0.00|0.00|0.00|1.50|-51.88|2.12|-51.61|0.00|-1.00|-4.00|-4.00|0.85|0.04|0.63|0.85|0.05|0.62
20.92781352996826|0.07|0.17|-0.37|0.58|0.34|0.00|0.00|0.00|0.00|0.04|-0.07|0.10|-0.13|0.01|0.00|0.00|0.00|1.51|-51.89|2.13|-51.64|0.00|-1.00|-4.00|-4.00|0.85|0.03|0.63|0.84|0.05|0.61
21.100348949432373|0.07|-0.18|0.37|-1.10|0.03|0.00|0.00|0.00|0.00|0.01|-0.00|-0.09|-0.13|0.01|0.00|0.00|0.00|1.51|-51.89|2.12|-51.66|0.00|-1.00|-4.00|-4.00|0.85|0.03|0.63|0.84|0.05|0.60
21.271894931793213|0.07|-0.18|-0.65|1.66|1.00|0.00|0.00|0.00|0.00|-0.03|-0.12|0.20|0.04|0.01|0.00|0.00|0.00|1.50|-51.91|2.15|-51.65|0.00|-1.00|-4.00|-4.00|0.85|0.04|0.62|0.84|0.05|0.61
21.448423862457275|0.07|0.33|-1.20|-0.55|-1.24|0.00|0.00|0.00|0.00|0.03|-0.33|0.10|-0.17|0.01|0.00|0.00|0.00|1.51|-51.96|2.17|-51.68|0.00|-1.00|-4.00|-4.00|0.85|0.04|0.62|0.84|0.05|0.61
21.61996579170227|0.05|-0.57|1.70|-0.13|0.42|0.00|0.00|0.00|0.00|-0.07|-0.03|0.08|-0.10|0.01|0.00|0.00|0.00|1.50|-51.97|2.18|-51.70|0.00|-1.00|-4.00|-4.00|0.85|0.03|0.63|0.84|0.05|0.62
21.7885160446167|0.07|0.50|0.35|0.70|1.11|0.00|0.00|0.00|0.00|0.02|0.03|0.20|0.09|0.01|0.00|0.00|0.00|1.50|-51.96|2.22|-51.68|0.00|-1.00|-4.00|-4.00|0.85|0.04|0.63|0.84|0.05|0.61
21.964075326919556|0.07|0.28|-0.03|-1.20|-0.58|0.00|0.00|0.00|0.00|0.06|0.03|-0.00|-0.00|0.01|0.00|0.00|0.00|1.51|-51.96|2.22|-51.68|0.00|-1.00|-4.00|-4.00|0.85|0.03|0.62|0.84|0.05|0.61
22.14057207107544|0.07|-0.36|-0.52|-0.37|-1.01|0.00|0.00|0.00|0.00|0.00|-0.06|-0.07|-0.18|0.01|0.00|0.00|0.00|1.51|-51.97|2.21|-51.71|0.00|-1.00|-4.00|-4.00|0.84|0.04|0.63|0.84|0.05|0.62
22.313158750534058|0.07|-0.46|0.12|-0.37|2.15|0.00|0.00|0.00|0.00|-0.08|-0.04|-0.13|0.20|0.01|0.00|0.00|0.00|1.50|-51.98|2.18|-51.68|0.00|-1.00|-4.00|-4.00|0.85|0.04|0.62|0.84|0.05|0.62
22.484692096710205|0.07|1.54|0.02|2.13|-0.40|0.00|0.00|0.00|0.00|0.19|-0.04|0.24|0.13|0.01|0.00|0.00|0.00|1.53|-51.98|2.22|-51.65|0.00|-1.00|-4.00|-4.00|0.84|0.03|0.63|0.85|0.05|0.61
22.661253929138184|0.07|-0.42|-0.51|-2.09|-0.67|0.00|0.00|0.00|0.00|0.12|-0.13|-0.12|0.02|0.01|0.00|0.00|0.00|1.55|-52.01|2.20|-51.65|0.00|-1.00|-4.00|-4.00|0.85|0.03|0.63|0.84|0.05|0.61
22.83277463912964|0.07|-2.61|0.56|2.71|-0.27|0.00|0.00|0.00|0.00|-0.34|-0.03|0.35|-0.03|0.01|0.00|0.00|0.00|1.49|-52.01|2.27|-51.66|0.00|-1.00|-4.00|-4.00|0.84|0.04|0.63|0.84|0.05|0.61
23.005263805389404|0.07|-0.24|0.02|-1.92|0.42|0.00|0.00|0.00|0.00|-0.38|-0.02|0.02|0.04|0.01|0.00|0.00|0.00|1.42|-52.01|2.27|-51.65|0.00|-1.00|-4.00|-4.00|0.85|0.03|0.63|0.84|0.06|0.61
23.17681121826172|0.07|1.05|0.35|-1.68|1.79|0.00|0.00|0.00|0.00|-0.20|0.04|-0.27|0.35|0.01|0.00|0.00|0.00|1.39|-52.01|2.22|-51.59|0.00|-1.00|-4.00|-4.00|0.85|0.04|0.63|0.84|0.05|0.61
23.34935212135315|0.07|1.52|0.41|3.46|-4.96|0.00|0.00|0.00|0.00|0.06|0.10|0.32|-0.49|0.01|0.00|0.00|0.00|1.40|-51.99|2.28|-51.67|0.00|-1.00|-4.00|-4.00|0.84|0.04|0.63|0.84|0.05|0.62
23.524881601333618|0.07|-0.77|-2.76|-2.26|4.62|0.00|0.00|0.00|0.00|-0.07|-0.37|-0.06|0.30|0.01|0.00|0.00|0.00|1.39|-52.05|2.27|-51.62|0.00|-1.00|-4.00|-4.00|0.85|0.04|0.63|0.85|0.05|0.62
23.69741940498352|0.07|-0.30|2.64|-1.08|0.12|0.00|0.00|0.00|0.00|-0.12|0.10|-0.25|0.32|0.01|0.00|0.00|0.00|1.36|-52.04|2.22|-51.57|0.00|-1.00|-4.00|-4.00|0.84|0.04|0.62|0.85|0.05|0.59
23.86901068687439|0.05|0.71|4.47|5.87|-12.91|0.00|0.00|0.00|0.00|-0.00|0.86|0.76|-1.90|0.01|0.00|0.00|0.00|1.36|-51.89|2.35|-51.89|0.00|-1.00|-4.00|-4.00|0.86|0.03|0.65|0.82|0.06|0.60
24.045573472976685|0.07|-0.45|-8.14|-2.33|8.97|0.00|0.00|0.00|0.00|-0.08|-0.54|0.36|-0.35|0.01|0.00|0.00|0.00|1.35|-51.98|2.41|-51.95|0.00|-1.00|-4.00|-4.00|0.84|0.04|0.63|0.84|0.05|0.60
24.21703314781189|0.07|0.47|4.69|-7.22|3.17|0.00|0.00|0.00|0.00|0.00|0.27|-0.90|0.20|0.01|0.00|0.00|0.00|1.35|-51.93|2.26|-51.92|0.00|-1.00|-4.00|-4.00|0.84|0.04|0.62|0.84|0.05|0.61
24.389572143554688|0.07|-0.61|1.67|7.14|-1.09|0.00|0.00|0.00|0.00|-0.10|0.56|0.32|0.01|0.01|0.00|0.00|0.00|1.33|-51.84|2.31|-51.92|0.00|-1.00|-4.00|-4.00|0.85|0.04|0.63|0.84|0.05|0.61
24.561114072799683|0.07|0.07|-5.38|2.39|-1.01|0.00|0.00|0.00|0.00|-0.09|-0.37|0.73|-0.16|0.01|0.00|0.00|0.00|1.32|-51.90|2.44|-51.95|0.00|-1.00|-4.00|-4.00|0.85|0.03|0.63|0.84|0.05|0.63
24.737647533416748|0.07|0.36|1.22|-6.58|-2.42|0.00|0.00|0.00|0.00|-0.03|-0.16|-0.41|-0.58|0.01|0.00|0.00|0.00|1.31|-51.93|2.37|-52.05|0.00|-1.00|-4.00|-4.00|0.84|0.04|0.63|0.83|0.06|0.61
24.90918755531311|0.07|-1.78|4.61|0.07|6.42|0.00|0.00|0.00|0.00|-0.34|0.65|-0.39|0.54|0.01|0.00|0.00|0.00|1.25|-51.82|2.30|-51.95|0.00|-1.00|-4.00|-4.00|0.85|0.03|0.63|0.83|0.05|0.62
25.077780723571777|0.07|2.02|-2.03|5.77|-0.27|0.00|0.00|0.00|0.00|0.01|0.30|0.59|0.50|0.01|0.00|0.00|0.00|1.25|-51.76|2.40|-51.87|0.00|-1.00|-4.00|-4.00|0.85|0.03|0.62|0.85|0.06|0.61
25.25326633453369|0.07|0.21|-6.95|-1.19|-5.04|0.00|0.00|0.00|0.00|0.04|-0.89|0.39|-0.36|0.01|0.00|0.00|0.00|1.26|-51.92|2.47|-51.93|0.00|-1.00|-4.00|-4.00|0.85|0.04|0.62|0.84|0.05|0.61
25.425805807113647|0.07|0.54|3.92|-4.42|-0.71|0.00|0.00|0.00|0.00|0.14|-0.21|-0.38|-0.49|0.01|0.00|0.00|0.00|1.28|-51.95|2.40|-52.01|0.00|-1.00|-4.00|-4.00|0.85|0.04|0.62|0.84|0.05|0.61
25.597343683242798|0.07|-1.47|4.05|0.35|4.69|0.00|0.00|0.00|0.00|-0.12|0.50|-0.32|0.33|0.01|0.00|0.00|0.00|1.26|-51.86|2.34|-51.96|0.00|-1.00|-4.00|-4.00|0.85|0.03|0.64|0.84|0.04|0.62
25.769883155822754|0.07|1.02|-3.68|5.11|0.31|0.00|0.00|0.00|0.00|0.06|-0.13|0.56|0.38|0.01|0.00|0.00|0.00|1.27|-51.89|2.44|-51.89|0.00|-1.00|-4.00|-4.00|0.85|0.04|0.62|0.83|0.05|0.62
25.945414304733276|0.07|-0.57|-2.59|-2.67|-3.61|0.00|0.00|0.00|0.00|-0.04|-0.57|0.10|-0.23|0.01|0.00|0.00|0.00|1.27|-51.98|2.46|-51.93|0.00|-1.00|-4.00|-4.00|0.84|0.03|0.63|0.83|0.05|0.61
26.11810302734375|0.07|0.59|4.76|-4.68|1.31|0.00|0.00|0.00|0.00|0.06|0.26|-0.72|-0.00|0.01|0.00|0.00|0.00|1.28|-51.94|2.33|-51.93|0.00|-1.00|-4.00|-4.00|0.86|0.03|0.62|0.84|0.06|0.61
26.28949737548828|0.07|0.56|-0.06|3.20|-0.82|0.00|0.00|0.00|0.00|0.16|0.25|-0.17|-0.14|0.01|0.00|0.00|0.00|1.30|-51.89|2.30|-51.96|0.00|-1.00|-4.00|-4.00|0.85|0.04|0.63|0.85|0.05|0.61
26.46203899383545|0.07|-0.40|-1.56|3.28|1.73|0.00|0.00|0.00|0.00|0.09|-0.02|0.39|0.15|0.01|0.00|0.00|0.00|1.32|-51.90|2.37|-51.93|0.00|-1.00|-4.00|-4.00|0.85|0.04|0.64|0.83|0.05|0.62
26.637566328048706|0.07|-0.06|-0.18|-2.95|-0.54|0.00|0.00|0.00|0.00|0.08|-0.05|-0.11|0.06|0.01|0.00|0.00|0.00|1.33|-51.91|2.35|-51.92|0.00|-1.00|-4.00|-4.00|0.84|0.04|0.63|0.84|0.05|0.62
26.810261487960815|0.07|-0.40|0.36|-0.89|-0.43|0.00|0.00|0.00|0.00|0.01|0.02|-0.27|-0.01|0.01|0.00|0.00|0.00|1.33|-51.90|2.30|-51.92|0.00|-1.00|-4.00|-4.00|0.85|0.04|0.62|0.84|0.05|0.61
26.981647729873657|0.07|-0.24|-0.74|1.98|1.07|0.00|0.00|0.00|0.00|-0.03|-0.11|0.08|0.17|0.01|0.00|0.00|0.00|1.33|-51.92|2.32|-51.89|0.00|-1.00|-4.00|-4.00|0.85|0.03|0.62|0.84|0.05|0.61
27.154191493988037|0.07|0.02|0.13|1.91|-0.46|0.00|0.00|0.00|0.00|-0.03|-0.09|0.41|0.09|0.01|0.00|0.00|0.00|1.32|-51.94|2.39|-51.88|0.00|-1.00|-4.00|-4.00|0.85|0.04|0.62|0.84|0.05|0.62
27.32573699951172|0.07|0.32|0.65|-2.35|1.56|0.00|0.00|0.00|0.00|0.03|0.02|0.01|0.36|0.01|0.00|0.00|0.00|1.33|-51.93|2.39|-51.81|0.00|-1.00|-4.00|-4.00|0.85|0.04|0.63|0.84|0.06|0.61
27.50240445137024|0.07|-1.18|-0.18|-1.34|-3.26|0.00|0.00|0.00|0.00|-0.17|-0.01|-0.22|-0.20|0.01|0.00|0.00|0.00|1.30|-51.94|2.35|-51.85|0.00|-1.00|-4.00|-4.00|0.85|0.04|0.63|0.84|0.05|0.61
27.673804759979248|0.07|2.33|-1.13|0.35|1.98|0.00|0.00|0.00|0.00|0.24|-0.21|-0.16|0.15|0.01|0.00|0.00|0.00|1.34|-51.97|2.32|-51.82|0.00|-1.00|-4.00|-4.00|0.85|0.04|0.63|0.85|0.05|0.61
27.846343517303467|0.07|-1.36|1.80|0.61|-0.84|0.00|0.00|0.00|0.00|0.00|0.10|-0.05|0.01|0.01|0.00|0.00|0.00|1.34|-51.95|2.32|-51.82|0.00|-1.00|-4.00|-4.00|0.84|0.04|0.63|0.84|0.05|0.62
28.013896465301514|0.07|-0.02|0.06|1.58|0.37|0.00|0.00|0.00|0.00|-0.00|0.11|0.22|0.07|0.01|0.00|0.00|0.00|1.34|-51.94|2.35|-51.81|0.00|-1.00|-4.00|-4.00|0.85|0.04|0.63|0.84|0.05|0.62
28.19056797027588|0.07|0.98|-0.93|-2.68|-0.27|0.00|0.00|0.00|0.00|0.17|-0.05|-0.24|0.03|0.01|0.00|0.00|0.00|1.37|-51.94|2.31|-51.80|0.00|-1.00|-4.00|-4.00|0.85|0.04|0.63|0.83|0.05|0.61
28.361963510513306|0.07|-1.26|0.76|0.65|-0.86|0.00|0.00|0.00|0.00|-0.05|0.09|-0.12|-0.12|0.01|0.00|0.00|0.00|1.36|-51.93|2.29|-51.82|0.00|-1.00|-4.00|-4.00|0.84|0.04|0.63|0.84|0.05|0.62
28.53450655937195|0.07|0.08|0.05|0.16|1.92|0.00|0.00|0.00|0.00|-0.04|0.10|-0.10|0.21|0.01|0.00|0.00|0.00|1.35|-51.91|2.27|-51.79|0.00|-1.00|-4.00|-4.00|0.84|0.04|0.63|0.83|0.05|0.60
28.702154874801636|0.07|0.55|0.73|0.65|0.25|0.00|0.00|0.00|0.00|0.05|0.22|0.01|0.25|0.01|0.00|0.00|0.00|1.36|-51.87|2.28|-51.74|0.00|-1.00|-4.00|-4.00|0.86|0.03|0.63|0.83|0.04|0.61
28.87463116645813|0.07|0.56|-1.85|0.23|-0.47|0.00|0.00|0.00|0.00|0.15|-0.09|0.05|0.17|0.01|0.00|0.00|0.00|1.39|-51.89|2.28|-51.71|0.00|-1.00|-4.00|-4.00|0.84|0.04|0.64|0.84|0.05|0.61
29.050272941589355|0.07|-2.05|-0.77|-0.02|-2.04|0.00|0.00|0.00|0.00|-0.20|-0.22|0.05|-0.18|0.01|0.00|0.00|0.00|1.35|-51.93|2.29|-51.74|0.00|-1.00|-4.00|-4.00|0.84|0.03|0.63|0.84|0.05|0.61
29.226660013198853|0.07|1.11|0.82|-1.85|0.98|0.00|0.00|0.00|0.00|-0.01|-0.08|-0.28|-0.00|0.01|0.00|0.00|0.00|1.35|-51.94|2.24|-51.75|0.00|-1.00|-4.00|-4.00|0.85|0.03|0.62|0.85|0.05|0.62
29.394212007522583|0.07|-0.12|0.48|2.90|0.86|0.00|0.00|0.00|0.00|-0.03|0.00|0.22|0.15|0.01|0.00|0.00|0.00|1.35|-51.94|2.28|-51.72|0.00|-1.00|-4.00|-4.00|0.85|0.04|0.63|0.84|0.05|0.62
29.570778369903564|0.07|-0.48|0.04|-0.01|-1.34|0.00|0.00|0.00|0.00|-0.11|0.01|0.22|-0.08|0.01|0.00|0.00|0.00|1.33|-51.94|2.32|-51.73|0.00|-1.00|-4.00|-4.00|0.85|0.04|0.62|0.84|0.05|0.61
29.74627184867859|0.07|-0.03|-0.50|-3.20|1.26|0.00|0.00|0.00|0.00|-0.12|-0.08|-0.33|0.14|0.01|0.00|0.00|0.00|1.31|-51.95|2.26|-51.71|0.00|-1.00|-4.00|-4.00|0.84|0.03|0.63|0.84|0.05|0.62
29.918699502944946|0.07|-0.16|0.90|2.61|-1.53|0.00|0.00|0.00|0.00|-0.15|0.08|0.12|-0.13|0.01|0.00|0.00|0.00|1.28|-51.94|2.28|-51.73|0.00|-1.00|-4.00|-4.00|0.85|0.03|0.63|0.84|0.04|0.60
30.091187477111816|0.07|1.98|-1.53|-0.80|0.52|0.00|0.00|0.00|0.00|0.20|-0.18|-0.02|-0.04|0.01|0.00|0.00|0.00|1.31|-51.97|2.28|-51.74|0.00|-1.00|-4.00|-4.00|0.85|0.04|0.62|0.84|0.05|0.61
30.266722440719604|0.07|-0.83|-0.99|0.73|-1.24|0.00|0.00|0.00|0.00|0.05|-0.35|0.11|-0.26|0.01|0.00|0.00|0.00|1.32|-52.03|2.30|-51.78|0.00|-1.00|-4.00|-4.00|0.85|0.04|0.63|0.84|0.05|0.61
30.439300060272217|0.05|-2.91|3.31|-1.46|0.99|0.00|0.00|0.00|0.00|-0.45|0.22|-0.15|-0.09|0.01|0.00|0.00|0.00|1.24|-51.99|2.27|-51.80|0.00|-1.00|-4.00|-4.00|0.84|0.02|0.63|0.83|0.05|0.61
30.610801458358765|0.07|0.54|7.17|-6.36|10.25|0.00|0.00|0.00|0.00|-0.36|1.46|-1.25|1.69|0.01|0.00|0.00|0.00|1.18|-51.74|2.06|-51.51|0.00|-1.00|-4.00|-4.00|0.84|0.03|0.64|0.83|0.05|0.60
30.783339500427246|0.07|2.22|-7.92|17.08|-7.09|0.00|0.00|0.00|0.00|0.03|0.09|1.71|0.46|0.01|0.00|0.00|0.00|1.19|-51.72|2.35|-51.43|0.00|-1.00|-4.00|-4.00|0.84|0.04|0.63|0.85|0.06|0.63
30.958874940872192|0.07|1.60|-7.19|-6.55|-7.80|0.00|0.00|0.00|0.00|0.30|-1.14|0.58|-0.88|0.01|0.00|0.00|0.00|1.24|-51.92|2.45|-51.58|0.00|-1.00|-4.00|-4.00|0.85|0.04|0.62|0.85|0.06|0.61
31.13141417503357|0.07|-0.41|4.57|-9.77|0.62|0.00|0.00|0.00|0.00|0.23|-0.35|-1.11|-0.78|0.01|0.00|0.00|0.00|1.28|-51.98|2.26|-51.71|0.00|-1.00|-4.00|-4.00|0.85|0.04|0.62|0.84|0.05|0.62
31.302955865859985|0.05|-1.65|7.72|3.19|9.33|0.00|0.00|0.00|0.00|-0.06|0.99|-0.55|0.85|0.01|0.00|0.00|0.00|1.27|-51.81|2.17|-51.57|0.00|-1.00|-4.00|-4.00|0.84|0.03|0.63|0.84|0.05|0.61
31.475560188293457|0.07|-0.35|-4.40|6.61|-1.60|0.00|0.00|0.00|0.00|-0.12|0.24|0.58|0.57|0.01|0.00|0.00|0.00|1.25|-51.77|2.26|-51.47|0.00|-1.00|-4.00|-4.00|0.85|0.04|0.63|0.84|0.05|0.62
31.651026487350464|0.07|2.69|-7.01|-0.49|-4.93|0.00|0.00|0.00|0.00|0.35|-0.97|0.49|-0.28|0.01|0.00|0.00|0.00|1.31|-51.94|2.35|-51.52|0.00|-1.00|-4.00|-4.00|0.84|0.04|0.63|0.85|0.06|0.62
31.827556610107422|0.07|-2.19|4.90|-6.45|-2.28|0.00|0.00|0.00|0.00|-0.03|-0.12|-0.63|-0.68|0.01|0.00|0.00|0.00|1.30|-51.96|2.24|-51.63|0.00|-1.00|-4.00|-4.00|0.85|0.03|0.62|0.84|0.05|0.61
31.9990975856781|0.07|-0.28|3.80|1.25|5.10|0.00|0.00|0.00|0.00|-0.08|0.54|-0.41|0.22|0.01|0.00|0.00|0.00|1.29|-51.86|2.17|-51.60|0.00|-1.00|-4.00|-4.00|0.85|0.03|0.63|0.84|0.04|0.61
32.17163705825806|0.07|0.29|-3.55|5.84|3.16|0.00|0.00|0.00|0.00|-0.03|-0.07|0.59|0.76|0.01|0.00|0.00|0.00|1.28|-51.87|2.27|-51.47|0.00|-1.00|-4.00|-4.00|0.84|0.04|0.63|0.85|0.05|0.61
32.34323573112488|0.07|-0.29|-2.24|0.60|-5.55|0.00|0.00|0.00|0.00|-0.08|-0.45|0.69|-0.19|0.01|0.00|0.00|0.00|1.27|-51.95|2.39|-51.50|0.00|-1.00|-4.00|-4.00|0.85|0.04|0.62|0.84|0.05|0.60
32.519707918167114|0.07|1.26|2.50|-8.34|-1.93|0.00|0.00|0.00|0.00|0.14|-0.01|-0.76|-0.53|0.01|0.00|0.00|0.00|1.29|-51.95|2.25|-51.59|0.00|-1.00|-4.00|-4.00|0.85|0.04|0.63|0.84|0.06|0.61
32.68736720085144|0.07|-0.08|1.24|2.80|4.03|0.00|0.00|0.00|0.00|0.12|0.21|-0.27|0.18|0.01|0.00|0.00|0.00|1.31|-51.92|2.21|-51.56|0.00|-1.00|-4.00|-4.00|0.85|0.04|0.62|0.83|0.04|0.63
32.86379098892212|0.07|-0.98|-0.29|5.16|-0.36|0.00|0.00|0.00|0.00|-0.04|0.16|0.60|0.11|0.01|0.00|0.00|0.00|1.30|-51.89|2.31|-51.54|0.00|-1.00|-4.00|-4.00|0.84|0.04|0.63|0.84|0.04|0.62
33.0353319644928|0.07|-0.06|-1.31|-2.96|0.00|0.00|0.00|0.00|0.00|-0.05|-0.07|0.09|0.11|0.01|0.00|0.00|0.00|1.30|-51.90|2.32|-51.52|0.00|-1.00|-4.00|-4.00|0.84|0.04|0.63|0.84|0.06|0.60
33.20796203613281|0.07|1.53|0.47|-3.05|-3.02|0.00|0.00|0.00|0.00|0.21|0.01|-0.44|-0.41|0.01|0.00|0.00|0.00|1.33|-51.90|2.25|-51.59|0.00|-1.00|-4.00|-4.00|0.85|0.04|0.62|0.84|0.05|0.62
33.38340210914612|0.07|-0.91|-0.69|2.24|2.11|0.00|0.00|0.00|0.00|0.05|-0.11|-0.05|-0.04|0.01|0.00|0.00|0.00|1.34|-51.92|2.24|-51.60|0.00|-1.00|-4.00|-4.00|0.84|0.04|0.63|0.84|0.04|0.61
33.55597257614136|0.07|-1.29|1.06|1.26|-0.87|0.00|0.00|0.00|0.00|-0.17|0.08|0.17|-0.19|0.01|0.00|0.00|0.00|1.31|-51.90|2.27|-51.63|0.00|-1.00|-4.00|-4.00|0.85|0.04|0.63|0.84|0.05|0.61
33.72753715515137|0.07|1.68|0.68|-1.26|2.64|0.00|0.00|0.00|0.00|0.12|0.19|-0.05|0.26|0.01|0.00|0.00|0.00|1.33|-51.87|2.26|-51.59|0.00|-1.00|-4.00|-4.00|0.85|0.03|0.63|0.84|0.05|0.62
33.90401220321655|0.07|-0.74|-0.31|-0.60|-2.69|0.00|0.00|0.00|0.00|-0.01|0.14|-0.15|-0.20|0.01|0.00|0.00|0.00|1.33|-51.85|2.24|-51.62|0.00|-1.00|-4.00|-4.00|0.84|0.04|0.63|0.84|0.05|0.61
34.07555437088013|0.07|-0.04|-0.91|0.17|1.53|0.00|0.00|0.00|0.00|-0.02|-0.02|-0.12|0.07|0.01|0.00|0.00|0.00|1.33|-51.85|2.22|-51.61|0.00|-1.00|-4.00|-4.00|0.85|0.04|0.62|0.84|0.05|0.61
34.248090982437134|0.07|0.17|-0.56|1.12|0.78|0.00|0.00|0.00|0.00|0.01|-0.12|0.08|0.21|0.01|0.00|0.00|0.00|1.33|-51.87|2.23|-51.57|0.00|-1.00|-4.00|-4.00|0.85|0.04|0.63|0.84|0.05|0.61
34.41963601112366|0.07|-0.59|0.79|-0.91|-0.55|0.00|0.00|0.00|0.00|-0.09|0.02|-0.08|0.11|0.01|0.00|0.00|0.00|1.31|-51.87|2.22|-51.55|0.00|-1.00|-4.00|-4.00|0.85|0.04|0.63|0.84|0.05|0.62
34.59217143058777|0.07|0.68|-1.23|1.27|0.82|0.00|0.00|0.00|0.00|0.03|-0.19|0.14|0.25|0.01|0.00|0.00|0.00|1.32|-51.90|2.24|-51.51|0.00|-1.00|-4.00|-4.00|0.84|0.04|0.62|0.84|0.05|0.62
34.76379871368408|0.07|0.41|0.98|-1.15|-1.04|0.00|0.00|0.00|0.00|0.10|-0.03|-0.06|0.08|0.01|0.00|0.00|0.00|1.33|-51.90|2.23|-51.50|0.00|-1.00|-4.00|-4.00|0.85|0.04|0.62|0.84|0.05|0.61
34.936256647109985|0.07|-0.25|0.71|1.45|-1.02|0.00|0.00|0.00|0.00|0.06|0.10|0.19|-0.10|0.01|0.00|0.00|0.00|1.34|-51.89|2.26|-51.51|0.00|-1.00|-4.00|-4.00|0.84|0.03|0.63|0.83|0.05|0.60
35.111836194992065|0.07|-0.35|-0.41|-1.78|2.01|0.00|0.00|0.00|0.00|-0.00|0.03|-0.11|0.25|0.01|0.00|0.00|0.00|1.34|-51.88|2.24|-51.47|0.00|-1.00|-4.00|-4.00|0.85|0.03|0.62|0.85|0.05|0.62
35.28037929534912|0.07|0.27|0.34|1.10|-0.44|0.00|0.00|0.00|0.00|0.04|0.09|0.08|0.17|0.01|0.00|0.00|0.00|1.35|-51.87|2.26|-51.44|0.00|-1.00|-4.00|-4.00|0.84|0.03|0.62|0.85|0.05|0.61
35.45586943626404|0.07|-1.12|-0.74|-1.32|-1.67|0.00|0.00|0.00|0.00|-0.15|-0.04|-0.15|-0.11|0.01|0.00|0.00|0.00|1.33|-51.88|2.23|-51.46|0.00|-1.00|-4.00|-4.00|0.85|0.04|0.63|0.84|0.05|0.62
35.6284544467926|0.07|0.20|0.17|1.00|-0.22|0.00|0.00|0.00|0.00|-0.11|-0.01|0.03|-0.15|0.01|0.00|0.00|0.00|1.31|-51.88|2.24|-51.49|0.00|-1.00|-4.00|-4.00|0.84|0.04|0.63|0.84|0.05|0.61
35.80002546310425|0.07|1.13|0.46|0.56|1.30|0.00|0.00|0.00|0.00|0.08|0.07|0.13|0.07|0.01|0.00|0.00|0.00|1.32|-51.87|2.26|-51.47|0.00|-1.00|-4.00|-4.00|0.85|0.03|0.63|0.84|0.05|0.62
35.97647953033447|0.07|-0.73|-0.45|-1.27|-1.60|0.00|0.00|0.00|0.00|-0.04|-0.01|-0.09|-0.20|0.01|0.00|0.00|0.00|1.31|-51.87|2.25|-51.51|0.00|-1.00|-4.00|-4.00|0.86|0.03|0.62|0.83|0.05|0.62
36.153008222579956|0.05|4.36|-14.11|8.62|-11.53|0.00|0.00|0.00|0.00|0.73|-2.50|1.44|-2.24|0.01|0.00|0.00|0.00|1.44|-52.31|2.50|-51.90|0.00|-1.00|-4.00|-4.00|0.82|0.03|0.65|0.81|0.04|0.62
36.324546337127686|0.07|-4.61|20.35|-24.35|17.88|0.00|0.00|0.00|0.00|-0.07|1.06|-2.82|0.89|0.01|0.00|0.00|0.00|1.43|-52.13|2.01|-51.75|0.00|-1.00|-4.00|-4.00|0.86|0.03|0.62|0.86|0.08|0.61
36.49708676338196|0.07|0.93|6.97|8.72|-0.44|0.00|0.00|0.00|0.00|0.09|2.28|-1.29|0.81|0.01|0.00|0.00|0.00|1.45|-51.72|1.78|-51.60|0.00|-1.00|-4.00|-4.00|0.85|0.04|0.61|0.87|0.03|0.60
36.66863179206848|0.05|0.66|-8.89|15.48|-0.03|0.00|0.00|0.00|0.00|0.20|0.77|1.34|0.81|0.01|0.00|0.00|0.00|1.48|-51.59|2.01|-51.47|0.00|-1.00|-4.00|-4.00|0.83|0.03|0.66|0.81|-0.00|0.64
36.845247745513916|0.05|-0.70|-14.57|0.61|-2.46|0.00|0.00|0.00|0.00|0.08|-1.75|1.45|0.38|0.01|0.00|0.00|0.00|1.50|-51.90|2.26|-51.40|0.00|-1.00|-4.00|-4.00|0.85|0.03|0.64|0.83|0.05|0.61
37.020691871643066|0.07|-0.12|4.44|-11.43|-8.92|0.00|0.00|0.00|0.00|0.06|-0.98|-0.54|-1.17|0.01|0.00|0.00|0.00|1.51|-52.07|2.17|-51.60|0.00|-1.00|-4.00|-4.00|0.86|0.05|0.60|0.85|0.06|0.59
37.19323229789734|0.07|0.08|10.70|-0.22|4.24|0.00|0.00|0.00|0.00|0.07|0.90|-0.58|-0.43|0.01|0.00|0.00|0.00|1.52|-51.91|2.07|-51.68|0.00|-1.00|-4.00|-4.00|0.86|0.04|0.62|0.85|0.05|0.60
37.36476993560791|0.05|-0.72|-5.37|3.35|7.92|0.00|0.00|0.00|0.00|-0.05|-0.03|0.00|0.94|0.01|0.00|0.00|0.00|1.51|-51.92|2.07|-51.52|0.00|-1.00|-4.00|-4.00|0.84|0.03|0.64|0.83|0.05|0.63
37.53731560707092|0.07|0.87|-3.34|5.43|-2.34|0.00|0.00|0.00|0.00|0.10|-0.61|0.94|0.54|0.01|0.00|0.00|0.00|1.53|-52.02|2.23|-51.42|0.00|-1.00|-4.00|-4.00|0.84|0.04|0.63|0.83|0.06|0.63
37.70885467529297|0.07|0.11|5.01|-4.65|-5.34|0.00|0.00|0.00|0.00|0.12|0.25|0.14|-0.38|0.01|0.00|0.00|0.00|1.55|-51.98|2.25|-51.49|0.00|-1.00|-4.00|-4.00|0.85|0.04|0.62|0.84|0.06|0.61
37.8853862285614|0.07|-1.53|-0.66|-5.64|-1.99|0.00|0.00|0.00|0.00|-0.14|0.14|-0.83|-0.72|0.01|0.00|0.00|0.00|1.52|-51.95|2.11|-51.61|0.00|-1.00|-4.00|-4.00|0.84|0.04|0.64|0.84|0.05|0.61
38.056925535202026|0.07|2.25|-1.45|4.99|5.96|0.00|0.00|0.00|0.00|0.25|-0.11|0.04|0.32|0.01|0.00|0.00|0.00|1.57|-51.97|2.12|-51.56|0.00|-1.00|-4.00|-4.00|0.84|0.04|0.64|0.84|0.05|0.63
38.2294647693634|0.07|-0.11|-1.43|3.85|-2.53|0.00|0.00|0.00|0.00|0.23|-0.36|0.70|-0.11|0.01|0.00|0.00|0.00|1.61|-52.03|2.24|-51.58|0.00|-1.00|-4.00|-4.00|0.85|0.04|0.62|0.84|0.05|0.61
38.40105652809143|0.05|-2.13|4.32|-6.27|1.90|0.00|0.00|0.00|0.00|-0.14|0.39|-0.38|0.22|0.01|0.00|0.00|0.00|1.58|-51.97|2.17|-51.54|0.00|-1.00|-4.00|-4.00|0.84|0.04|0.63|0.85|0.06|0.61
38.5776789188385|0.08|0.23|-0.78|1.45|-2.12|0.00|0.00|0.00|0.00|-0.10|0.25|-0.13|-0.15|0.01|0.00|0.00|0.00|1.56|-51.92|2.15|-51.56|0.00|-1.00|-4.00|-4.00|0.84|0.04|0.63|0.85|0.05|0.61
38.74912357330322|0.07|1.25|-1.38|1.71|-1.16|0.00|0.00|0.00|0.00|0.12|0.01|0.16|-0.35|0.01|0.00|0.00|0.00|1.59|-51.92|2.17|-51.63|0.00|-1.00|-4.00|-4.00|0.85|0.03|0.63|0.84|0.05|0.61
38.9256067276001|0.07|-1.98|-0.11|-0.28|1.95|0.00|0.00|0.00|0.00|-0.22|-0.01|0.12|-0.02|0.01|0.00|0.00|0.00|1.55|-51.92|2.19|-51.63|0.00|-1.00|-4.00|-4.00|0.85|0.04|0.62|0.85|0.05|0.61
39.093260765075684|0.07|1.18|1.07|-1.31|1.36|0.00|0.00|0.00|0.00|-0.01|0.18|-0.11|0.22|0.01|0.00|0.00|0.00|1.55|-51.89|2.17|-51.59|0.00|-1.00|-4.00|-4.00|0.85|0.04|0.63|0.84|0.05|0.62
39.26581573486328|0.07|1.30|-2.25|1.68|0.48|0.00|0.00|0.00|0.00|0.21|-0.20|0.18|0.30|0.01|0.00|0.00|0.00|1.58|-51.92|2.20|-51.54|0.00|-1.00|-4.00|-4.00|0.85|0.04|0.64|0.84|0.05|0.62
39.44123029708862|0.07|-1.79|-0.03|-1.70|-3.99|0.00|0.00|0.00|0.00|-0.10|-0.21|-0.12|-0.38|0.01|0.00|0.00|0.00|1.57|-51.96|2.18|-51.60|0.00|-1.00|-4.00|-4.00|0.85|0.03|0.62|0.84|0.05|0.61
39.61391735076904|0.07|-0.84|2.81|0.84|1.76|0.00|0.00|0.00|0.00|-0.25|0.29|0.03|-0.07|0.01|0.00|0.00|0.00|1.52|-51.91|2.19|-51.62|0.00|-1.00|-4.00|-4.00|0.85|0.04|0.63|0.84|0.05|0.61
39.78630542755127|0.07|2.46|-1.40|1.07|1.08|0.00|0.00|0.00|0.00|0.17|0.05|0.22|0.12|0.01|0.00|0.00|0.00|1.55|-51.90|2.23|-51.60|0.00|-1.00|-4.00|-4.00|0.84|0.04|0.63|0.84|0.05|0.61
39.95785093307495|0.07|-1.99|-0.06|0.58|-1.09|0.00|0.00|0.00|0.00|-0.16|0.04|0.31|-0.07|0.01|0.00|0.00|0.00|1.52|-51.89|2.28|-51.61|0.00|-1.00|-4.00|-4.00|0.85|0.04|0.63|0.83|0.04|0.61
40.133411169052124|0.07|0.81|-0.46|-4.01|-0.17|0.00|0.00|0.00|0.00|-0.02|-0.04|-0.38|-0.10|0.01|0.00|0.00|0.00|1.52|-51.90|2.22|-51.63|0.00|-1.00|-4.00|-4.00|0.85|0.04|0.63|0.84|0.05|0.61
40.305922508239746|0.07|0.95|0.74|0.96|0.18|0.00|0.00|0.00|0.00|0.14|0.10|-0.21|-0.07|0.01|0.00|0.00|0.00|1.54|-51.88|2.18|-51.64|0.00|-1.00|-4.00|-4.00|0.85|0.04|0.63|0.84|0.05|0.61
40.48149800300598|0.07|-1.16|-1.05|1.85|-0.31|0.00|0.00|0.00|0.00|-0.05|-0.08|0.10|-0.12|0.01|0.00|0.00|0.00|1.53|-51.90|2.20|-51.66|0.00|-1.00|-4.00|-4.00|0.84|0.03|0.62|0.84|0.05|0.62
40.65000343322754|0.07|1.32|1.22|0.73|0.77|0.00|0.00|0.00|0.00|0.18|0.13|0.23|0.01|0.01|0.00|0.00|0.00|1.57|-51.87|2.24|-51.66|0.00|-1.00|-4.00|-4.00|0.84|0.04|0.63|0.84|0.06|0.62
40.8215446472168|0.07|-0.73|-0.50|-2.03|-0.91|0.00|0.00|0.00|0.00|0.05|0.04|-0.11|-0.14|0.01|0.00|0.00|0.00|1.57|-51.87|2.22|-51.68|0.00|-1.00|-4.00|-4.00|0.85|0.04|0.63|0.85|0.05|0.61
40.99812698364258|0.07|-0.25|-0.45|-1.35|-0.54|0.00|0.00|0.00|0.00|0.01|-0.03|-0.35|-0.23|0.01|0.00|0.00|0.00|1.58|-51.87|2.16|-51.72|0.00|-1.00|-4.00|-4.00|0.84|0.03|0.63|0.84|0.05|0.61
41.17364716529846|0.07|-0.93|-2.34|4.39|0.52|0.00|0.00|0.00|0.00|-0.15|-0.44|0.43|-0.14|0.01|0.00|0.00|0.00|1.55|-51.95|2.23|-51.74|0.00|-1.00|-4.00|-4.00|0.85|0.05|0.62|0.84|0.05|0.62
41.346144676208496|0.07|1.09|5.44|-3.58|3.06|0.00|0.00|0.00|0.00|0.04|0.50|-0.20|0.39|0.01|0.00|0.00|0.00|1.56|-51.86|2.20|-51.68|0.00|-1.00|-4.00|-4.00|0.85|0.04|0.63|0.84|0.05|0.62
41.51768684387207|0.07|-0.83|-2.04|4.71|-2.21|0.00|0.00|0.00|0.00|-0.10|0.16|0.60|0.02|0.01|0.00|0.00|0.00|1.54|-51.84|2.30|-51.67|0.00|-1.00|-4.00|-4.00|0.85|0.03|0.63|0.84|0.05|0.61
41.694215297698975|0.07|0.62|-2.83|-7.19|-2.08|0.00|0.00|0.00|0.00|0.00|-0.33|-0.64|-0.34|0.01|0.00|0.00|0.00|1.54|-51.89|2.19|-51.73|0.00|-1.00|-4.00|-4.00|0.85|0.04|0.63|0.84|0.05|0.62
41.86677932739258|0.07|-1.25|2.93|1.87|1.00|0.00|0.00|0.00|0.00|-0.21|0.18|-0.31|-0.17|0.01|0.00|0.00|0.00|1.50|-51.86|2.14|-51.76|0.00|-1.00|-4.00|-4.00|0.85|0.04|0.61|0.85|0.05|0.60
42.0343074798584|0.05|0.77|3.92|4.58|6.39|0.00|0.00|0.00|0.00|-0.08|0.85|0.48|0.93|0.01|0.00|0.00|0.00|1.49|-51.71|2.22|-51.60|0.00|-1.00|-4.00|-4.00|0.84|0.04|0.63|0.83|0.04|0.62
42.20984077453613|0.07|-0.44|-7.42|4.16|-4.56|0.00|0.00|0.00|0.00|-0.15|-0.40|1.18|0.16|0.01|0.00|0.00|0.00|1.46|-51.78|2.42|-51.57|0.00|-1.00|-4.00|-4.00|0.84|0.03|0.63|0.84|0.05|0.61
42.38644981384277|0.07|-0.17|-3.74|-10.38|-6.31|0.00|0.00|0.00|0.00|-0.18|-1.05|-0.62|-0.93|0.01|0.00|0.00|0.00|1.43|-51.96|2.31|-51.74|0.00|-1.00|-4.00|-4.00|0.85|0.03|0.62|0.84|0.06|0.61
42.562928438186646|0.07|0.30|12.11|-0.13|10.01|0.00|0.00|0.00|0.00|-0.13|1.12|-0.65|0.86|0.01|0.00|0.00|0.00|1.41|-51.77|2.19|-51.58|0.00|-1.00|-4.00|-4.00|0.85|0.04|0.62|0.84|0.05|0.61
42.73044466972351|0.07|1.66|-5.48|9.80|-1.79|0.00|0.00|0.00|0.00|0.16|0.17|1.05|0.55|0.01|0.00|0.00|0.00|1.43|-51.74|2.38|-51.49|0.00|-1.00|-4.00|-4.00|0.85|0.04|0.62|0.84|0.05|0.61
42.90697693824768|0.07|-0.41|-5.22|-4.37|-4.88|0.00|0.00|0.00|0.00|0.09|-0.72|0.30|-0.29|0.01|0.00|0.00|0.00|1.45|-51.86|2.43|-51.54|0.00|-1.00|-4.00|-4.00|0.84|0.03|0.62|0.84|0.05|0.61
43.08256244659424|0.07|-0.90|5.17|-4.51|-0.57|0.00|0.00|0.00|0.00|-0.07|0.18|-0.48|-0.39|0.01|0.00|0.00|0.00|1.44|-51.83|2.34|-51.60|0.00|-1.00|-4.00|-4.00|0.86|0.04|0.62|0.83|0.05|0.62
43.25108242034912|0.07|0.37|2.18|2.19|3.76|0.00|0.00|0.00|0.00|-0.01|0.56|-0.10|0.27|0.01|0.00|0.00|0.00|1.44|-51.73|2.33|-51.56|0.00|-1.00|-4.00|-4.00|0.84|0.03|0.62|0.84|0.05|0.61
43.42667078971863|0.07|-0.28|-4.42|1.91|-0.63|0.00|0.00|0.00|0.00|-0.05|-0.20|0.23|0.16|0.01|0.00|0.00|0.00|1.43|-51.77|2.36|-51.53|0.00|-1.00|-4.00|-4.00|0.84|0.04|0.63|0.83|0.05|0.61
43.599130153656006|0.07|0.93|-0.42|-0.28|-3.16|0.00|0.00|0.00|0.00|0.11|-0.27|0.18|-0.38|0.01|0.00|0.00|0.00|1.44|-51.81|2.39|-51.60|0.00|-1.00|-4.00|-4.00|0.85|0.03|0.63|0.84|0.05|0.61
43.77468681335449|0.07|-1.57|2.78|-4.54|-0.58|0.00|0.00|0.00|0.00|-0.17|0.21|-0.61|-0.48|0.01|0.00|0.00|0.00|1.42|-51.78|2.29|-51.68|0.00|-1.00|-4.00|-4.00|0.85|0.03|0.62|0.84|0.04|0.61
43.94720101356506|0.07|1.17|-1.06|4.69|1.07|0.00|0.00|0.00|0.00|0.04|0.02|0.21|-0.30|0.01|0.00|0.00|0.00|1.42|-51.77|2.32|-51.73|0.00|-1.00|-4.00|-4.00|0.85|0.04|0.63|0.84|0.05|0.61
44.11475157737732|0.07|0.09|-1.53|1.47|3.32|0.00|0.00|0.00|0.00|0.05|-0.24|0.46|0.27|0.01|0.00|0.00|0.00|1.43|-51.81|2.40|-51.69|0.00|-1.00|-4.00|-4.00|0.84|0.04|0.62|0.84|0.05|0.62
44.29128360748291|0.07|-0.26|-0.26|-2.16|-2.72|0.00|0.00|0.00|0.00|0.01|-0.28|0.09|-0.20|0.01|0.00|0.00|0.00|1.43|-51.86|2.42|-51.72|0.00|-1.00|-4.00|-4.00|0.84|0.04|0.62|0.84|0.05|0.61
44.46294021606445|0.07|-0.43|3.75|-2.68|1.44|0.00|0.00|0.00|0.00|-0.07|0.37|-0.38|0.05|0.01|0.00|0.00|0.00|1.42|-51.80|2.35|-51.71|0.00|-1.00|-4.00|-4.00|0.85|0.04|0.63|0.83|0.04|0.62
44.635363817214966|0.07|0.91|-3.85|4.40|-0.67|0.00|0.00|0.00|0.00|0.09|-0.29|0.38|-0.06|0.01|0.00|0.00|0.00|1.44|-51.85|2.42|-51.72|0.00|-1.00|-4.00|-4.00|0.85|0.03|0.63|0.84|0.05|0.61
44.8108913898468|0.07|-0.94|-0.38|-2.65|0.35|0.00|0.00|0.00|0.00|-0.07|-0.36|-0.07|-0.00|0.01|0.00|0.00|0.00|1.43|-51.91|2.40|-51.72|0.00|-1.00|-4.00|-4.00|0.85|0.04|0.63|0.84|0.05|0.61
44.98756647109985|0.07|0.74|3.41|-1.17|-1.49|0.00|0.00|0.00|0.00|0.06|0.24|-0.28|-0.27|0.01|0.00|0.00|0.00|1.44|-51.87|2.36|-51.77|0.00|-1.00|-4.00|-4.00|0.84|0.04|0.63|0.85|0.05|0.61
45.15996861457825|0.07|-3.05|11.06|-1.91|15.61|0.00|0.00|0.00|0.00|-0.47|2.15|-0.61|2.44|0.01|0.00|0.00|0.00|1.35|-51.49|2.25|-51.35|0.00|-1.00|-4.00|-4.00|0.86|0.04|0.60|0.87|0.07|0.58
45.33555483818054|0.07|0.91|-10.89|8.53|-11.56|0.00|0.00|0.00|0.00|-0.31|0.26|0.87|0.42|0.01|0.00|0.00|0.00|1.30|-51.45|2.40|-51.27|0.00|-1.00|-4.00|-4.00|0.84|0.03|0.65|0.81|0.04|0.64
